C1431410.001623
Gadanki 14/03/2014 09:59:46 14/03/2014 10:00:16 0375 0079.2 0013.5 00
0000000 0020 0000600 0020 01
1 0 2 02000 1 0000 0030 00532.o 0 0 00 000 14 000600 0.500 BT0
532.000 .o analog 0 
  2.9548
 21.2213
 18.6093
 11.3782
 13.1871
 14.9323
 19.0268
 31.1020
 42.8190
 45.8490
 43.6545
 39.5496
 34.9928
 30.7950
 27.3526
 24.3403
 21.7927
 19.4530
 17.5548
 15.8012
 14.4857
 13.2331
 12.1977
 11.2679
 10.3315
  9.6988
  9.2176
  8.7346
  8.2092
  7.8190
  7.4639
  6.9967
  6.5755
  6.2379
  6.0082
  5.8510
  5.7233
  5.5590
  5.4372
  5.3165
  5.2443
  5.1283
  4.9600
  4.8218
  4.6618
  4.5791
  4.5071
  4.3698
  4.3459
  4.2816
  4.1483
  4.1161
  4.0789
  4.1089
  4.1003
  4.0239
  3.9319
  3.8829
  3.9302
  3.8858
  3.7948
  3.7094
  3.6911
  3.7024
  3.6367
  3.5924
  3.5471
  3.5478
  3.5376
  3.5069
  3.4990
  3.4456
  3.4312
  3.3907
  3.3898
  3.3711
  3.3574
  3.3545
  3.3301
  3.3507
  3.3420
  3.3708
  3.3243
  3.2703
  3.2597
  3.2244
  3.2425
  3.2246
  3.2335
  3.1966
  3.1971
  3.2009
  3.1922
  3.1897
  3.1701
  3.1649
  3.1708
  3.1588
  3.1642
  3.1523
  3.1386
  3.1245
  3.1408
  3.1282
  3.1251
  3.1270
  3.1173
  3.1195
  3.1078
  3.0950
  3.1023
  3.1025
  3.0994
  3.1075
  3.0958
  3.1048
  3.0763
  3.0873
  3.0883
  3.0850
  3.0893
  3.0705
  3.0704
  3.0720
  3.0598
  3.0705
  3.0638
  3.0629
  3.0571
  3.0668
  3.0568
  3.0572
  3.0543
  3.0518
  3.0441
  3.0426
  3.0585
  3.0462
  3.0380
  3.0505
  3.0504
  3.0368
  3.0477
  3.0317
  3.0371
  3.0296
  3.0324
  3.0304
  3.0308
  3.0207
  3.0260
  3.0209
  3.0327
  3.0309
  3.0431
  3.0253
  3.0314
  3.0215
  3.0352
  3.0419
  3.0203
  3.0246
  3.0262
  3.0051
  3.0161
  3.0143
  3.0154
  3.0085
  3.0125
  3.0059
  3.0107
  3.0067
  3.0037
  3.0041
  3.0107
  3.0108
  3.0209
  3.0194
  3.0051
  3.0102
  3.0075
  3.0108
  3.0076
  3.0077
  3.0057
  3.0074
  2.9995
  3.0098
  2.9990
  3.0112
  3.0018
  2.9915
  3.0058
  2.9892
  2.9926
  2.9959
  2.9942
  2.9916
  2.9898
  2.9890
  2.9963
  2.9901
  3.0054
  2.9905
  2.9947
  2.9874
  2.9916
  3.0005
  2.9924
  2.9890
  2.9904
  2.9999
  2.9782
  2.9945
  2.9790
  2.9943
  2.9870
  2.9826
  2.9932
  2.9881
  2.9913
  2.9868
  2.9915
  2.9870
  2.9977
  2.9783
  2.9845
  2.9841
  2.9857
  2.9971
  2.9807
  2.9823
  2.9851
  2.9910
  2.9863
  2.9852
  2.9822
  2.9849
  2.9812
  2.9778
  2.9756
  2.9814
  2.9836
  2.9840
  2.9762
  2.9808
  2.9854
  2.9874
  2.9742
  2.9744
  2.9759
  2.9665
  2.9770
  2.9883
  2.9737
  2.9748
  2.9767
  2.9775
  2.9751
  2.9815
  2.9927
  2.9858
  2.9876
  2.9824
  2.9800
  2.9683
  2.9743
  2.9819
  2.9747
  2.9723
  2.9806
  2.9788
  2.9744
  2.9840
  2.9716
  2.9789
  2.9870
  2.9839
  2.9822
  2.9770
  2.9795
  2.9783
  2.9745
  2.9815
  2.9849
  2.9724
  2.9728
  2.9818
  2.9758
  2.9741
  2.9630
  2.9802
  2.9699
  2.9821
  2.9780
  2.9712
  2.9846
  2.9781
  2.9794
  2.9848
  2.9747
  2.9770
  2.9687
  2.9758
  2.9698
  2.9762
  2.9618
  2.9715
  2.9731
  2.9626
  2.9715
  2.9706
  2.9762
  2.9717
  2.9767
  2.9743
  2.9686
  2.9689
  2.9735
  2.9731
  2.9619
  2.9569
  2.9837
  2.9714
  2.9676
  2.9779
  2.9759
  2.9706
  2.9658
  2.9689
  2.9654
  2.9709
  2.9701
  2.9647
  2.9695
  2.9654
  2.9694
  2.9674
  2.9729
  2.9743
  2.9627
  2.9724
  2.9668
  2.9681
  2.9787
  2.9763
  2.9725
  2.9663
  2.9726
  2.9815
  2.9700
  2.9681
  2.9759
  2.9609
  2.9720
  2.9831
  2.9744
  2.9751
  2.9712
  2.9659
  2.9671
  2.9755
  2.9624
  2.9724
  2.9687
  2.9638
  2.9675
  2.9567
  2.9716
  2.9602
  2.9583
  2.9691
  2.9732
  2.9673
  2.9727
  2.9598
  2.9696
  2.9676
  2.9684
  2.9624
  2.9682
  2.9619
  2.9574
  2.9664
  2.9591
  2.9667
  2.9785
  2.9722
  2.9635
  2.9671
  2.9740
  2.9669
  2.9741
  2.9777
  2.9632
  2.9668
  2.9731
  2.9697
  2.9721
  2.9603
  2.9613
  2.9646
  2.9590
  2.9666
  2.9700
  2.9712
  2.9769
  2.9688
  2.9798
  2.9727
  2.9651
  2.9716
  2.9706
  2.9709
  2.9650
  2.9722
  2.9646
  2.9754
  2.9536
  2.9512
  2.9643
  2.9725
  2.9691
  2.9675
  2.9629
  2.9709
  2.9679
  2.9585
  2.9597
  2.9751
  2.9765
  2.9766
  2.9628
  2.9713
  2.9703
  2.9696
  2.9678
  2.9782
  2.9685
  2.9664
  2.9683
  2.9644
  2.9625
  2.9542
  2.9621
  2.9597
  2.9670
  2.9536
  2.9624
  2.9700
  2.9695
  2.9645
  2.9728
  2.9672
  2.9656
  2.9683
  2.9669
  2.9604
  2.9706
  2.9693
  2.9612
  2.9610
  2.9596
  2.9756
  2.9706
  2.9584
  2.9552
  2.9707
  2.9617
  2.9644
  2.9767
  2.9752
  2.9568
  2.9713
  2.9714
  2.9655
  2.9665
  2.9671
  2.9685
  2.9694
  2.9664
  2.9741
  2.9617
  2.9758
  2.9661
  2.9679
  2.9750
  2.9587
  2.9721
  2.9655
  2.9619
  2.9668
  2.9720
  2.9649
  2.9721
  2.9823
  2.9798
  2.9614
  2.9670
  2.9602
  2.9534
  2.9788
  2.9742
  2.9656
  2.9773
  2.9648
  2.9739
  2.9652
  2.9669
  2.9837
  2.9689
  2.9687
  2.9678
  2.9624
  2.9760
  2.9726
  2.9650
  2.9744
  2.9719
  2.9682
  2.9592
  2.9677
  2.9640
  2.9696
  2.9771
  2.9684
  2.9617
  2.9624
  2.9621
  2.9585
  2.9655
  2.9723
  2.9587
  2.9643
  2.9761
  2.9706
  2.9763
  2.9554
  2.9587
  2.9628
  2.9665
  2.9651
  2.9757
  2.9708
  2.9590
  2.9618
  2.9648
  2.9628
  2.9691
  2.9683
  2.9635
  2.9573
  2.9732
  2.9630
  2.9596
  2.9654
  2.9731
  2.9646
  2.9644
  2.9673
  2.9693
  2.9645
  2.9567
  2.9588
  2.9622
  2.9605
  2.9726
  2.9746
  2.9688
  2.9472
  2.9663
  2.9665
  2.9633
  2.9763
  2.9632
  2.9632
  2.9651
  2.9811
  2.9615
  2.9708
  2.9718
  2.9607
  2.9756
  2.9639
  2.9619
  2.9789
  2.9697
  2.9617
  2.9639
  2.9623
  2.9661
  2.9698
  2.9644
  2.9741
  2.9603
  2.9629
  2.9664
  2.9580
  2.9824
  2.9642
  2.9669
  2.9701
  2.9608
  2.9635
  2.9764
  2.9698
  2.9578
  2.9707
  2.9606
  2.9766
  2.9609
  2.9713
  2.9686
  2.9610
  2.9641
  2.9699
  2.9622
  2.9597
  2.9603
  2.9719
  2.9563
  2.9515
  2.9637
  2.9711
  2.9500
  2.9623
  2.9712
  2.9748
  2.9683
  2.9730
  2.9656
  2.9718
  2.9656
  2.9628
  2.9607
  2.9657
  2.9627
  2.9765
  2.9643
  2.9618
  2.9690
  2.9623
  2.9631
  2.9520
  2.9684
  2.9662
  2.9754
  2.9576
  2.9659
  2.9551
  2.9659
  2.9668
  2.9569
  2.9708
  2.9602
  2.9634
  2.9716
  2.9707
  2.9604
  2.9607
  2.9671
  2.9572
  2.9596
  2.9553
  2.9597
  2.9604
  2.9678
  2.9619
  2.9678
  2.9565
  2.9571
  2.9573
  2.9598
  2.9598
  2.9639
  2.9631
  2.9654
  2.9625
  2.9716
  2.9558
  2.9669
  2.9696
  2.9660
  2.9731
  2.9598
  2.9655
  2.9700
  2.9679
  2.9671
  2.9661
  2.9545
  2.9693
  2.9624
  2.9745
  2.9581
  2.9618
  2.9679
  2.9569
  2.9586
  2.9694
  2.9568
  2.9609
  2.9664
  2.9739
  2.9651
  2.9579
  2.9598
  2.9588
  2.9584
  2.9663
  2.9687
  2.9727
  2.9677
  2.9716
  2.9667
  2.9735
  2.9627
  2.9576
  2.9697
  2.9732
  2.9679
  2.9644
  2.9641
  2.9709
  2.9701
  2.9551
  2.9616
  2.9648
  2.9660
  2.9654
  2.9573
  2.9707
  2.9644
  2.9640
  2.9742
  2.9556
  2.9612
  2.9626
  2.9518
  2.9624
  2.9669
  2.9608
  2.9642
  2.9754
  2.9628
  2.9677
  2.9657
  2.9625
  2.9618
  2.9633
  2.9539
  2.9615
  2.9720
  2.9700
  2.9613
  2.9716
  2.9637
  2.9712
  2.9598
  2.9621
  2.9689
  2.9693
  2.9662
  2.9693
  2.9674
  2.9691
  2.9673
  2.9677
  2.9670
  2.9666
  2.9642
  2.9682
  2.9671
  2.9729
  2.9637
  2.9709
  2.9616
  2.9568
  2.9580
  2.9528
  2.9616
  2.9667
  2.9565
  2.9682
  2.9660
  2.9562
  2.9756
  2.9728
  2.9745
  2.9588
  2.9670
  2.9683
  2.9699
  2.9608
  2.9777
  2.9721
  2.9575
  2.9663
  2.9611
  2.9696
  2.9652
  2.9687
  2.9583
  2.9642
  2.9618
  2.9662
  2.9735
  2.9697
  2.9657
  2.9655
  2.9671
  2.9695
  2.9575
  2.9710
  2.9673
  2.9572
  2.9553
  2.9639
  2.9686
  2.9656
  2.9660
  2.9681
  2.9687
  2.9686
  2.9655
  2.9725
  2.9560
  2.9605
  2.9704
  2.9703
  2.9618
  2.9564
  2.9661
  2.9651
  2.9691
  2.9663
  2.9599
  2.9637
  2.9667
  2.9588
  2.9756
  2.9709
  2.9636
  2.9616
  2.9745
  2.9595
  2.9712
  2.9607
  2.9539
  2.9626
  2.9717
  2.9561
  2.9623
  2.9701
  2.9610
  2.9597
  2.9619
  2.9619
  2.9646
  2.9674
  2.9568
  2.9621
  2.9658
  2.9572
  2.9735
  2.9633
  2.9614
  2.9623
  2.9638
  2.9749
  2.9656
  2.9610
  2.9787
  2.9743
  2.9675
  2.9606
  2.9506
  2.9664
  2.9808
  2.9666
  2.9701
  2.9556
  2.9633
  2.9727
  2.9642
  2.9595
  2.9599
  2.9630
  2.9687
  2.9641
  2.9643
  2.9566
  2.9765
  2.9627
  2.9605
  2.9621
  2.9571
  2.9531
  2.9637
  2.9713
  2.9506
  2.9689
  2.9693
  2.9600
  2.9768
  2.9619
  2.9654
  2.9586
  2.9657
  2.9608
  2.9670
  2.9561
  2.9534
  2.9606
  2.9495
  2.9655
  2.9728
  2.9580
  2.9642
  2.9700
  2.9628
  2.9627
  2.9708
  2.9693
  2.9704
  2.9630
  2.9708
  2.9686
  2.9579
  2.9672
  2.9704
  2.9549
  2.9704
  2.9581
  2.9650
  2.9549
  2.9587
  2.9732
  2.9735
  2.9677
  2.9646
  2.9687
  2.9703
  2.9624
  2.9668
  2.9711
  2.9656
  2.9718
  2.9752
  2.9675
  2.9660
  2.9654
  2.9704
  2.9607
  2.9611
  2.9613
  2.9669
  2.9698
  2.9679
  2.9614
  2.9648
  2.9622
  2.9588
  2.9614
  2.9693
  2.9602
  2.9729
  2.9555
  2.9797
  2.9660
  2.9681
  2.9604
  2.9620
  2.9708
  2.9728
  2.9622
  2.9621
  2.9683
  2.9636
  2.9638
  2.9645
  2.9592
  2.9675
  2.9690
  2.9727
  2.9702
  2.9761
  2.9651
  2.9680
  2.9678
  2.9628
  2.9542
  2.9680
  2.9660
  2.9612
  2.9676
  2.9599
  2.9587
  2.9663
  2.9697
  2.9722
  2.9661
  2.9700
  2.9657
  2.9687
  2.9620
  2.9701
  2.9652
  2.9715
  2.9680
  2.9636
  2.9627
  2.9690
  2.9735
  2.9643
  2.9481
  2.9552
  2.9562
  2.9672
  2.9646
  2.9655
  2.9758
  2.9686
  2.9695
  2.9727
  2.9625
  2.9737
  2.9600
  2.9764
  2.9696
  2.9671
  2.9652
  2.9612
  2.9658
  2.9638
  2.9647
  2.9592
  2.9655
  2.9608
  2.9655
  2.9640
  2.9618
  2.9719
  2.9714
  2.9739
  2.9616
  2.9678
  2.9642
  2.9681
  2.9683
  2.9617
  2.9689
  2.9696
  2.9743
  2.9682
  2.9647
  2.9615
  2.9703
  2.9638
  2.9649
  2.9653
  2.9744
  2.9761
  2.9597
  2.9614
  2.9681
  2.9586
  2.9601
  2.9586
  2.9641
  2.9584
  2.9729
  2.9486
  2.9591
  2.9742
  2.9653
  2.9674
  2.9708
  2.9657
  2.9662
  2.9567
  2.9645
  2.9698
  2.9666
  2.9726
  2.9584
  2.9719
  2.9570
  2.9617
  2.9692
  2.9682
  2.9638
  2.9660
  2.9760
  2.9619
  2.9659
  2.9674
  2.9595
  2.9626
  2.9642
  2.9660
  2.9686
  2.9611
  2.9583
  2.9602
  2.9707
  2.9701
  2.9616
  2.9605
  2.9638
  2.9583
  2.9597
  2.9657
  2.9651
  2.9585
  2.9627
  2.9627
  2.9626
  2.9565
  2.9615
  2.9490
  2.9533
  2.9628
  2.9700
  2.9719
  2.9700
  2.9674
  2.9671
  2.9555
  2.9635
  2.9646
  2.9633
  2.9645
  2.9599
  2.9594
  2.9820
  2.9606
  2.9731
  2.9612
  2.9606
  2.9736
  2.9648
  2.9604
  2.9624
  2.9688
  2.9605
  2.9777
  2.9657
  2.9651
  2.9640
  2.9693
  2.9567
  2.9596
  2.9642
  2.9710
  2.9649
  2.9602
  2.9639
  2.9693
  2.9547
  2.9596
  2.9769
  2.9593
  2.9489
  2.9677
  2.9688
  2.9748
  2.9639
  2.9619
  2.9668
  2.9625
  2.9762
  2.9663
  2.9720
  2.9674
  2.9654
  2.9536
  2.9657
  2.9711
  2.9668
  2.9598
  2.9663
  2.9624
  2.9721
  2.9656
  2.9584
  2.9705
  2.9674
  2.9741
  2.9713
  2.9592
  2.9644
  2.9670
  2.9652
  2.9566
  2.9549
  2.9545
  2.9545
  2.9583
  2.9598
  2.9776
  2.9631
  2.9624
  2.9723
  2.9587
  2.9745
  2.9685
  2.9647
  2.9719
  2.9590
  2.9665
  2.9603
  2.9650
  2.9605
  2.9570
  2.9504
  2.9652
  2.9551
  2.9689
  2.9690
  2.9555
  2.9723
  2.9724
  2.9712
  2.9705
  2.9700
  2.9726
  2.9610
  2.9692
  2.9757
  2.9675
  2.9561
  2.9649
  2.9676
  2.9620
  2.9749
  2.9659
  2.9648
  2.9789
  2.9588
  2.9655
  2.9620
  2.9619
  2.9689
  2.9737
  2.9698
  2.9577
  2.9554
  2.9558
  2.9606
  2.9613
  2.9719
  2.9643
  2.9662
  2.9622
  2.9651
  2.9626
  2.9542
  2.9674
  2.9565
  2.9728
  2.9525
  2.9503
  2.9638
  2.9695
  2.9493
  2.9605
  2.9664
  2.9619
  2.9706
  2.9632
  2.9638
  2.9605
  2.9660
  2.9590
  2.9633
  2.9663
  2.9714
  2.9679
  2.9551
  2.9633
  2.9695
  2.9741
  2.9630
  2.9634
  2.9710
  2.9705
  2.9562
  2.9727
  2.9613
  2.9763
  2.9608
  2.9667
  2.9665
  2.9634
  2.9644
  2.9674
  2.9769
  2.9606
  2.9547
  2.9484
  2.9601
  2.9650
  2.9588
  2.9682
  2.9600
  2.9659
  2.9631
  2.9489
  2.9671
  2.9685
  2.9657
  2.9582
  2.9660
  2.9629
  2.9554
  2.9609
  2.9700
  2.9580
  2.9672
  2.9603
  2.9569
  2.9716
  2.9684
  2.9675
  2.9633
  2.9640
  2.9523
  2.9591
  2.9713
  2.9573
  2.9600
  2.9722
  2.9582
  2.9664
  2.9638
  2.9688
  2.9677
  2.9642
  2.9652
  2.9573
  2.9595
  2.9530
  2.9657
  2.9568
  2.9616
  2.9552
  2.9634
  2.9679
  2.9578
  2.9646
  2.9640
  2.9628
  2.9824
  2.9736
  2.9670
  2.9661
  2.9727
  2.9730
  2.9689
  2.9738
  2.9523
  2.9653
  2.9616
  2.9711
  2.9706
  2.9641
  2.9695
  2.9665
  2.9650
  2.9632
  2.9601
  2.9607
  2.9659
  2.9636
  2.9719
  2.9686
  2.9621
  2.9587
  2.9712
  2.9661
  2.9717
  2.9675
  2.9562
  2.9519
  2.9647
  2.9722
  2.9627
  2.9590
  2.9642
  2.9680
  2.9670
  2.9654
  2.9561
  2.9563
  2.9545
  2.9584
  2.9629
  2.9588
  2.9778
  2.9694
  2.9556
  2.9624
  2.9705
  2.9764
  2.9637
  2.9661
  2.9582
  2.9665
  2.9700
  2.9648
  2.9657
  2.9640
  2.9590
  2.9576
  2.9721
  2.9636
  2.9577
  2.9671
  2.9720
  2.9657
  2.9626
  2.9684
  2.9651
  2.9724
  2.9678
  2.9665
  2.9644
  2.9706
  2.9752
  2.9618
  2.9562
  2.9582
  2.9625
  2.9578
  2.9568
  2.9708
  2.9585
  2.9728
  2.9723
  2.9613
  2.9597
  2.9597
  2.9638
  2.9651
  2.9654
  2.9624
  2.9576
  2.9594
  2.9664
  2.9638
  2.9632
  2.9616
  2.9607
  2.9654
  2.9654
  2.9516
  2.9638
  2.9630
  2.9605
  2.9670
  2.9650
  2.9592
  2.9594
  2.9606
  2.9638
  2.9709
  2.9743
  2.9667
  2.9695
  2.9605
  2.9656
  2.9621
  2.9520
  2.9627
  2.9633
  2.9645
  2.9582
  2.9704
  2.9651
  2.9650
  2.9683
  2.9619
  2.9533
  2.9611
  2.9687
  2.9677
  2.9728
  2.9767
  2.9611
  2.9455
  2.9641
  2.9701
  2.9565
  2.9609
  2.9646
  2.9681
  2.9551
  2.9693
  2.9660
  2.9633
  2.9639
  2.9548
  2.9617
  2.9549
  2.9621
  2.9708
  2.9683
  2.9701
  2.9517
  2.9726
  2.9590
  2.9537
  2.9670
  2.9570
  2.9631
  2.9806
  2.9597
  2.9680
  2.9584
  2.9532
  2.9671
  2.9644
  2.9743
  2.9495
  2.9640
  2.9616
  2.9617
  2.9555
  2.9613
  2.9637
  2.9653
  2.9543
  2.9574
  2.9638
  2.9679
  2.9551
  2.9672
  2.9635
  2.9614
  2.9592
  2.9677
  2.9685
  2.9662
  2.9600
  2.9690
  2.9594
  2.9727
  2.9622
  2.9595
  2.9626
  2.9667
  2.9618
  2.9705
  2.9689
  2.9586
  2.9632
  2.9689
  2.9615
  2.9606
  2.9681
  2.9572
  2.9637
  2.9669
  2.9641
  2.9577
  2.9675
  2.9638
  2.9603
  2.9612
  2.9575
  2.9618
  2.9710
  2.9653
  2.9695
  2.9673
  2.9564
  2.9591
  2.9537
  2.9622
  2.9578
  2.9744
  2.9698
  2.9681
  2.9679
  2.9611
  2.9558
  2.9616
  2.9642
  2.9697
  2.9658
  2.9623
  2.9557
  2.9675
  2.9666
  2.9681
  2.9549
  2.9726
  2.9703
  2.9717
  2.9521
  2.9611
  2.9705
  2.9585
  2.9635
  2.9568
  2.9649
  2.9663
  2.9607
  2.9565
  2.9691
  2.9723
  2.9576
  2.9606
  2.9591
  2.9742
  2.9647
  2.9752
  2.9631
  2.9665
  2.9608
  2.9569
  2.9790
  2.9665
  2.9635
  2.9680
  2.9596
  2.9579
  2.9592
  2.9605
  2.9585
  2.9685
  2.9647
  2.9502
  2.9588
  2.9744
  2.9572
  2.9754
  2.9691
  2.9652
  2.9599
  2.9654
  2.9653
  2.9644
  2.9637
  2.9690
  2.9604
  2.9655
  2.9586
  2.9612
  2.9636
  2.9648
  2.9619
  2.9505
  2.9550
  2.9622
  2.9611
  2.9759
  2.9681
  2.9653
  2.9740
  2.9635
  2.9583
  2.9621
  2.9671
  2.9620
  2.9622
  2.9613
  2.9684
  2.9669
  2.9668
  2.9677
  2.9634
  2.9635
  2.9631
  2.9659
  2.9721
  2.9624
  2.9693
  2.9633
  2.9730
  2.9682
  2.9741
  2.9667
  2.9641
  2.9671
  2.9613
  2.9746
  2.9546
  2.9634
  2.9643
  2.9646
  2.9586
  2.9761
  2.9621
  2.9717
  2.9647
  2.9622
  2.9595
  2.9632
  2.9651
  2.9535
  2.9643
  2.9549
  2.9608
  2.9646
  2.9656
  2.9591
  2.9620
  2.9590
  2.9592
  2.9750
  2.9558
  2.9562
  2.9681
  2.9686
  2.9598
  2.9658
  2.9728
  2.9619
  2.9638
  2.9660
  2.9605
  2.9646
  2.9647
  2.9582
  2.9643
  2.9652
  2.9555
  2.9753
  2.9553
  2.9591
  2.9623
  2.9623
  2.9625
  2.9661
  2.9607
  2.9660
  2.9620
  2.9588
  2.9618
  2.9591
  2.9491
  2.9605
  2.9711
  2.9664
  2.9546
  2.9618
  2.9558
  2.9606
  2.9657
  2.9693
  2.9626
  2.9604
  2.9681
  2.9623
  2.9602
  2.9596
  2.9639
  2.9669
  2.9642
  2.9717
  2.9687
  2.9706
  2.9719
  2.9667
  2.9621
  2.9773
  2.9612
  2.9691
  2.9669
  2.9642
  2.9592
  2.9748
  2.9641
  2.9563
  2.9824
  2.9651
  2.9596
  2.9572
  2.9638
  2.9741
  2.9645
  2.9661
  2.9609
  2.9592
  2.9663
  2.9560
  2.9474
  2.9568
  2.9579
  2.9720
  2.9583
  2.9490
  2.9692
  2.9518
  2.9558
  2.9613
  2.9615
  2.9593
  2.9647
  2.9586
  2.9611
  2.9741
  2.9617
  2.9608
  2.9673
  2.9732
  2.9670
  2.9694
  2.9711
  2.9720
  2.9588
  2.9737
  2.9590
  2.9666
  2.9721
  2.9678
  2.9562
  2.9633
  2.9630
  2.9607
  2.9610
  2.9696
  2.9739
  2.9702
  2.9642
  2.9623
  2.9726
  2.9702
  2.9674
  2.9741
  2.9623
  2.9580
  2.9616
  2.9638
  2.9660
  2.9704
  2.9577
  2.9559
  2.9709
  2.9597
  2.9627
  2.9641
  2.9683
  2.9719
  2.9633
  2.9681
  2.9606
  2.9604
  2.9614
  2.9728
  2.9675
  2.9711
  2.9670
  2.9658
  2.9679
  2.9553
  2.9659
  2.9600
  2.9644
  2.9694
  2.9668
  2.9652
  2.9589
  2.9602
  2.9456
  2.9720
  2.9614
  2.9560
  2.9690
  2.9710
  2.9638
  2.9609
  2.9632
  2.9622
  2.9606
  2.9568
  2.9622
  2.9744
  2.9601
  2.9744
  2.9603
  2.9750
  2.9593
  2.9604
  2.9633
  2.9614
  2.9600
  2.9691
  2.9649
  2.9692
  2.9574
  2.9714
  2.9730
  2.9749
  2.9663
  2.9725
  2.9732
  2.9573
  2.9712
  2.9783
  2.9750
  2.9625
  2.9602
  2.9582
  2.9657
  2.9625
  2.9598
  2.9691
  2.9594
  2.9595
  2.9649
  2.9567
  2.9633
  2.9633
  2.9674
  2.9600
  2.9660
  2.9564
  2.9674
  2.9655
  2.9580
  2.9591
  2.9680
  2.9568
  2.9789
  2.9706
  2.9534
  2.9780
  2.9702
  2.9650
  2.9667
  2.9707
  2.9556
  2.9713
  2.9592
  2.9635
  2.9632
  2.9702
  2.9564
  2.9576
  2.9697
  2.9630
  2.9566
  2.9583
  2.9605
  2.9635
  2.9595
  2.9607
  2.9602
  2.9668
  2.9639
  2.9616
  2.9608
  2.9620
  2.9700
  2.9615
  2.9690
  2.9672
  2.9755
  2.9647
  2.9628
  2.9603
  2.9567
  2.9688
  2.9639
  2.9723
  2.9667
  2.9688
  2.9685
  2.9625
  2.9677
  2.9507
  2.9627
  2.9655
  2.9676
  2.9617
  2.9654
  2.9578
  2.9725
  2.9599
  2.9644
  2.9631
  2.9673
  2.9632
  2.9621
  2.9608
  2.9565
  2.9722
  2.9701
  2.9635
  2.9645
  2.9561
  2.9528
  2.9581
  2.9591
  2.9669
  2.9541
  2.9509
