C1431410.082432
Gadanki 14/03/2014 10:07:54 14/03/2014 10:08:24 0375 0079.2 0013.5 00
0000000 0020 0000600 0020 01
1 0 2 02000 1 0000 0030 00532.o 0 0 00 000 14 000600 0.500 BT0
532.000 .o analog 0 
  2.9978
 21.2332
 18.3101
 10.8631
 12.2179
 13.6630
 17.2389
 27.8278
 38.2768
 41.3188
 39.3436
 35.6231
 31.7152
 28.1346
 25.0151
 22.3915
 20.0947
 18.1396
 16.4549
 15.1423
 13.9051
 12.8304
 11.9217
 11.1744
 10.5616
 10.0920
  9.7604
  9.3891
  8.8397
  8.3427
  7.9082
  7.5387
  7.0844
  6.6367
  6.2896
  6.0146
  5.8315
  5.6921
  5.5052
  5.3499
  5.2308
  5.0770
  4.9666
  4.8531
  4.7696
  4.6744
  4.5948
  4.4908
  4.3808
  4.2953
  4.2765
  4.1885
  4.1105
  4.0576
  4.0582
  4.0505
  4.0215
  3.9592
  3.8751
  3.9029
  3.9074
  3.8328
  3.7328
  3.7050
  3.7044
  3.6658
  3.6075
  3.5793
  3.5866
  3.5616
  3.5397
  3.5115
  3.4864
  3.4702
  3.4322
  3.4220
  3.4102
  3.3945
  3.3834
  3.3934
  3.3823
  3.3984
  3.4054
  3.3631
  3.3009
  3.2841
  3.2848
  3.2735
  3.2648
  3.2632
  3.2540
  3.2407
  3.2334
  3.2342
  3.2214
  3.2069
  3.2143
  3.2201
  3.1968
  3.1957
  3.1817
  3.1883
  3.1842
  3.1716
  3.1745
  3.1797
  3.1710
  3.1595
  3.1610
  3.1585
  3.1617
  3.1349
  3.1424
  3.1416
  3.1350
  3.1342
  3.1327
  3.1252
  3.1356
  3.1244
  3.1336
  3.1229
  3.1022
  3.1122
  3.1096
  3.1078
  3.1098
  3.1038
  3.1054
  3.1152
  3.1037
  3.1028
  3.0950
  3.0925
  3.0873
  3.0905
  3.0893
  3.0882
  3.0859
  3.0978
  3.0883
  3.0751
  3.0834
  3.0886
  3.0831
  3.0848
  3.0766
  3.0749
  3.0694
  3.0706
  3.0850
  3.0683
  3.0661
  3.0652
  3.0671
  3.0731
  3.0757
  3.0659
  3.0677
  3.0578
  3.0639
  3.0558
  3.0630
  3.0621
  3.0605
  3.0610
  3.0580
  3.0608
  3.0574
  3.0535
  3.0604
  3.0553
  3.0590
  3.0512
  3.0406
  3.0550
  3.0472
  3.0432
  3.0356
  3.0512
  3.0422
  3.0517
  3.0521
  3.0458
  3.0477
  3.0327
  3.0456
  3.0439
  3.0414
  3.0505
  3.0479
  3.0445
  3.0350
  3.0371
  3.0450
  3.0430
  3.0511
  3.0362
  3.0450
  3.0384
  3.0297
  3.0428
  3.0417
  3.0447
  3.0285
  3.0422
  3.0293
  3.0380
  3.0370
  3.0347
  3.0313
  3.0321
  3.0268
  3.0377
  3.0359
  3.0356
  3.0359
  3.0135
  3.0202
  3.0234
  3.0470
  3.0253
  3.0264
  3.0329
  3.0275
  3.0288
  3.0346
  3.0260
  3.0201
  3.0245
  3.0334
  3.0269
  3.0309
  3.0268
  3.0247
  3.0258
  3.0121
  3.0237
  3.0306
  3.0298
  3.0191
  3.0238
  3.0294
  3.0129
  3.0113
  3.0177
  3.0211
  3.0284
  3.0288
  3.0218
  3.0292
  3.0058
  3.0263
  3.0231
  3.0290
  3.0113
  3.0209
  3.0194
  3.0318
  3.0266
  3.0222
  3.0243
  3.0262
  3.0249
  3.0168
  3.0305
  3.0174
  3.0205
  3.0149
  3.0091
  3.0207
  3.0239
  3.0145
  3.0259
  3.0165
  3.0300
  3.0184
  3.0145
  3.0167
  3.0103
  3.0263
  3.0229
  3.0078
  3.0209
  3.0245
  3.0250
  3.0198
  3.0103
  3.0196
  3.0117
  3.0135
  3.0191
  3.0168
  3.0062
  3.0129
  3.0205
  3.0221
  3.0190
  3.0178
  3.0230
  3.0206
  3.0161
  3.0036
  3.0078
  3.0272
  3.0153
  3.0173
  3.0188
  3.0204
  3.0092
  3.0166
  3.0079
  3.0103
  3.0183
  3.0126
  3.0207
  3.0100
  3.0177
  3.0166
  3.0140
  3.0220
  3.0144
  3.0129
  3.0092
  3.0106
  3.0115
  3.0176
  3.0127
  3.0116
  3.0165
  3.0139
  3.0052
  3.0295
  3.0193
  3.0126
  3.0237
  3.0193
  3.0023
  3.0091
  3.0079
  3.0122
  3.0146
  3.0040
  3.0264
  3.0126
  3.0154
  3.0092
  3.0261
  3.0090
  3.0204
  3.0127
  3.0094
  3.0094
  3.0226
  3.0178
  3.0152
  3.0087
  3.0098
  3.0040
  3.0081
  3.0065
  3.0173
  3.0059
  3.0115
  3.0204
  3.0251
  3.0167
  3.0051
  3.0061
  3.0098
  3.0211
  3.0084
  3.0005
  3.0088
  3.0103
  3.0217
  3.0190
  3.0085
  3.0120
  3.0092
  3.0110
  3.0123
  3.0175
  3.0089
  3.0181
  3.0118
  3.0081
  3.0165
  3.0143
  3.0161
  3.0123
  3.0109
  3.0189
  2.9980
  3.0075
  3.0088
  3.0087
  3.0157
  3.0153
  3.0033
  3.0068
  3.0124
  3.0046
  3.0047
  3.0008
  3.0055
  3.0155
  3.0198
  3.0088
  3.0080
  2.9961
  3.0126
  3.0164
  3.0082
  3.0175
  3.0133
  2.9992
  3.0117
  3.0050
  3.0128
  3.0152
  3.0078
  3.0158
  3.0161
  3.0053
  3.0090
  3.0046
  3.0038
  3.0161
  3.0142
  3.0030
  3.0163
  3.0045
  3.0180
  3.0136
  3.0084
  3.0074
  3.0121
  2.9978
  3.0056
  3.0111
  3.0205
  3.0091
  3.0073
  3.0113
  3.0155
  3.0089
  3.0088
  3.0146
  3.0047
  2.9970
  3.0148
  3.0046
  3.0033
  3.0171
  2.9996
  3.0020
  2.9945
  3.0040
  3.0205
  3.0104
  3.0134
  3.0125
  3.0183
  3.0054
  3.0151
  3.0093
  3.0179
  3.0018
  3.0121
  3.0118
  3.0102
  3.0119
  3.0122
  3.0207
  3.0190
  3.0134
  3.0070
  3.0030
  3.0081
  3.0054
  3.0099
  3.0132
  3.0108
  3.0072
  3.0090
  3.0091
  3.0123
  3.0112
  3.0102
  3.0077
  3.0069
  2.9990
  3.0042
  3.0148
  3.0095
  3.0106
  3.0048
  2.9973
  3.0094
  3.0042
  2.9987
  3.0135
  3.0058
  3.0058
  3.0110
  3.0069
  3.0146
  3.0022
  3.0003
  3.0047
  3.0051
  3.0056
  3.0106
  3.0134
  3.0095
  3.0218
  3.0095
  3.0090
  3.0157
  2.9995
  3.0149
  3.0077
  3.0017
  3.0027
  3.0073
  3.0088
  3.0004
  3.0039
  3.0076
  3.0179
  3.0051
  3.0085
  3.0105
  3.0093
  3.0001
  3.0109
  3.0102
  3.0095
  3.0086
  3.0026
  3.0108
  3.0126
  3.0012
  3.0029
  3.0146
  3.0159
  3.0065
  3.0082
  3.0047
  3.0044
  3.0106
  3.0037
  3.0137
  2.9953
  3.0246
  3.0061
  3.0150
  3.0105
  3.0178
  3.0110
  3.0141
  3.0143
  3.0063
  3.0016
  3.0119
  3.0065
  3.0055
  3.0223
  3.0013
  3.0008
  2.9989
  3.0143
  3.0080
  3.0090
  3.0062
  3.0045
  2.9998
  3.0065
  3.0051
  3.0078
  3.0126
  3.0082
  3.0125
  3.0103
  3.0011
  2.9990
  3.0020
  3.0142
  3.0071
  2.9995
  3.0091
  3.0027
  3.0079
  3.0122
  3.0058
  2.9973
  3.0107
  3.0141
  3.0017
  3.0076
  2.9980
  3.0005
  3.0145
  3.0094
  3.0047
  3.0026
  2.9956
  3.0151
  3.0036
  3.0072
  3.0062
  3.0126
  3.0008
  3.0070
  3.0156
  3.0132
  3.0025
  3.0074
  3.0233
  3.0128
  3.0014
  3.0106
  3.0101
  3.0082
  3.0034
  3.0059
  3.0185
  3.0030
  3.0090
  3.0081
  3.0030
  3.0064
  3.0017
  3.0107
  3.0151
  3.0096
  3.0051
  3.0039
  3.0107
  3.0135
  3.0049
  3.0073
  3.0076
  3.0050
  3.0245
  3.0090
  3.0095
  2.9956
  3.0089
  3.0130
  3.0067
  3.0021
  3.0144
  3.0056
  3.0075
  3.0018
  3.0098
  3.0066
  3.0093
  2.9919
  3.0112
  3.0068
  3.0171
  3.0129
  3.0101
  3.0047
  3.0003
  3.0007
  2.9993
  3.0072
  3.0011
  3.0066
  3.0121
  3.0144
  3.0087
  2.9998
  3.0017
  3.0038
  3.0147
  3.0171
  3.0146
  3.0158
  3.0168
  3.0042
  3.0045
  3.0186
  3.0021
  3.0166
  2.9974
  3.0051
  3.0068
  3.0022
  3.0044
  3.0048
  2.9962
  3.0167
  3.0022
  3.0063
  3.0053
  3.0006
  3.0138
  3.0107
  3.0059
  3.0167
  3.0181
  3.0113
  3.0050
  3.0042
  3.0072
  3.0043
  3.0026
  3.0125
  3.0006
  3.0006
  2.9974
  2.9986
  2.9936
  3.0090
  3.0074
  3.0134
  3.0066
  2.9989
  3.0081
  3.0084
  3.0092
  3.0049
  3.0034
  3.0064
  3.0072
  3.0073
  3.0050
  3.0089
  3.0098
  3.0102
  3.0128
  3.0112
  3.0095
  3.0145
  3.0173
  3.0003
  3.0010
  3.0102
  3.0078
  3.0120
  3.0047
  3.0067
  3.0068
  3.0076
  3.0050
  3.0084
  3.0146
  3.0117
  3.0046
  3.0006
  3.0060
  2.9993
  2.9987
  3.0122
  3.0096
  3.0017
  3.0140
  3.0013
  3.0095
  3.0083
  3.0144
  3.0064
  3.0004
  3.0026
  3.0110
  3.0140
  3.0158
  3.0021
  3.0103
  2.9973
  2.9986
  3.0128
  3.0218
  3.0117
  3.0121
  3.0091
  3.0126
  3.0096
  3.0029
  3.0060
  2.9999
  2.9941
  3.0120
  3.0148
  3.0054
  3.0018
  3.0029
  3.0111
  3.0040
  3.0066
  2.9900
  3.0111
  3.0118
  3.0078
  3.0142
  3.0048
  3.0075
  2.9975
  3.0075
  3.0104
  3.0064
  2.9972
  3.0108
  3.0144
  2.9994
  3.0025
  3.0116
  3.0089
  3.0010
  2.9954
  3.0010
  3.0091
  3.0010
  3.0114
  3.0056
  3.0035
  3.0192
  3.0109
  3.0023
  2.9962
  3.0077
  3.0244
  3.0133
  2.9988
  2.9998
  3.0052
  3.0109
  3.0055
  3.0126
  3.0133
  3.0053
  3.0048
  3.0062
  3.0086
  3.0033
  3.0001
  2.9983
  2.9936
  3.0091
  3.0057
  2.9981
  2.9988
  3.0066
  3.0056
  3.0075
  3.0077
  3.0014
  3.0010
  3.0066
  3.0126
  3.0110
  2.9973
  3.0072
  3.0100
  3.0139
  2.9971
  3.0038
  3.0005
  3.0068
  3.0108
  3.0067
  2.9936
  2.9954
  3.0019
  3.0036
  3.0202
  3.0049
  3.0070
  3.0068
  3.0149
  3.0131
  3.0147
  3.0089
  3.0051
  3.0109
  3.0059
  2.9967
  3.0126
  3.0060
  3.0084
  3.0073
  3.0069
  3.0079
  3.0058
  3.0013
  3.0019
  3.0024
  3.0099
  3.0006
  3.0079
  3.0086
  3.0058
  3.0056
  3.0192
  3.0058
  3.0065
  3.0116
  3.0169
  3.0050
  3.0023
  3.0134
  2.9961
  3.0155
  3.0069
  2.9988
  3.0098
  3.0134
  3.0092
  3.0086
  3.0004
  3.0087
  3.0098
  3.0169
  3.0073
  3.0162
  3.0030
  3.0102
  3.0046
  3.0032
  2.9977
  3.0136
  3.0087
  3.0067
  3.0070
  3.0029
  3.0097
  3.0074
  3.0091
  3.0058
  3.0176
  3.0062
  3.0165
  3.0078
  3.0057
  3.0042
  3.0047
  3.0111
  2.9974
  3.0043
  3.0067
  3.0049
  2.9928
  3.0028
  3.0106
  3.0018
  3.0190
  3.0133
  2.9994
  3.0030
  3.0090
  3.0107
  3.0119
  3.0048
  3.0038
  3.0039
  3.0017
  2.9929
  2.9986
  3.0064
  3.0016
  3.0073
  3.0093
  3.0150
  3.0063
  3.0128
  3.0115
  3.0063
  3.0046
  2.9988
  3.0103
  3.0087
  3.0128
  3.0085
  3.0210
  3.0074
  3.0085
  3.0157
  3.0112
  3.0145
  3.0060
  2.9983
  3.0060
  3.0003
  3.0116
  3.0049
  3.0025
  3.0025
  3.0075
  3.0082
  3.0138
  3.0128
  3.0096
  3.0118
  3.0075
  3.0033
  2.9997
  3.0092
  3.0084
  3.0134
  3.0057
  2.9901
  3.0033
  3.0083
  2.9942
  3.0123
  3.0131
  3.0157
  3.0017
  3.0124
  3.0011
  3.0075
  3.0108
  2.9934
  2.9957
  3.0130
  3.0065
  2.9973
  3.0174
  3.0176
  3.0189
  3.0020
  3.0142
  3.0035
  3.0057
  3.0150
  3.0081
  3.0210
  3.0058
  3.0109
  3.0004
  3.0146
  3.0119
  3.0211
  3.0068
  3.0232
  3.0113
  3.0022
  3.0031
  2.9886
  3.0108
  3.0029
  3.0016
  3.0026
  3.0018
  2.9970
  3.0005
  3.0055
  3.0025
  3.0097
  2.9960
  3.0133
  3.0004
  3.0081
  3.0129
  3.0085
  3.0043
  3.0099
  3.0048
  2.9987
  3.0079
  3.0102
  3.0105
  3.0022
  3.0092
  3.0010
  3.0104
  3.0008
  3.0147
  2.9996
  3.0075
  3.0040
  3.0069
  3.0051
  3.0056
  3.0058
  2.9917
  3.0154
  3.0149
  3.0098
  3.0065
  3.0011
  3.0081
  3.0037
  2.9984
  3.0048
  3.0032
  3.0106
  3.0063
  3.0118
  3.0166
  3.0165
  2.9961
  3.0176
  3.0005
  3.0182
  3.0048
  3.0003
  3.0105
  3.0020
  3.0033
  2.9994
  3.0074
  3.0038
  3.0084
  3.0008
  3.0106
  3.0028
  3.0009
  3.0050
  3.0072
  3.0040
  3.0088
  3.0060
  3.0119
  2.9997
  3.0141
  3.0074
  2.9958
  3.0023
  3.0033
  3.0154
  3.0054
  3.0031
  3.0111
  2.9968
  3.0021
  3.0063
  3.0171
  3.0030
  3.0000
  3.0076
  3.0142
  3.0033
  2.9911
  3.0067
  2.9993
  3.0087
  3.0049
  3.0096
  3.0098
  2.9947
  2.9988
  3.0107
  3.0145
  3.0029
  3.0055
  3.0185
  3.0139
  3.0020
  2.9993
  3.0057
  3.0048
  3.0120
  3.0054
  2.9933
  3.0174
  3.0093
  3.0106
  2.9911
  3.0081
  3.0061
  3.0101
  3.0008
  3.0117
  3.0081
  3.0167
  3.0037
  2.9971
  3.0018
  3.0042
  3.0238
  3.0007
  3.0097
  3.0012
  3.0129
  2.9959
  3.0084
  3.0050
  3.0071
  3.0196
  3.0087
  3.0156
  2.9998
  3.0031
  3.0020
  3.0111
  3.0108
  3.0125
  3.0037
  3.0074
  3.0062
  3.0031
  2.9946
  3.0103
  3.0049
  3.0034
  3.0047
  3.0041
  3.0038
  3.0062
  3.0014
  2.9851
  2.9982
  3.0013
  3.0214
  3.0132
  3.0143
  3.0052
  3.0026
  3.0121
  2.9963
  3.0105
  2.9981
  3.0028
  3.0144
  3.0044
  3.0054
  3.0117
  3.0048
  2.9944
  3.0045
  3.0074
  2.9977
  3.0091
  3.0171
  3.0118
  3.0047
  3.0110
  2.9945
  3.0034
  3.0048
  3.0005
  3.0086
  2.9988
  3.0082
  3.0079
  3.0011
  2.9949
  3.0067
  3.0132
  3.0087
  3.0068
  3.0093
  2.9946
  2.9998
  3.0096
  3.0108
  3.0025
  3.0039
  2.9993
  3.0066
  3.0054
  3.0073
  3.0111
  3.0134
  3.0115
  2.9959
  2.9979
  2.9994
  3.0042
  3.0124
  3.0107
  3.0031
  3.0040
  3.0021
  3.0009
  3.0016
  3.0064
  3.0049
  2.9988
  3.0161
  3.0072
  3.0056
  2.9983
  3.0037
  3.0062
  3.0113
  3.0136
  3.0093
  3.0058
  3.0078
  3.0078
  3.0072
  3.0110
  3.0002
  3.0051
  2.9899
  3.0110
  3.0013
  3.0013
  3.0123
  3.0067
  2.9942
  3.0082
  3.0068
  3.0104
  3.0005
  3.0033
  3.0109
  3.0100
  3.0133
  3.0057
  3.0114
  3.0136
  3.0077
  3.0021
  3.0019
  3.0101
  2.9989
  2.9967
  3.0028
  2.9935
  3.0061
  2.9967
  3.0030
  3.0066
  3.0021
  3.0090
  3.0075
  3.0097
  3.0043
  3.0060
  3.0073
  3.0121
  3.0064
  3.0014
  3.0151
  3.0063
  2.9987
  3.0079
  3.0035
  3.0026
  3.0131
  2.9998
  3.0162
  3.0094
  3.0079
  3.0006
  2.9917
  3.0109
  3.0116
  3.0008
  2.9940
  3.0087
  3.0042
  3.0114
  3.0201
  3.0148
  3.0096
  3.0121
  3.0138
  3.0002
  3.0058
  2.9995
  3.0095
  3.0043
  3.0066
  3.0037
  3.0018
  3.0061
  3.0048
  3.0046
  2.9999
  3.0002
  2.9975
  3.0098
  3.0119
  3.0056
  3.0106
  2.9931
  3.0006
  3.0077
  3.0019
  3.0125
  3.0070
  3.0118
  3.0135
  3.0058
  2.9972
  3.0202
  3.0008
  2.9993
  3.0126
  3.0047
  3.0045
  3.0057
  3.0096
  3.0113
  3.0135
  2.9987
  3.0001
  3.0048
  3.0043
  3.0010
  3.0062
  2.9996
  3.0011
  3.0089
  3.0067
  3.0038
  2.9992
  3.0219
  3.0097
  3.0094
  3.0028
  3.0093
  2.9959
  2.9988
  3.0121
  3.0058
  3.0089
  3.0089
  3.0063
  3.0087
  3.0061
  3.0143
  3.0008
  3.0032
  3.0183
  3.0037
  3.0033
  2.9972
  3.0090
  3.0090
  3.0077
  3.0099
  2.9972
  3.0192
  3.0007
  3.0066
  3.0008
  3.0026
  3.0115
  3.0086
  3.0082
  3.0001
  3.0103
  3.0045
  2.9972
  3.0051
  3.0015
  3.0049
  3.0152
  3.0132
  3.0108
  3.0068
  3.0113
  3.0173
  3.0063
  3.0111
  3.0021
  2.9975
  3.0111
  2.9976
  2.9972
  2.9913
  3.0059
  3.0036
  3.0135
  2.9960
  3.0080
  3.0019
  3.0028
  3.0075
  3.0048
  3.0135
  3.0094
  3.0161
  3.0025
  3.0155
  3.0133
  2.9979
  2.9996
  2.9988
  3.0140
  3.0047
  3.0034
  3.0115
  3.0080
  2.9981
  3.0007
  3.0055
  3.0036
  3.0016
  3.0156
  3.0128
  3.0020
  3.0091
  2.9993
  2.9896
  3.0069
  3.0053
  3.0039
  3.0093
  3.0012
  3.0046
  3.0039
  3.0051
  3.0001
  3.0091
  3.0066
  3.0155
  3.0078
  3.0103
  3.0053
  3.0080
  2.9930
  3.0152
  3.0059
  3.0011
  3.0084
  3.0104
  3.0024
  3.0237
  3.0092
  3.0094
  3.0058
  3.0079
  3.0028
  3.0020
  3.0046
  2.9992
  3.0058
  2.9993
  3.0049
  3.0036
  3.0122
  3.0050
  2.9945
  3.0003
  3.0043
  3.0025
  3.0065
  3.0090
  3.0188
  2.9984
  3.0116
  3.0111
  3.0006
  3.0103
  3.0080
  3.0015
  3.0121
  2.9972
  3.0058
  2.9938
  3.0059
  3.0037
  3.0025
  3.0083
  3.0063
  3.0113
  3.0067
  3.0046
  3.0111
  3.0066
  3.0065
  3.0031
  3.0083
  3.0154
  2.9992
  3.0111
  3.0018
  2.9998
  3.0054
  3.0015
  2.9994
  3.0082
  3.0036
  3.0042
  3.0041
  3.0046
  2.9978
  3.0023
  2.9971
  3.0058
  3.0097
  3.0121
  3.0000
  3.0075
  2.9918
  3.0012
  2.9947
  3.0000
  3.0209
  3.0120
  3.0035
  3.0086
  3.0004
  3.0103
  3.0048
  3.0027
  3.0136
  3.0070
  2.9971
  2.9976
  3.0020
  3.0077
  3.0176
  3.0175
  3.0066
  3.0117
  2.9949
  2.9996
  3.0055
  3.0000
  3.0056
  3.0037
  3.0020
  3.0085
  3.0086
  2.9938
  3.0022
  3.0088
  3.0061
  3.0026
  3.0084
  2.9962
  2.9946
  3.0085
  3.0005
  3.0016
  3.0053
  2.9983
  2.9998
  3.0102
  3.0025
  2.9989
  3.0141
  3.0052
  3.0166
  3.0035
  3.0048
  3.0087
  3.0116
  3.0111
  3.0207
  3.0080
  3.0019
  3.0029
  3.0074
  2.9996
  3.0079
  3.0101
  3.0072
  3.0151
  3.0056
  3.0058
  3.0096
  3.0008
  3.0207
  3.0137
  3.0031
  3.0031
  3.0013
  3.0124
  3.0119
  3.0014
  3.0100
  2.9993
  3.0052
  3.0148
  3.0066
  3.0066
  3.0154
  3.0072
  2.9976
  3.0011
  3.0022
  2.9981
  3.0047
  2.9964
  3.0024
  2.9935
  3.0068
  3.0037
  3.0081
  3.0083
  2.9993
  2.9956
  2.9972
  3.0111
  3.0089
  3.0043
  2.9970
  3.0029
  3.0016
  3.0020
  2.9914
  3.0013
  2.9989
  3.0064
  3.0057
  3.0058
  3.0078
  3.0129
  2.9993
  3.0085
  3.0151
  3.0017
  3.0107
  2.9947
  3.0166
  2.9966
  3.0116
  3.0056
  3.0096
  3.0157
  2.9994
  3.0050
  3.0017
  3.0052
  3.0048
  3.0081
  3.0103
  3.0088
  3.0117
  3.0010
  2.9978
  3.0093
  3.0007
  3.0026
  3.0138
  3.0049
  3.0064
  3.0196
  2.9978
  3.0057
  3.0112
  3.0158
  3.0077
  3.0053
  3.0003
  3.0035
  3.0026
  3.0099
  3.0013
  3.0068
  3.0052
  2.9983
  2.9975
  3.0120
  2.9979
  2.9936
  3.0004
  3.0192
  2.9988
  3.0037
  3.0106
  2.9991
  2.9987
  3.0052
  2.9988
  3.0059
  3.0147
  3.0087
  3.0033
  3.0067
  3.0054
  3.0056
  3.0091
  3.0045
  2.9889
  3.0036
  3.0044
  3.0030
  3.0084
  3.0033
  3.0025
  3.0060
  3.0034
  3.0126
  2.9959
  3.0088
  3.0009
  3.0080
  3.0080
  3.0019
  3.0040
  3.0125
  3.0131
  3.0079
  3.0043
  2.9942
  2.9945
  3.0012
  2.9937
  2.9975
  3.0097
  3.0092
  3.0092
  3.0021
  3.0019
  3.0047
  3.0102
  3.0102
  3.0101
  3.0062
  3.0007
  3.0044
  2.9984
  3.0084
  2.9984
  3.0013
  3.0074
  3.0026
  3.0087
  3.0120
  3.0035
  3.0068
  3.0149
  3.0138
  3.0162
  2.9976
  3.0022
  3.0027
  3.0119
  3.0014
  3.0029
  3.0118
  3.0076
  3.0118
  3.0162
  3.0147
  3.0098
  3.0000
  3.0053
  3.0064
  3.0070
  3.0029
  3.0057
  3.0037
  3.0006
  2.9979
  3.0027
  3.0030
  2.9973
  3.0080
  3.0070
  3.0089
  3.0019
  2.9979
  2.9961
  3.0089
  2.9979
  3.0061
  3.0035
  2.9999
  3.0073
  3.0061
  3.0091
  3.0066
  3.0109
  3.0096
  3.0004
  3.0064
  3.0166
  3.0130
  3.0080
  3.0099
  3.0111
  2.9909
  3.0007
  3.0173
  3.0002
  3.0008
  3.0147
  3.0008
  3.0045
  3.0050
  3.0023
  3.0093
  3.0063
  3.0178
  3.0050
  3.0146
  3.0114
  2.9957
  3.0017
  2.9976
  2.9966
  3.0023
  3.0041
  3.0064
  3.0042
  3.0110
  3.0073
  2.9984
  3.0076
  3.0142
  3.0047
  3.0064
  3.0034
  2.9977
  3.0098
  2.9994
  3.0096
  3.0182
  3.0139
  3.0096
  3.0033
  3.0034
  3.0043
  3.0073
  3.0032
  2.9971
  3.0024
  2.9979
  3.0082
  3.0050
  3.0042
  3.0140
  3.0066
  3.0094
  3.0087
  3.0053
  2.9964
  3.0093
  3.0063
  3.0134
  3.0020
  3.0001
  3.0131
  3.0032
  3.0202
  3.0020
  3.0005
  3.0071
  3.0079
  2.9942
  3.0115
  3.0054
  3.0023
  3.0168
  3.0175
  2.9986
  2.9974
  3.0028
  2.9988
  3.0111
  3.0085
  3.0133
  3.0033
  3.0011
  3.0119
  3.0216
  3.0054
  2.9962
  3.0016
  3.0200
  3.0019
  3.0018
  3.0121
  2.9911
  3.0023
  3.0101
  3.0088
  2.9985
  3.0061
  3.0031
  3.0117
  2.9961
  2.9992
  3.0006
  3.0057
  3.0070
  3.0138
  3.0031
  3.0121
  3.0153
  3.0025
  3.0025
  3.0031
  3.0029
  2.9957
  3.0134
  3.0095
  3.0005
  3.0039
  2.9988
  3.0009
  3.0036
  3.0045
  3.0076
  3.0019
  2.9981
  3.0050
  2.9987
  3.0020
  2.9962
  3.0134
  3.0048
  3.0080
  3.0051
  3.0057
