C1431410.190493
Gadanki 14/03/2014 10:18:34 14/03/2014 10:19:05 0375 0079.2 0013.5 00
0000000 0020 0000600 0020 01
1 0 2 02000 1 0000 0030 00532.o 0 0 00 000 14 000600 0.500 BT0
532.000 .o analog 0 
  3.2280
 21.2206
 18.4311
 11.0471
 12.2667
 13.8812
 17.1576
 27.2386
 38.0781
 41.3547
 39.9027
 36.4520
 32.5305
 28.9569
 25.9842
 23.2732
 20.7836
 18.9149
 17.6083
 16.9887
 16.0599
 14.8200
 13.7923
 12.9332
 12.0824
 11.2241
 10.5804
 10.0211
  9.3864
  8.8063
  8.3974
  7.9874
  7.5701
  7.2183
  6.9016
  6.6832
  6.4801
  6.1966
  5.9089
  5.7032
  5.4136
  5.2288
  5.0934
  5.0113
  4.9037
  4.8095
  4.7279
  4.6452
  4.5185
  4.5036
  4.4235
  4.3230
  4.2531
  4.2495
  4.2317
  4.2042
  4.1107
  4.0755
  4.1400
  4.1065
  4.0252
  3.9534
  3.9150
  3.8988
  3.8578
  3.8142
  3.7985
  3.7981
  3.7601
  3.7305
  3.7141
  3.6973
  3.6613
  3.6373
  3.6327
  3.6298
  3.6124
  3.5814
  3.5924
  3.5760
  3.5919
  3.5883
  3.6095
  3.5594
  3.5130
  3.5017
  3.4661
  3.4827
  3.4681
  3.4642
  3.4451
  3.4326
  3.4366
  3.4351
  3.4291
  3.4139
  3.4131
  3.4146
  3.4002
  3.3979
  3.3935
  3.3885
  3.3690
  3.3843
  3.3778
  3.3698
  3.3752
  3.3612
  3.3631
  3.3556
  3.3462
  3.3541
  3.3600
  3.3435
  3.3634
  3.3416
  3.3415
  3.3250
  3.3325
  3.3304
  3.3226
  3.3310
  3.3272
  3.3137
  3.3179
  3.3068
  3.3152
  3.3067
  3.3159
  3.3189
  3.3035
  3.3086
  3.3013
  3.3139
  3.3064
  3.2962
  3.3007
  3.3088
  3.2976
  3.2907
  3.2909
  3.2984
  3.2911
  3.2878
  3.2969
  3.2941
  3.2950
  3.2821
  3.2975
  3.2780
  3.2943
  3.2877
  3.2820
  3.2780
  3.2835
  3.2752
  3.2728
  3.2668
  3.2765
  3.2703
  3.2737
  3.2677
  3.2630
  3.2675
  3.2653
  3.2787
  3.2679
  3.2662
  3.2688
  3.2588
  3.2613
  3.2567
  3.2614
  3.2671
  3.2529
  3.2522
  3.2634
  3.2634
  3.2524
  3.2720
  3.2582
  3.2589
  3.2588
  3.2520
  3.2465
  3.2496
  3.2497
  3.2631
  3.2514
  3.2452
  3.2556
  3.2644
  3.2600
  3.2577
  3.2461
  3.2391
  3.2427
  3.2349
  3.2467
  3.2482
  3.2431
  3.2391
  3.2410
  3.2481
  3.2280
  3.2594
  3.2382
  3.2506
  3.2517
  3.2487
  3.2355
  3.2377
  3.2437
  3.2421
  3.2476
  3.2390
  3.2439
  3.2378
  3.2353
  3.2455
  3.2463
  3.2446
  3.2469
  3.2467
  3.2507
  3.2432
  3.2462
  3.2383
  3.2385
  3.2318
  3.2267
  3.2276
  3.2454
  3.2451
  3.2320
  3.2295
  3.2290
  3.2324
  3.2427
  3.2224
  3.2369
  3.2398
  3.2227
  3.2464
  3.2431
  3.2373
  3.2484
  3.2461
  3.2350
  3.2296
  3.2396
  3.2565
  3.2434
  3.2327
  3.2364
  3.2426
  3.2405
  3.2298
  3.2351
  3.2457
  3.2323
  3.2329
  3.2386
  3.2387
  3.2361
  3.2293
  3.2313
  3.2275
  3.2301
  3.2333
  3.2269
  3.2240
  3.2287
  3.2198
  3.2222
  3.2295
  3.2244
  3.2170
  3.2375
  3.2258
  3.2283
  3.2359
  3.2440
  3.2266
  3.2267
  3.2323
  3.2305
  3.2316
  3.2318
  3.2312
  3.2248
  3.2228
  3.2173
  3.2323
  3.2264
  3.2308
  3.2273
  3.2391
  3.2148
  3.2252
  3.2335
  3.2185
  3.2282
  3.2317
  3.2235
  3.2222
  3.2244
  3.2221
  3.2178
  3.2364
  3.2275
  3.2202
  3.2276
  3.2251
  3.2390
  3.2371
  3.2349
  3.2291
  3.2309
  3.2322
  3.2283
  3.2264
  3.2224
  3.2246
  3.2294
  3.2274
  3.2189
  3.2253
  3.2175
  3.2237
  3.2274
  3.2355
  3.2331
  3.2332
  3.2235
  3.2285
  3.2213
  3.2211
  3.2151
  3.2263
  3.2099
  3.2234
  3.2258
  3.2213
  3.2261
  3.2329
  3.2202
  3.2354
  3.2305
  3.2251
  3.2245
  3.2272
  3.2357
  3.2202
  3.2219
  3.2218
  3.2169
  3.2218
  3.2237
  3.2423
  3.2161
  3.2356
  3.2355
  3.2177
  3.2326
  3.2288
  3.2320
  3.2185
  3.2139
  3.2122
  3.2267
  3.2163
  3.2202
  3.2206
  3.2355
  3.2308
  3.2147
  3.2255
  3.2065
  3.2231
  3.2193
  3.2238
  3.2230
  3.2353
  3.2238
  3.2268
  3.2236
  3.2177
  3.2286
  3.2160
  3.2231
  3.2149
  3.2219
  3.2211
  3.2216
  3.2170
  3.2308
  3.2180
  3.2064
  3.2235
  3.2201
  3.2401
  3.2197
  3.2245
  3.2178
  3.2253
  3.2283
  3.2209
  3.2275
  3.2391
  3.2245
  3.2244
  3.2200
  3.2292
  3.2254
  3.2326
  3.2208
  3.2206
  3.2248
  3.2145
  3.2400
  3.2247
  3.2299
  3.2114
  3.2162
  3.2287
  3.2238
  3.2190
  3.2260
  3.2264
  3.2236
  3.2258
  3.2340
  3.2221
  3.2159
  3.2255
  3.2182
  3.2250
  3.2243
  3.2247
  3.2143
  3.2227
  3.2414
  3.2217
  3.2175
  3.2177
  3.2251
  3.2340
  3.2296
  3.2177
  3.2174
  3.2173
  3.2263
  3.2204
  3.2375
  3.2332
  3.2130
  3.2112
  3.2205
  3.2161
  3.2245
  3.2148
  3.2275
  3.2198
  3.2198
  3.2348
  3.2290
  3.2205
  3.2195
  3.2121
  3.2277
  3.2232
  3.2265
  3.2188
  3.2336
  3.2205
  3.2232
  3.2323
  3.2258
  3.2228
  3.2334
  3.2292
  3.2243
  3.2244
  3.2173
  3.2209
  3.2239
  3.2210
  3.2276
  3.2310
  3.2336
  3.2224
  3.2187
  3.2124
  3.2156
  3.2183
  3.2236
  3.2192
  3.2182
  3.2188
  3.2277
  3.2284
  3.2116
  3.2148
  3.2294
  3.2173
  3.2139
  3.2118
  3.2282
  3.2165
  3.2219
  3.2221
  3.2279
  3.2142
  3.2098
  3.2136
  3.2168
  3.2228
  3.2207
  3.2269
  3.2212
  3.2283
  3.2072
  3.2156
  3.2258
  3.2169
  3.2239
  3.2241
  3.2120
  3.2229
  3.2187
  3.2306
  3.2255
  3.2055
  3.2173
  3.2200
  3.2169
  3.2261
  3.2104
  3.2264
  3.2180
  3.2170
  3.2134
  3.2241
  3.2091
  3.2218
  3.2236
  3.2253
  3.2171
  3.2090
  3.2172
  3.2249
  3.2290
  3.2225
  3.2129
  3.2241
  3.2188
  3.2302
  3.2207
  3.2340
  3.2185
  3.2108
  3.2207
  3.2159
  3.2217
  3.2204
  3.2285
  3.2267
  3.2270
  3.2318
  3.2088
  3.2122
  3.2209
  3.2197
  3.2190
  3.2256
  3.2202
  3.2211
  3.2246
  3.2215
  3.2264
  3.2244
  3.2266
  3.2242
  3.2287
  3.2321
  3.2104
  3.2077
  3.2244
  3.2177
  3.2341
  3.2180
  3.2174
  3.2185
  3.2212
  3.2273
  3.2209
  3.2070
  3.2210
  3.2226
  3.2185
  3.2210
  3.2222
  3.2308
  3.2209
  3.2211
  3.2187
  3.2153
  3.2132
  3.2273
  3.2311
  3.2293
  3.2127
  3.2136
  3.2246
  3.2184
  3.2188
  3.2080
  3.2218
  3.2202
  3.2171
  3.2247
  3.2179
  3.2149
  3.2114
  3.2220
  3.2078
  3.2145
  3.2131
  3.2197
  3.2180
  3.2274
  3.2185
  3.2229
  3.2097
  3.2022
  3.2112
  3.2244
  3.2183
  3.2137
  3.2108
  3.2124
  3.2152
  3.2243
  3.2251
  3.2147
  3.2141
  3.2274
  3.2171
  3.2170
  3.2117
  3.2143
  3.2120
  3.2165
  3.2090
  3.2229
  3.2232
  3.2127
  3.2059
  3.2198
  3.2178
  3.2271
  3.2125
  3.2137
  3.2192
  3.2136
  3.2250
  3.2136
  3.2124
  3.2129
  3.2125
  3.2169
  3.2221
  3.2180
  3.2169
  3.2233
  3.2155
  3.2253
  3.2259
  3.2224
  3.2070
  3.2205
  3.2194
  3.2159
  3.2196
  3.2222
  3.2269
  3.2235
  3.2224
  3.2269
  3.2184
  3.2253
  3.2136
  3.2121
  3.2212
  3.2201
  3.2151
  3.2100
  3.2194
  3.2158
  3.2078
  3.2034
  3.2249
  3.2228
  3.2201
  3.2216
  3.2259
  3.2135
  3.2245
  3.2106
  3.2183
  3.2157
  3.2194
  3.2257
  3.2131
  3.2213
  3.2221
  3.2321
  3.2229
  3.2189
  3.2218
  3.2192
  3.2263
  3.2352
  3.2157
  3.2158
  3.2178
  3.2195
  3.2280
  3.2131
  3.2311
  3.2312
  3.2123
  3.2140
  3.2234
  3.2240
  3.2344
  3.2228
  3.2244
  3.2238
  3.2200
  3.2166
  3.2218
  3.2251
  3.2190
  3.2276
  3.2199
  3.2195
  3.2265
  3.2167
  3.2242
  3.2307
  3.2241
  3.2114
  3.2180
  3.2200
  3.2334
  3.2166
  3.2152
  3.2127
  3.2210
  3.2203
  3.2215
  3.2304
  3.2219
  3.2329
  3.2240
  3.2208
  3.2186
  3.2253
  3.2164
  3.2227
  3.2120
  3.2301
  3.2243
  3.2174
  3.2230
  3.2160
  3.2281
  3.2199
  3.2206
  3.2040
  3.2065
  3.2127
  3.2126
  3.2151
  3.2191
  3.2194
  3.2157
  3.2123
  3.2213
  3.2211
  3.2295
  3.2228
  3.2137
  3.2236
  3.2227
  3.2227
  3.2217
  3.2290
  3.2125
  3.2131
  3.2121
  3.2199
  3.2175
  3.2141
  3.2099
  3.2265
  3.2098
  3.2176
  3.2116
  3.2181
  3.2241
  3.2219
  3.2174
  3.2240
  3.2105
  3.2141
  3.2192
  3.2220
  3.2116
  3.2179
  3.2079
  3.2222
  3.2207
  3.2079
  3.2154
  3.2195
  3.2185
  3.2126
  3.2146
  3.2068
  3.2265
  3.2217
  3.2163
  3.2258
  3.2124
  3.2159
  3.2265
  3.2315
  3.2277
  3.2230
  3.2169
  3.2318
  3.2186
  3.2124
  3.2080
  3.2188
  3.2258
  3.2182
  3.2144
  3.2132
  3.2096
  3.2143
  3.2215
  3.2205
  3.2205
  3.2123
  3.2178
  3.2125
  3.2201
  3.2167
  3.2282
  3.2155
  3.2058
  3.2175
  3.2141
  3.2212
  3.2202
  3.2230
  3.2193
  3.2295
  3.2306
  3.2220
  3.2148
  3.2227
  3.2139
  3.2160
  3.2152
  3.2213
  3.2241
  3.2037
  3.2261
  3.2213
  3.2184
  3.2231
  3.2235
  3.2125
  3.2179
  3.2312
  3.2283
  3.2115
  3.2203
  3.2121
  3.2318
  3.2167
  3.2142
  3.2216
  3.2157
  3.2189
  3.2239
  3.2166
  3.2155
  3.2235
  3.2207
  3.2114
  3.2113
  3.2145
  3.2230
  3.2060
  3.2252
  3.2161
  3.2161
  3.2245
  3.2195
  3.2108
  3.2191
  3.2182
  3.2230
  3.2213
  3.2175
  3.2294
  3.2135
  3.2146
  3.2242
  3.2087
  3.2216
  3.2165
  3.2225
  3.2176
  3.2060
  3.2210
  3.2240
  3.2144
  3.2163
  3.2219
  3.2240
  3.2232
  3.2218
  3.2162
  3.2197
  3.2261
  3.2128
  3.2162
  3.2180
  3.2298
  3.2179
  3.2112
  3.2260
  3.2222
  3.2192
  3.2193
  3.2150
  3.2165
  3.2237
  3.2284
  3.2207
  3.2209
  3.2212
  3.2200
  3.2350
  3.2242
  3.2294
  3.2130
  3.2306
  3.2220
  3.2173
  3.2157
  3.2191
  3.2137
  3.2186
  3.2161
  3.2126
  3.2092
  3.2256
  3.2189
  3.2234
  3.2141
  3.2098
  3.2225
  3.2217
  3.2229
  3.2168
  3.2120
  3.2230
  3.2177
  3.2166
  3.2132
  3.2207
  3.2142
  3.2236
  3.2191
  3.2178
  3.2136
  3.2297
  3.2196
  3.2139
  3.2136
  3.2295
  3.2230
  3.2129
  3.2100
  3.2185
  3.2227
  3.2158
  3.2131
  3.2217
  3.2194
  3.2298
  3.2353
  3.2118
  3.2169
  3.2199
  3.2209
  3.2292
  3.2194
  3.2144
  3.2182
  3.2252
  3.2208
  3.2041
  3.2308
  3.2226
  3.2278
  3.2200
  3.2186
  3.2041
  3.2173
  3.2187
  3.2019
  3.2234
  3.2111
  3.2238
  3.2180
  3.2174
  3.2129
  3.2062
  3.2207
  3.2283
  3.2288
  3.2114
  3.2244
  3.2087
  3.2200
  3.2227
  3.2146
  3.2172
  3.2203
  3.2132
  3.2136
  3.2146
  3.2167
  3.2122
  3.2138
  3.2124
  3.2200
  3.2259
  3.2178
  3.2140
  3.2163
  3.2124
  3.2278
  3.2198
  3.2153
  3.2185
  3.2174
  3.2131
  3.2112
  3.2152
  3.2268
  3.2173
  3.2208
  3.2112
  3.2239
  3.2138
  3.1981
  3.2309
  3.2109
  3.2154
  3.2311
  3.2117
  3.2166
  3.2251
  3.2206
  3.2340
  3.2297
  3.2214
  3.2110
  3.2163
  3.2131
  3.2263
  3.2052
  3.2220
  3.2152
  3.2187
  3.2227
  3.2052
  3.2204
  3.2115
  3.2113
  3.2247
  3.2212
  3.2196
  3.2207
  3.2140
  3.2301
  3.2206
  3.2253
  3.2058
  3.2126
  3.2122
  3.2208
  3.2176
  3.2154
  3.2188
  3.2260
  3.2084
  3.2178
  3.2117
  3.2235
  3.2196
  3.2258
  3.2202
  3.2143
  3.2288
  3.2268
  3.2219
  3.2285
  3.2245
  3.2267
  3.2218
  3.2124
  3.2000
  3.2202
  3.2312
  3.2079
  3.2176
  3.2180
  3.2179
  3.2152
  3.2281
  3.2175
  3.2217
  3.2141
  3.2169
  3.2151
  3.2193
  3.2191
  3.2136
  3.2228
  3.2146
  3.2115
  3.2185
  3.2254
  3.2156
  3.2222
  3.2200
  3.2165
  3.2121
  3.2150
  3.2180
  3.2212
  3.2209
  3.2185
  3.2283
  3.2197
  3.2180
  3.2140
  3.2198
  3.2148
  3.2131
  3.2209
  3.2235
  3.2161
  3.2147
  3.2107
  3.2208
  3.2127
  3.2246
  3.2251
  3.2358
  3.2217
  3.2331
  3.2227
  3.2197
  3.2240
  3.2140
  3.2207
  3.2122
  3.2216
  3.2283
  3.2125
  3.2111
  3.2106
  3.2312
  3.2086
  3.2180
  3.2148
  3.2221
  3.2308
  3.2160
  3.2207
  3.2282
  3.2148
  3.2172
  3.2199
  3.2265
  3.2216
  3.2200
  3.2129
  3.2174
  3.2106
  3.2160
  3.2208
  3.2232
  3.2154
  3.2097
  3.2234
  3.2080
  3.2231
  3.2187
  3.2176
  3.2176
  3.2131
  3.2275
  3.2122
  3.2248
  3.2198
  3.2139
  3.2202
  3.2089
  3.2126
  3.2316
  3.2221
  3.2173
  3.2252
  3.2106
  3.2195
  3.2161
  3.2094
  3.2132
  3.2211
  3.2253
  3.2231
  3.2164
  3.2097
  3.2152
  3.2166
  3.2155
  3.2188
  3.2110
  3.2172
  3.2266
  3.2163
  3.2209
  3.2236
  3.2185
  3.2127
  3.2240
  3.2237
  3.2238
  3.2291
  3.2299
  3.2082
  3.2084
  3.2075
  3.2190
  3.2173
  3.2176
  3.2122
  3.2349
  3.2254
  3.2242
  3.2131
  3.2198
  3.2233
  3.2228
  3.2225
  3.2180
  3.2114
  3.2117
  3.2222
  3.2258
  3.2162
  3.2228
  3.2110
  3.2162
  3.2268
  3.2096
  3.2230
  3.2317
  3.2203
  3.2150
  3.2120
  3.2065
  3.2228
  3.2028
  3.2234
  3.2151
  3.2184
  3.2106
  3.2086
  3.2161
  3.2307
  3.2116
  3.2195
  3.2192
  3.2236
  3.2264
  3.2183
  3.2101
  3.2063
  3.2162
  3.2224
  3.2167
  3.2222
  3.2157
  3.2229
  3.2172
  3.2184
  3.2283
  3.2222
  3.2174
  3.1986
  3.2232
  3.2159
  3.2149
  3.2200
  3.2112
  3.2311
  3.2225
  3.2262
  3.2292
  3.2189
  3.2146
  3.1974
  3.2144
  3.2234
  3.2148
  3.2324
  3.2296
  3.2283
  3.2180
  3.2157
  3.2190
  3.2082
  3.2210
  3.2333
  3.2156
  3.2246
  3.2209
  3.2200
  3.2072
  3.2263
  3.2156
  3.2077
  3.2158
  3.2172
  3.2191
  3.2186
  3.2245
  3.2254
  3.2166
  3.2269
  3.2173
  3.2191
  3.2315
  3.2124
  3.2060
  3.2205
  3.2080
  3.2178
  3.2205
  3.2198
  3.2234
  3.2327
  3.2214
  3.2096
  3.2160
  3.2218
  3.2147
  3.2207
  3.2262
  3.2239
  3.2187
  3.2145
  3.2181
  3.2225
  3.2312
  3.2206
  3.2199
  3.2184
  3.2272
  3.2010
  3.2110
  3.2173
  3.2102
  3.2182
  3.2177
  3.2159
  3.2214
  3.2174
  3.2197
  3.2207
  3.2102
  3.2204
  3.2303
  3.2018
  3.2058
  3.2103
  3.2110
  3.2206
  3.2185
  3.2130
  3.2150
  3.2058
  3.2150
  3.2220
  3.2169
  3.2150
  3.2267
  3.2227
  3.2197
  3.2189
  3.2183
  3.2097
  3.2096
  3.2250
  3.2175
  3.2278
  3.2243
  3.2181
  3.2183
  3.2119
  3.2133
  3.2146
  3.2161
  3.2311
  3.2170
  3.2160
  3.2031
  3.2266
  3.2174
  3.2197
  3.2313
  3.2210
  3.2281
  3.2229
  3.2181
  3.2127
  3.2128
  3.2196
  3.2073
  3.2169
  3.2160
  3.2235
  3.2203
  3.2228
  3.2239
  3.2318
  3.2130
  3.2205
  3.2107
  3.2303
  3.2192
  3.2195
  3.2227
  3.2162
  3.2215
  3.2270
  3.2299
  3.2180
  3.2186
  3.2233
  3.2191
  3.2174
  3.2146
  3.1974
  3.2145
  3.2218
  3.2100
  3.2071
  3.2183
  3.2312
  3.2248
  3.2192
  3.2196
  3.2128
  3.2189
  3.2162
  3.2238
  3.2123
  3.2116
  3.2221
  3.2241
  3.2160
  3.2085
  3.2255
  3.2041
  3.2219
  3.2241
  3.2282
  3.2145
  3.2186
  3.2130
  3.2091
  3.2233
  3.2204
  3.2154
  3.2101
  3.2227
  3.2166
  3.2144
  3.2267
  3.2143
  3.2176
  3.2160
  3.2103
  3.2158
  3.2141
  3.2185
  3.2192
  3.2183
  3.2210
  3.2181
  3.2189
  3.2110
  3.2160
  3.2213
  3.2093
  3.2057
  3.2244
  3.2246
  3.2310
  3.2086
  3.2214
  3.2254
  3.2124
  3.2195
  3.2147
  3.2014
  3.2114
  3.2296
  3.2222
  3.2109
  3.2174
  3.2183
  3.2303
  3.2221
  3.2261
  3.2217
  3.2088
  3.2117
  3.2225
  3.2109
  3.2139
  3.2221
  3.2238
  3.2217
  3.2184
  3.2175
  3.2128
  3.2284
  3.2159
  3.2178
  3.2191
  3.2124
  3.2201
  3.2185
  3.2286
  3.2200
  3.2059
  3.2149
  3.2381
  3.2192
  3.2214
  3.2147
  3.2107
  3.2204
  3.2191
  3.2264
  3.2062
  3.2178
  3.2100
  3.2320
  3.2324
  3.2202
  3.2315
  3.2139
  3.2190
  3.2097
  3.2204
  3.2173
  3.2079
  3.2193
  3.2151
  3.2150
  3.2238
  3.2123
  3.2315
  3.2042
  3.2107
  3.2136
  3.2220
  3.2145
  3.2250
  3.2154
  3.2249
  3.2342
  3.2151
  3.2067
  3.2178
  3.2152
  3.2149
  3.2173
  3.2123
  3.2281
  3.2135
  3.2143
  3.2145
  3.2206
  3.2222
  3.2198
  3.2133
  3.2227
  3.2237
  3.2187
  3.2079
  3.2176
  3.2225
  3.2111
  3.2212
  3.2218
  3.2326
  3.2118
  3.2121
  3.2218
  3.2146
  3.2232
  3.2272
  3.2166
  3.2289
  3.2081
  3.2219
  3.2148
  3.2270
  3.2194
  3.2078
  3.2055
  3.2164
  3.2118
  3.2150
  3.2255
  3.2145
  3.2276
  3.2118
  3.2178
  3.2098
  3.2137
  3.2203
  3.2235
  3.2233
  3.2111
  3.2175
  3.2167
  3.2303
  3.2146
  3.2239
  3.2124
  3.2257
  3.2083
  3.2173
  3.2172
  3.2261
  3.2176
  3.2132
  3.2200
  3.2220
  3.2236
  3.2123
  3.2185
  3.2158
  3.2136
  3.2143
  3.2046
  3.2200
  3.2132
  3.2162
  3.2087
  3.2180
  3.2078
  3.2171
  3.2138
  3.2140
  3.2214
  3.2192
  3.2180
  3.2092
  3.2152
  3.2189
  3.2296
  3.2151
  3.2176
  3.2215
  3.2157
  3.2197
  3.2407
  3.2174
  3.2141
  3.2094
  3.2178
  3.2096
  3.2139
  3.2220
  3.2094
  3.2201
  3.2283
  3.2330
  3.2264
  3.2261
  3.2162
  3.2130
  3.2176
  3.2074
  3.2167
  3.2299
  3.2245
  3.2012
  3.2204
  3.2176
  3.2072
  3.2207
  3.2123
  3.2210
  3.2215
  3.2151
  3.2139
  3.2172
  3.2083
  3.2083
  3.2257
  3.2110
  3.2256
  3.2210
  3.2279
  3.2239
  3.2151
  3.2200
  3.2200
  3.2159
  3.2265
  3.2103
  3.2282
  3.2156
  3.2163
  3.2136
  3.2284
  3.2224
  3.2255
  3.2116
  3.2117
  3.2302
  3.2202
  3.2100
  3.2172
  3.2219
  3.2158
  3.2191
  3.2187
  3.2123
  3.2191
  3.2225
  3.2276
  3.2140
  3.2241
  3.2255
  3.2207
  3.2140
  3.2166
  3.2262
  3.2253
  3.2251
  3.2173
  3.2194
  3.2188
  3.2211
  3.2083
  3.2194
  3.2169
  3.2196
  3.2192
  3.2152
  3.2008
  3.2205
  3.2179
  3.2089
  3.2158
  3.2135
  3.2145
  3.2174
  3.2113
  3.2180
  3.2139
  3.2147
  3.2210
  3.2189
  3.2003
  3.2207
  3.2228
  3.2146
  3.2132
  3.2186
  3.2189
  3.2201
  3.2084
  3.2129
  3.2248
  3.2243
  3.2214
  3.2232
  3.2063
  3.2272
  3.2246
  3.2174
  3.2178
  3.2217
  3.2299
  3.2120
  3.2144
  3.2132
  3.2123
  3.2150
  3.2132
  3.2117
  3.2199
  3.2213
  3.2169
  3.2161
  3.2237
  3.2069
  3.2097
  3.2115
  3.2265
  3.2055
  3.2098
  3.2182
  3.2202
  3.2196
  3.2246
  3.2283
  3.2179
  3.2172
  3.2289
  3.2264
  3.2236
  3.2216
  3.2199
  3.2180
  3.2194
  3.2216
  3.2151
  3.2242
  3.2090
  3.2158
  3.2226
  3.2252
  3.2069
  3.2305
  3.2093
  3.2115
  3.2217
  3.2163
  3.2220
  3.2156
  3.2182
  3.2207
  3.2181
  3.2154
  3.2206
  3.2154
  3.2205
  3.2162
  3.2166
  3.2195
  3.2239
  3.2190
  3.2136
  3.2151
  3.2192
  3.2107
  3.2284
  3.2169
  3.2226
  3.2172
  3.2166
  3.2160
  3.2185
  3.2184
  3.2174
  3.2087
  3.2187
  3.2140
  3.2246
  3.2261
  3.2183
  3.2238
  3.2131
  3.2230
  3.2058
  3.2221
  3.2216
  3.2110
  3.2145
  3.2163
  3.2061
  3.2234
  3.2094
  3.2134
  3.2156
  3.2283
  3.2133
  3.2095
  3.2088
  3.2086
  3.2166
  3.2038
  3.2275
  3.2210
  3.2236
  3.2272
  3.2192
  3.2293
  3.2230
  3.2179
  3.2192
  3.2271
  3.2129
  3.2251
  3.2209
  3.2285
  3.2154
  3.2208
  3.2166
  3.2099
  3.2157
  3.2111
  3.2124
  3.2098
  3.2310
  3.2294
  3.2328
  3.2096
  3.2244
  3.2183
  3.2120
  3.2265
  3.2092
  3.2289
  3.2165
  3.2158
  3.2115
  3.2018
  3.2291
  3.2089
  3.2120
  3.2212
  3.2242
  3.2228
  3.2138
  3.2093
  3.2164
  3.2132
  3.2040
  3.2176
  3.2269
  3.2152
  3.2246
  3.2131
  3.2088
  3.2131
  3.2237
  3.2224
  3.2192
  3.2260
  3.2189
  3.2149
  3.2113
  3.2117
  3.2031
  3.2132
  3.2224
  3.2103
  3.2044
  3.2199
  3.2178
  3.2293
  3.2299
  3.2129
  3.2198
  3.2322
