C1431410.150089
Gadanki 14/03/2014 10:14:30 14/03/2014 10:15:01 0375 0079.2 0013.5 00
0000000 0020 0000600 0020 01
1 0 2 02000 1 0000 0030 00532.o 0 0 00 000 14 000600 0.500 BT0
532.000 .o analog 0 
  3.0954
 21.2134
 18.9052
 11.1371
 12.2348
 13.6225
 16.9112
 27.1992
 37.9030
 41.0875
 39.5314
 35.8728
 32.2831
 28.7731
 25.7799
 23.6384
 21.1886
 18.8673
 17.0305
 15.7154
 14.9121
 13.9228
 12.9929
 12.0794
 11.2622
 10.5180
  9.9013
  9.3840
  8.8896
  8.4371
  8.0170
  7.6783
  7.3216
  7.0023
  6.7097
  6.4638
  6.1841
  5.9253
  5.7038
  5.4126
  5.2399
  5.1387
  5.0186
  4.9341
  4.7974
  4.7131
  4.5861
  4.4927
  4.4363
  4.3957
  4.3523
  4.2418
  4.1775
  4.1449
  4.1018
  4.1121
  4.1012
  3.9926
  3.9686
  4.0171
  3.9851
  3.9240
  3.8351
  3.7985
  3.7895
  3.7651
  3.7091
  3.6696
  3.6654
  3.6485
  3.6375
  3.6056
  3.5697
  3.5442
  3.5290
  3.5018
  3.4958
  3.4793
  3.4834
  3.4569
  3.4759
  3.5023
  3.4920
  3.4276
  3.4002
  3.3802
  3.3832
  3.3608
  3.3451
  3.3491
  3.3417
  3.3419
  3.3215
  3.3244
  3.3149
  3.3165
  3.2959
  3.2887
  3.2956
  3.2880
  3.2701
  3.2769
  3.2766
  3.2684
  3.2651
  3.2626
  3.2505
  3.2395
  3.2474
  3.2485
  3.2490
  3.2397
  3.2285
  3.2399
  3.2349
  3.2222
  3.2202
  3.2266
  3.2232
  3.2173
  3.2157
  3.2190
  3.2178
  3.2190
  3.2099
  3.2072
  3.2128
  3.1971
  3.2066
  3.2053
  3.1950
  3.1976
  3.1905
  3.1817
  3.1931
  3.1916
  3.1798
  3.1817
  3.1793
  3.1921
  3.1875
  3.1873
  3.1749
  3.1752
  3.1800
  3.1782
  3.1773
  3.1802
  3.1787
  3.1714
  3.1639
  3.1662
  3.1686
  3.1597
  3.1724
  3.1646
  3.1683
  3.1612
  3.1559
  3.1625
  3.1596
  3.1603
  3.1645
  3.1590
  3.1525
  3.1565
  3.1587
  3.1484
  3.1484
  3.1553
  3.1591
  3.1556
  3.1443
  3.1440
  3.1427
  3.1443
  3.1504
  3.1502
  3.1416
  3.1367
  3.1408
  3.1511
  3.1461
  3.1431
  3.1418
  3.1292
  3.1300
  3.1433
  3.1374
  3.1414
  3.1478
  3.1319
  3.1407
  3.1342
  3.1349
  3.1467
  3.1348
  3.1397
  3.1262
  3.1290
  3.1459
  3.1320
  3.1271
  3.1424
  3.1292
  3.1362
  3.1317
  3.1201
  3.1255
  3.1326
  3.1395
  3.1209
  3.1314
  3.1292
  3.1354
  3.1362
  3.1224
  3.1285
  3.1166
  3.1303
  3.1330
  3.1209
  3.1355
  3.1166
  3.1217
  3.1257
  3.1214
  3.1124
  3.1200
  3.1215
  3.1207
  3.1220
  3.1179
  3.1187
  3.1217
  3.1308
  3.1279
  3.1233
  3.1265
  3.1122
  3.1229
  3.1271
  3.1246
  3.1064
  3.1256
  3.1200
  3.1122
  3.1153
  3.1334
  3.1164
  3.1180
  3.1230
  3.1258
  3.1200
  3.1202
  3.1174
  3.1228
  3.1063
  3.1140
  3.1275
  3.1128
  3.1259
  3.1153
  3.1197
  3.1195
  3.1166
  3.1235
  3.1243
  3.1132
  3.1246
  3.1211
  3.1327
  3.1217
  3.1144
  3.1167
  3.1192
  3.1221
  3.1271
  3.1140
  3.1123
  3.1234
  3.1087
  3.1103
  3.1097
  3.1198
  3.1080
  3.1160
  3.1075
  3.1218
  3.1100
  3.1158
  3.1148
  3.1221
  3.1128
  3.1195
  3.1158
  3.1168
  3.1118
  3.1070
  3.1181
  3.1057
  3.1106
  3.1133
  3.1105
  3.1091
  3.1122
  3.1077
  3.0961
  3.1179
  3.1129
  3.1191
  3.1117
  3.1193
  3.1170
  3.1212
  3.1018
  3.1076
  3.1128
  3.1094
  3.1079
  3.1115
  3.1134
  3.1120
  3.1104
  3.1104
  3.1030
  3.1134
  3.1045
  3.1089
  3.1140
  3.1097
  3.1101
  3.1015
  3.1053
  3.1053
  3.1317
  3.1112
  3.1224
  3.1158
  3.1119
  3.1172
  3.1159
  3.1039
  3.1130
  3.1120
  3.0967
  3.1027
  3.1063
  3.1110
  3.1055
  3.1164
  3.1140
  3.1110
  3.1040
  3.1063
  3.1126
  3.1102
  3.1142
  3.1008
  3.1093
  3.1095
  3.1107
  3.0922
  3.1077
  3.1068
  3.1126
  3.1193
  3.1099
  3.1245
  3.1063
  3.1111
  3.1018
  3.1097
  3.1174
  3.1129
  3.1170
  3.0983
  3.1076
  3.1003
  3.1096
  3.1068
  3.1051
  3.1078
  3.1011
  3.1154
  3.1172
  3.1001
  3.1066
  3.1080
  3.0996
  3.1114
  3.0956
  3.1072
  3.1183
  3.1209
  3.1024
  3.1058
  3.1026
  3.0934
  3.1071
  3.1155
  3.1157
  3.1090
  3.1089
  3.1083
  3.1055
  3.0934
  3.1142
  3.1066
  3.1061
  3.1008
  3.1171
  3.1184
  3.0970
  3.1035
  3.1049
  3.1031
  3.1016
  3.1135
  3.1106
  3.1180
  3.1053
  3.1175
  3.1015
  3.0951
  3.1233
  3.1034
  3.1075
  3.1095
  3.0986
  3.1100
  3.1147
  3.1093
  3.1010
  3.1109
  3.1111
  3.1090
  3.1137
  3.1067
  3.1037
  3.1082
  3.1123
  3.1019
  3.0989
  3.1057
  3.1108
  3.1054
  3.1071
  3.1055
  3.1122
  3.1157
  3.1044
  3.1088
  3.0975
  3.0992
  3.0980
  3.1038
  3.1027
  3.1133
  3.1033
  3.1171
  3.0952
  3.1112
  3.1067
  3.1120
  3.0998
  3.1013
  3.1177
  3.1069
  3.1033
  3.1071
  3.1080
  3.1138
  3.1122
  3.0962
  3.0994
  3.1068
  3.1085
  3.1078
  3.1009
  3.1140
  3.1003
  3.0935
  3.1088
  3.1127
  3.1123
  3.1166
  3.0935
  3.0932
  3.1065
  3.1050
  3.1046
  3.1142
  3.1033
  3.0973
  3.1106
  3.1040
  3.1155
  3.1021
  3.1111
  3.1108
  3.0998
  3.0979
  3.1105
  3.0988
  3.1019
  3.1081
  3.1116
  3.1001
  3.0966
  3.1173
  3.1012
  3.1107
  3.1002
  3.1104
  3.1176
  3.1104
  3.1031
  3.1097
  3.1037
  3.1090
  3.1026
  3.1038
  3.1130
  3.1004
  3.1072
  3.1069
  3.1020
  3.1150
  3.1068
  3.1062
  3.1146
  3.1085
  3.1123
  3.1130
  3.0988
  3.1175
  3.0948
  3.0986
  3.1115
  3.1055
  3.1078
  3.1003
  3.1143
  3.1070
  3.1207
  3.1114
  3.1019
  3.1159
  3.1020
  3.1167
  3.0981
  3.1136
  3.1064
  3.1055
  3.0945
  3.0936
  3.1096
  3.1118
  3.1003
  3.0976
  3.1146
  3.1070
  3.1009
  3.1150
  3.1211
  3.1041
  3.1046
  3.0971
  3.1044
  3.1149
  3.1138
  3.1034
  3.0919
  3.1133
  3.1161
  3.0864
  3.1137
  3.1150
  3.1170
  3.1123
  3.1051
  3.0979
  3.1133
  3.1142
  3.1076
  3.1089
  3.0995
  3.1165
  3.1133
  3.0967
  3.1014
  3.1016
  3.1061
  3.1111
  3.0913
  3.0978
  3.1082
  3.0994
  3.1055
  3.1072
  3.1120
  3.1118
  3.1133
  3.1152
  3.1100
  3.1029
  3.1121
  3.1093
  3.1040
  3.1081
  3.1100
  3.1013
  3.0975
  3.1078
  3.1109
  3.1114
  3.1117
  3.1034
  3.1028
  3.1019
  3.1077
  3.0978
  3.1041
  3.1022
  3.0960
  3.1004
  3.1095
  3.1013
  3.1017
  3.1070
  3.1033
  3.1112
  3.1066
  3.1036
  3.1071
  3.0984
  3.1111
  3.1122
  3.1090
  3.0998
  3.1005
  3.0972
  3.1088
  3.0978
  3.1043
  3.1200
  3.1040
  3.0913
  3.1011
  3.1027
  3.1094
  3.1007
  3.1053
  3.0990
  3.1140
  3.0999
  3.0988
  3.0940
  3.1037
  3.1086
  3.1094
  3.1056
  3.1012
  3.1097
  3.0991
  3.1000
  3.0963
  3.1079
  3.1064
  3.0954
  3.1108
  3.0999
  3.1046
  3.1029
  3.1183
  3.1100
  3.1119
  3.1012
  3.1193
  3.1005
  3.1094
  3.1149
  3.0956
  3.1038
  3.1013
  3.0988
  3.0967
  3.1040
  3.1042
  3.1195
  3.1112
  3.1010
  3.1057
  3.1135
  3.1005
  3.1071
  3.1106
  3.1002
  3.1119
  3.1128
  3.0998
  3.0886
  3.0922
  3.1058
  3.1138
  3.1115
  3.1001
  3.1100
  3.1005
  3.0992
  3.1076
  3.0988
  3.1008
  3.1004
  3.1052
  3.0998
  3.0979
  3.1002
  3.1090
  3.1062
  3.1000
  3.1047
  3.1150
  3.1019
  3.1117
  3.1006
  3.0998
  3.1058
  3.0971
  3.0948
  3.1087
  3.1093
  3.1194
  3.0934
  3.1063
  3.0951
  3.1035
  3.1075
  3.1012
  3.1006
  3.1148
  3.0916
  3.1033
  3.1076
  3.0970
  3.1082
  3.1059
  3.1029
  3.0920
  3.1018
  3.1057
  3.1157
  3.1013
  3.0983
  3.1147
  3.1012
  3.1084
  3.0979
  3.1054
  3.1137
  3.1082
  3.1135
  3.1228
  3.1057
  3.1016
  3.1022
  3.1018
  3.1110
  3.1000
  3.1138
  3.0988
  3.1049
  3.1104
  3.0993
  3.1024
  3.1062
  3.1082
  3.1086
  3.1010
  3.0982
  3.1047
  3.0997
  3.0961
  3.1020
  3.0979
  3.1072
  3.1116
  3.0962
  3.1066
  3.1058
  3.1127
  3.1063
  3.1028
  3.1129
  3.1059
  3.1033
  3.1036
  3.1056
  3.1161
  3.1050
  3.0980
  3.1112
  3.1104
  3.1054
  3.0992
  3.0997
  3.1064
  3.1066
  3.1107
  3.0969
  3.1023
  3.1024
  3.1121
  3.1126
  3.1027
  3.0967
  3.1120
  3.1024
  3.0993
  3.1152
  3.1163
  3.1001
  3.1131
  3.1058
  3.1039
  3.1005
  3.1163
  3.0978
  3.1008
  3.0997
  3.1047
  3.0972
  3.0948
  3.1129
  3.1079
  3.0953
  3.0976
  3.1083
  3.0994
  3.1077
  3.1034
  3.0970
  3.1023
  3.0954
  3.1010
  3.1130
  3.1074
  3.0975
  3.0921
  3.1024
  3.1144
  3.1007
  3.0966
  3.0964
  3.0996
  3.1037
  3.1087
  3.1034
  3.1016
  3.1026
  3.1106
  3.1094
  3.1087
  3.1115
  3.1086
  3.0902
  3.0901
  3.1054
  3.1047
  3.0981
  3.0921
  3.1035
  3.0975
  3.1187
  3.1027
  3.1040
  3.1128
  3.0973
  3.1024
  3.1007
  3.1072
  3.1047
  3.1005
  3.1024
  3.1053
  3.1008
  3.0966
  3.1042
  3.0961
  3.1158
  3.0971
  3.1120
  3.1028
  3.1043
  3.1024
  3.1034
  3.1162
  3.1080
  3.1030
  3.1042
  3.0947
  3.0957
  3.0999
  3.1087
  3.1016
  3.1097
  3.1013
  3.1077
  3.1009
  3.1005
  3.0941
  3.0882
  3.0889
  3.1118
  3.1112
  3.1059
  3.1018
  3.1078
  3.1187
  3.1161
  3.0981
  3.1091
  3.1129
  3.1013
  3.1107
  3.1061
  3.1026
  3.1004
  3.1081
  3.1202
  3.1105
  3.1129
  3.1048
  3.1073
  3.1041
  3.1042
  3.1002
  3.1026
  3.1016
  3.1028
  3.1057
  3.1116
  3.1053
  3.1127
  3.1021
  3.0959
  3.1047
  3.1058
  3.1087
  3.1125
  3.1120
  3.1045
  3.1113
  3.0984
  3.1097
  3.0991
  3.1035
  3.1070
  3.0960
  3.1080
  3.1031
  3.1064
  3.1035
  3.1064
  3.0931
  3.1092
  3.1037
  3.1064
  3.1063
  3.1015
  3.1042
  3.1090
  3.0985
  3.1002
  3.1176
  3.0948
  3.1156
  3.1165
  3.1002
  3.1026
  3.1044
  3.0998
  3.1052
  3.0989
  3.1056
  3.1039
  3.1039
  3.0910
  3.1051
  3.1024
  3.0993
  3.1152
  3.1050
  3.0956
  3.1025
  3.1031
  3.0995
  3.1141
  3.1039
  3.0999
  3.1108
  3.1023
  3.1034
  3.0996
  3.1120
  3.1117
  3.1027
  3.1082
  3.1052
  3.1008
  3.1049
  3.1053
  3.1052
  3.1037
  3.1002
  3.0978
  3.1114
  3.1027
  3.1027
  3.1166
  3.1079
  3.0973
  3.0946
  3.1046
  3.0991
  3.0921
  3.1024
  3.1138
  3.1082
  3.0996
  3.1053
  3.0897
  3.1010
  3.0967
  3.1121
  3.0973
  3.1053
  3.1047
  3.1166
  3.0995
  3.0947
  3.1093
  3.0993
  3.1130
  3.0972
  3.0950
  3.1034
  3.1025
  3.1116
  3.1024
  3.1079
  3.0956
  3.1065
  3.1027
  3.0970
  3.1070
  3.1095
  3.1149
  3.0980
  3.1100
  3.1037
  3.1045
  3.1014
  3.1019
  3.1060
  3.1020
  3.1010
  3.1056
  3.0922
  3.1027
  3.1137
  3.0950
  3.1169
  3.1021
  3.1076
  3.1088
  3.1016
  3.1074
  3.1013
  3.1048
  3.0994
  3.1032
  3.0971
  3.0989
  3.1045
  3.0951
  3.0976
  3.1067
  3.0954
  3.1071
  3.1039
  3.1017
  3.1027
  3.1059
  3.1074
  3.1121
  3.1059
  3.1026
  3.1015
  3.1076
  3.1137
  3.0995
  3.0984
  3.0945
  3.1119
  3.1063
  3.1000
  3.1148
  3.1024
  3.1105
  3.1073
  3.1044
  3.1055
  3.1169
  3.1042
  3.1069
  3.1063
  3.1061
  3.1067
  3.1100
  3.1145
  3.1040
  3.0983
  3.1017
  3.1120
  3.1076
  3.0960
  3.1043
  3.1042
  3.1005
  3.0980
  3.1036
  3.0993
  3.1107
  3.1193
  3.1131
  3.0973
  3.1038
  3.1089
  3.0960
  3.1039
  3.0999
  3.0862
  3.1013
  3.0912
  3.1171
  3.0974
  3.1032
  3.1068
  3.1096
  3.1068
  3.1071
  3.0948
  3.1111
  3.1012
  3.0997
  3.1061
  3.1032
  3.0979
  3.1085
  3.1150
  3.1008
  3.1035
  3.0961
  3.1057
  3.1071
  3.1103
  3.1015
  3.1008
  3.1010
  3.0996
  3.1070
  3.1063
  3.1218
  3.1114
  3.1089
  3.1006
  3.1020
  3.1012
  3.1083
  3.1020
  3.0961
  3.1072
  3.1045
  3.0976
  3.1017
  3.1058
  3.0923
  3.1030
  3.1007
  3.1009
  3.0979
  3.1077
  3.1002
  3.1065
  3.1096
  3.0970
  3.1074
  3.1086
  3.0917
  3.0958
  3.0988
  3.0916
  3.1020
  3.1027
  3.1127
  3.1186
  3.0990
  3.1124
  3.1029
  3.0975
  3.0959
  3.0968
  3.1013
  3.1062
  3.1047
  3.0949
  3.1050
  3.0998
  3.0999
  3.1003
  3.1051
  3.1047
  3.1098
  3.1108
  3.0983
  3.1109
  3.1145
  3.0987
  3.0952
  3.1134
  3.1001
  3.1077
  3.0921
  3.1040
  3.0985
  3.1073
  3.0975
  3.1043
  3.0936
  3.0957
  3.1005
  3.1001
  3.1126
  3.1121
  3.1013
  3.1146
  3.1068
  3.1007
  3.1041
  3.1121
  3.0903
  3.0962
  3.1161
  3.1075
  3.0977
  3.0950
  3.1027
  3.0889
  3.1042
  3.1078
  3.1079
  3.1016
  3.1062
  3.0975
  3.1025
  3.0950
  3.0978
  3.1056
  3.1130
  3.1045
  3.1017
  3.1070
  3.1069
  3.0953
  3.1102
  3.1066
  3.1145
  3.1108
  3.1018
  3.1112
  3.0982
  3.1086
  3.1089
  3.1093
  3.1087
  3.0931
  3.1046
  3.1031
  3.0995
  3.1008
  3.0969
  3.1006
  3.1011
  3.1040
  3.1011
  3.0991
  3.1006
  3.0827
  3.0952
  3.1096
  3.1053
  3.0900
  3.1076
  3.1031
  3.1018
  3.1122
  3.1111
  3.1036
  3.0961
  3.1071
  3.1156
  3.0999
  3.1140
  3.1034
  3.1079
  3.1034
  3.0964
  3.1096
  3.1150
  3.1020
  3.1044
  3.1105
  3.1079
  3.1097
  3.1060
  3.1002
  3.1076
  3.1148
  3.0885
  3.1106
  3.1025
  3.0910
  3.1061
  3.0990
  3.1021
  3.0975
  3.0982
  3.0953
  3.1033
  3.1017
  3.1025
  3.1170
  3.1066
  3.0963
  3.1035
  3.0929
  3.1011
  3.1025
  3.0996
  3.0981
  3.1043
  3.0990
  3.0970
  3.1135
  3.1042
  3.1026
  3.1194
  3.1042
  3.1007
  3.0969
  3.0963
  3.0969
  3.0997
  3.1015
  3.1117
  3.0997
  3.0960
  3.0933
  3.1177
  3.1077
  3.1070
  3.1018
  3.1045
  3.1045
  3.0884
  3.1141
  3.0959
  3.1056
  3.0969
  3.1004
  3.0990
  3.1051
  3.1053
  3.1090
  3.0966
  3.1000
  3.1001
  3.0961
  3.0996
  3.1013
  3.1014
  3.1004
  3.1040
  3.1061
  3.1025
  3.1040
  3.1076
  3.1031
  3.1031
  3.1059
  3.1157
  3.1040
  3.0965
  3.1001
  3.1125
  3.0962
  3.0963
  3.1018
  3.1046
  3.0997
  3.1130
  3.1046
  3.1114
  3.1101
  3.1015
  3.0998
  3.1035
  3.1069
  3.1134
  3.1020
  3.1101
  3.1073
  3.0983
  3.0971
  3.1090
  3.1081
  3.1063
  3.1113
  3.1074
  3.1087
  3.1086
  3.0972
  3.1029
  3.0976
  3.1122
  3.0998
  3.0972
  3.1002
  3.1003
  3.1097
  3.1046
  3.1063
  3.1038
  3.0972
  3.1119
  3.1021
  3.1103
  3.1090
  3.1086
  3.1017
  3.1040
  3.1033
  3.0982
  3.1098
  3.1063
  3.1040
  3.0936
  3.1026
  3.1075
  3.1186
  3.1046
  3.1136
  3.0908
  3.0897
  3.1040
  3.1084
  3.1048
  3.0978
  3.1083
  3.1039
  3.0990
  3.0961
  3.1042
  3.0997
  3.1019
  3.1009
  3.1061
  3.1015
  3.0919
  3.1039
  3.1120
  3.1095
  3.1015
  3.1084
  3.1067
  3.1084
  3.1170
  3.1066
  3.1074
  3.1059
  3.1076
  3.0964
  3.1045
  3.0962
  3.1066
  3.0990
  3.1077
  3.1135
  3.1048
  3.1205
  3.1138
  3.1075
  3.0908
  3.1046
  3.1084
  3.1031
  3.1086
  3.1143
  3.1118
  3.1125
  3.1003
  3.1128
  3.1121
  3.1076
  3.1008
  3.1114
  3.1017
  3.0979
  3.1020
  3.1046
  3.1046
  3.1141
  3.1009
  3.1151
  3.0993
  3.1022
  3.1020
  3.1017
  3.1064
  3.1072
  3.0957
  3.0847
  3.1035
  3.1066
  3.0945
  3.1012
  3.0969
  3.0921
  3.0986
  3.0974
  3.1075
  3.0891
  3.1071
  3.0949
  3.0998
  3.1057
  3.1041
  3.0980
  3.0993
  3.0921
  3.1076
  3.1071
  3.1079
  3.0870
  3.1029
  3.0981
  3.0980
  3.1065
  3.1012
  3.1030
  3.1106
  3.0923
  3.1039
  3.1059
  3.1065
  3.0990
  3.1092
  3.1095
  3.1052
  3.1064
  3.1043
  3.1040
  3.1028
  3.0999
  3.1099
  3.1024
  3.1077
  3.1000
  3.1084
  3.1030
  3.0961
  3.1064
  3.1051
  3.0933
  3.0987
  3.1077
  3.0967
  3.1012
  3.1086
  3.1066
  3.1191
  3.1062
  3.1131
  3.0911
  3.1114
  3.1072
  3.1028
  3.1171
  3.1044
  3.1130
  3.0944
  3.0919
  3.0942
  3.1028
  3.0939
  3.1045
  3.1040
  3.1005
  3.1084
  3.1053
  3.0974
  3.1070
  3.1029
  3.0981
  3.0974
  3.0982
  3.1112
  3.1135
  3.1018
  3.0966
  3.1039
  3.1014
  3.0962
  3.0974
  3.0913
  3.1004
  3.1090
  3.1036
  3.1067
  3.1116
  3.0937
  3.0974
  3.1063
  3.1088
  3.1055
  3.1118
  3.1004
  3.0908
  3.1026
  3.1061
  3.1100
  3.1052
  3.0943
  3.0989
  3.0938
  3.0935
  3.1030
  3.1084
  3.1168
  3.1100
  3.0960
  3.0985
  3.1084
  3.0991
  3.1037
  3.1069
  3.1024
  3.1096
  3.1022
  3.0893
  3.1130
  3.1042
  3.1064
  3.0978
  3.1057
  3.1008
  3.1073
  3.1038
  3.1065
  3.1048
  3.1083
  3.0997
  3.0936
  3.1108
  3.0992
  3.0958
  3.1088
  3.1101
  3.1055
  3.0932
  3.1022
  3.0876
  3.1131
  3.1029
  3.1069
  3.0980
  3.0981
  3.0973
  3.1043
  3.0971
  3.0952
  3.1039
  3.1008
  3.1127
  3.1063
  3.1050
  3.0960
  3.1081
  3.1041
  3.1022
  3.1106
  3.1022
  3.1070
  3.0980
  3.0913
  3.0936
  3.1000
  3.0970
  3.0945
  3.1004
  3.1045
  3.1058
  3.1039
  3.1000
  3.1024
  3.1068
  3.0955
  3.1057
  3.1064
  3.1082
  3.0941
  3.1070
  3.1019
  3.0887
  3.0994
  3.0993
  3.1138
  3.1000
  3.1044
  3.1156
  3.1126
  3.1037
  3.1116
  3.0954
  3.1084
  3.1083
  3.1206
  3.1109
  3.1054
  3.1086
  3.1063
  3.1172
  3.1042
  3.0985
  3.1081
  3.1015
  3.1038
  3.0943
  3.1013
  3.1088
  3.1034
  3.1077
  3.1005
  3.0973
  3.0978
  3.1014
  3.1154
  3.1032
  3.0977
  3.1007
  3.1060
  3.1046
  3.1036
  3.1006
  3.1025
  3.1064
  3.1048
  3.1109
  3.1100
  3.1025
  3.1049
  3.1021
  3.1126
  3.1026
  3.1082
  3.0954
  3.0961
  3.1010
  3.1123
  3.1072
  3.1105
  3.1055
  3.1119
  3.1091
  3.1066
  3.1141
  3.0936
  3.0932
  3.0990
  3.1086
  3.1005
  3.1026
  3.0979
  3.1055
  3.1066
  3.1048
  3.0935
  3.0869
  3.0966
  3.1121
  3.1117
  3.1071
  3.0985
  3.1018
  3.1025
  3.0984
  3.1009
  3.0836
  3.1023
  3.1134
  3.1011
  3.0992
  3.0981
  3.1065
  3.1016
  3.0945
  3.1027
  3.1109
  3.1057
  3.1114
  3.1087
  3.1031
  3.1137
  3.1003
  3.1091
  3.1029
  3.1003
  3.1075
  3.1006
  3.0989
  3.1110
  3.0965
  3.0959
  3.1054
  3.1033
  3.1099
  3.1049
  3.0989
  3.1001
  3.0977
  3.1111
  3.1028
  3.0863
  3.0931
  3.1107
  3.0970
  3.0887
  3.0967
  3.0967
  3.1064
  3.1086
  3.0996
  3.1076
  3.0913
  3.1093
  3.1024
  3.1015
  3.1094
  3.1071
  3.1110
  3.0952
  3.1052
  3.1185
  3.1082
  3.1068
  3.1006
  3.1024
  3.1093
  3.1012
  3.0944
  3.1017
  3.0999
  3.0920
  3.1011
  3.1031
  3.1116
  3.1042
  3.1121
  3.1030
  3.0957
  3.0996
  3.1085
  3.0986
  3.0919
  3.1046
  3.1050
  3.1064
  3.1062
  3.0954
  3.1128
  3.1062
  3.1070
  3.0871
  3.0984
  3.1022
  3.1072
  3.0977
  3.1039
  3.0993
  3.0919
  3.1060
  3.0957
  3.1004
  3.1094
  3.0968
  3.0919
  3.1018
  3.1145
  3.1116
  3.0984
  3.1006
  3.0950
  3.1025
  3.1049
  3.1016
  3.1015
  3.1026
  3.1198
  3.0938
  3.0988
  3.1019
  3.0985
  3.1004
  3.1093
  3.1097
  3.1059
  3.1138
  3.0992
  3.1021
  3.0934
  3.0993
  3.0945
  3.0978
  3.0979
  3.0995
  3.0932
  3.1087
  3.0904
  3.1015
  3.0931
  3.1088
  3.1062
  3.0936
  3.1024
  3.1025
  3.1041
  3.1042
  3.0948
  3.1105
  3.1005
  3.1115
  3.0971
  3.0971
  3.0972
  3.1090
  3.1067
  3.0993
  3.1043
  3.0990
  3.1011
  3.0984
  3.1026
  3.0903
  3.0979
  3.1000
  3.0951
  3.1050
  3.0991
  3.1045
  3.1042
  3.1015
  3.1042
  3.1117
  3.1016
  3.1022
  3.1035
  3.0936
  3.1116
  3.1095
  3.1053
  3.1155
  3.1022
  3.1122
  3.1041
  3.1061
  3.0984
  3.1039
  3.1007
  3.1024
  3.1079
  3.0917
  3.1091
  3.1081
  3.0920
  3.0971
  3.1127
  3.1160
  3.1080
