C1431410.214694
Gadanki 14/03/2014 10:21:16 14/03/2014 10:21:47 0375 0079.2 0013.5 00
0000000 0020 0000600 0020 01
1 0 2 02000 1 0000 0030 00532.o 0 0 00 000 14 000600 0.500 BT0
532.000 .o analog 0 
  3.1878
 22.1071
 18.6480
 11.6709
 13.0221
 14.5266
 18.2083
 29.3599
 40.6433
 43.9249
 41.9097
 37.6569
 33.7674
 30.4210
 27.0095
 24.4694
 22.3578
 20.2233
 18.1955
 16.4907
 15.0809
 13.9086
 13.0938
 12.2934
 11.5868
 10.9387
 10.3551
  9.7351
  9.2314
  8.8394
  8.3823
  7.8880
  7.4709
  7.1621
  6.7669
  6.4266
  6.1131
  5.8957
  5.6849
  5.4435
  5.3284
  5.2336
  5.0996
  4.9983
  4.9063
  4.8044
  4.7132
  4.6133
  4.5453
  4.5092
  4.4294
  4.3442
  4.2671
  4.2208
  4.2357
  4.1958
  4.1329
  4.0801
  4.0525
  4.0863
  4.0813
  4.0176
  3.9242
  3.8916
  3.8799
  3.8412
  3.7934
  3.7733
  3.7666
  3.7243
  3.7195
  3.6824
  3.6425
  3.6314
  3.6180
  3.6044
  3.5997
  3.5855
  3.5846
  3.5700
  3.5841
  3.5926
  3.5251
  3.4917
  3.4746
  3.4703
  3.4633
  3.4661
  3.4472
  3.4494
  3.4297
  3.4341
  3.4246
  3.4153
  3.4107
  3.4091
  3.3973
  3.3883
  3.3775
  3.3795
  3.3768
  3.3696
  3.3738
  3.3518
  3.3627
  3.3576
  3.3494
  3.3420
  3.3478
  3.3506
  3.3306
  3.3256
  3.3301
  3.3280
  3.3381
  3.3141
  3.3265
  3.3263
  3.3102
  3.3239
  3.3085
  3.3109
  3.3117
  3.2972
  3.3005
  3.3005
  3.2994
  3.2928
  3.2923
  3.2805
  3.2883
  3.2943
  3.2906
  3.2725
  3.2704
  3.2735
  3.2917
  3.2795
  3.2769
  3.2690
  3.2710
  3.2706
  3.2701
  3.2687
  3.2616
  3.2762
  3.2574
  3.2719
  3.2568
  3.2615
  3.2594
  3.2553
  3.2576
  3.2622
  3.2516
  3.2502
  3.2595
  3.2529
  3.2561
  3.2504
  3.2520
  3.2655
  3.2508
  3.2576
  3.2413
  3.2553
  3.2306
  3.2455
  3.2503
  3.2508
  3.2474
  3.2359
  3.2425
  3.2409
  3.2486
  3.2475
  3.2347
  3.2439
  3.2371
  3.2409
  3.2359
  3.2390
  3.2260
  3.2336
  3.2313
  3.2295
  3.2271
  3.2411
  3.2264
  3.2253
  3.2054
  3.2291
  3.2339
  3.2324
  3.2305
  3.2249
  3.2328
  3.2207
  3.2318
  3.2268
  3.2249
  3.2242
  3.2241
  3.2345
  3.2294
  3.2142
  3.2203
  3.2274
  3.2339
  3.2253
  3.2336
  3.2044
  3.2218
  3.2229
  3.2273
  3.2214
  3.2293
  3.2230
  3.2196
  3.2105
  3.2170
  3.2129
  3.2239
  3.2178
  3.2220
  3.2116
  3.2037
  3.2258
  3.2157
  3.2177
  3.2163
  3.2235
  3.2128
  3.2222
  3.2048
  3.2157
  3.2138
  3.2084
  3.2168
  3.2078
  3.2156
  3.2099
  3.2249
  3.2003
  3.2142
  3.1971
  3.2213
  3.2210
  3.2180
  3.2051
  3.2184
  3.2157
  3.2144
  3.2232
  3.2133
  3.2122
  3.2013
  3.1952
  3.2135
  3.2088
  3.2066
  3.2023
  3.2047
  3.2094
  3.2115
  3.2082
  3.2231
  3.2117
  3.2077
  3.2033
  3.1973
  3.1992
  3.1961
  3.2139
  3.2010
  3.2036
  3.2182
  3.2144
  3.2019
  3.2048
  3.2048
  3.2298
  3.2166
  3.1911
  3.2120
  3.2037
  3.2139
  3.1980
  3.1985
  3.2018
  3.2020
  3.2049
  3.2061
  3.2027
  3.2063
  3.2014
  3.2048
  3.2137
  3.2122
  3.2060
  3.2101
  3.2168
  3.2088
  3.1996
  3.1976
  3.1941
  3.2043
  3.2062
  3.2054
  3.2084
  3.2029
  3.1936
  3.2025
  3.2097
  3.1966
  3.1983
  3.1997
  3.2126
  3.2030
  3.2003
  3.1990
  3.2009
  3.2097
  3.2018
  3.1982
  3.1976
  3.2060
  3.2084
  3.2058
  3.2137
  3.2012
  3.1963
  3.2171
  3.2108
  3.1986
  3.1912
  3.1978
  3.2097
  3.2015
  3.2001
  3.1993
  3.1949
  3.2024
  3.1920
  3.1940
  3.2117
  3.2061
  3.2066
  3.2034
  3.2003
  3.1993
  3.1968
  3.2148
  3.2021
  3.2034
  3.2047
  3.2067
  3.2074
  3.1997
  3.2014
  3.1952
  3.1989
  3.2009
  3.2024
  3.2050
  3.2054
  3.2007
  3.1966
  3.2028
  3.1980
  3.2035
  3.2071
  3.2011
  3.2011
  3.1965
  3.2090
  3.2026
  3.2003
  3.1988
  3.1985
  3.2026
  3.2157
  3.2003
  3.2083
  3.1985
  3.2139
  3.1925
  3.1993
  3.2047
  3.2077
  3.2007
  3.2007
  3.2103
  3.2018
  3.2026
  3.1889
  3.1930
  3.2058
  3.2015
  3.1981
  3.2050
  3.2001
  3.2008
  3.2040
  3.1997
  3.2004
  3.1886
  3.1931
  3.2003
  3.2002
  3.2041
  3.2017
  3.1988
  3.1854
  3.1884
  3.1996
  3.1977
  3.2039
  3.1983
  3.2139
  3.1920
  3.1992
  3.2014
  3.2077
  3.2031
  3.1983
  3.1992
  3.1941
  3.1947
  3.1961
  3.1997
  3.1905
  3.1946
  3.2018
  3.2045
  3.2047
  3.1853
  3.1970
  3.2069
  3.1946
  3.1932
  3.1955
  3.2060
  3.1919
  3.2067
  3.2029
  3.2114
  3.2038
  3.2033
  3.2038
  3.2060
  3.2061
  3.2041
  3.1962
  3.2083
  3.1998
  3.1905
  3.1982
  3.1956
  3.2007
  3.2037
  3.2050
  3.1959
  3.2047
  3.1955
  3.1991
  3.1921
  3.1993
  3.1950
  3.1926
  3.1845
  3.1973
  3.1954
  3.1995
  3.2001
  3.1935
  3.1886
  3.1931
  3.2044
  3.1938
  3.1994
  3.2040
  3.2042
  3.1991
  3.2031
  3.1987
  3.2021
  3.1896
  3.1932
  3.1888
  3.1932
  3.1961
  3.1982
  3.1958
  3.1972
  3.1982
  3.2030
  3.1941
  3.1924
  3.2115
  3.1990
  3.2005
  3.2034
  3.1999
  3.2027
  3.2039
  3.2041
  3.2051
  3.1913
  3.1974
  3.2047
  3.1973
  3.1950
  3.1922
  3.1956
  3.1843
  3.1937
  3.2029
  3.1989
  3.2030
  3.1951
  3.1851
  3.2004
  3.1927
  3.2022
  3.1850
  3.1812
  3.1952
  3.2010
  3.1988
  3.1950
  3.1929
  3.2043
  3.1973
  3.2013
  3.2034
  3.1939
  3.1982
  3.1922
  3.1915
  3.1931
  3.1886
  3.1913
  3.1964
  3.1985
  3.2002
  3.1812
  3.1925
  3.1876
  3.1950
  3.1972
  3.1975
  3.1882
  3.1969
  3.1967
  3.2072
  3.1971
  3.1868
  3.1995
  3.1945
  3.1937
  3.1857
  3.1934
  3.1900
  3.1936
  3.2006
  3.1965
  3.2057
  3.1967
  3.2017
  3.1923
  3.1981
  3.2016
  3.1916
  3.1983
  3.1949
  3.1904
  3.1871
  3.2102
  3.2068
  3.2014
  3.1978
  3.1877
  3.2023
  3.1974
  3.2023
  3.2085
  3.1972
  3.1991
  3.2053
  3.1932
  3.1918
  3.1945
  3.1962
  3.2077
  3.1890
  3.2078
  3.1972
  3.1892
  3.1921
  3.1880
  3.1936
  3.1916
  3.2125
  3.1933
  3.1929
  3.1948
  3.2026
  3.1981
  3.1927
  3.1904
  3.2000
  3.1975
  3.1997
  3.2050
  3.1961
  3.1935
  3.2005
  3.2135
  3.1942
  3.1937
  3.2038
  3.2025
  3.1949
  3.1976
  3.2006
  3.1984
  3.1905
  3.1990
  3.1935
  3.1932
  3.1913
  3.1938
  3.1974
  3.1912
  3.1922
  3.1936
  3.1950
  3.1999
  3.1868
  3.1961
  3.2052
  3.2012
  3.1973
  3.1940
  3.1944
  3.1964
  3.2045
  3.2074
  3.2038
  3.1909
  3.2035
  3.1993
  3.2088
  3.2036
  3.1960
  3.2076
  3.2071
  3.2022
  3.2010
  3.1887
  3.1918
  3.2069
  3.2020
  3.2021
  3.2058
  3.2011
  3.2010
  3.1960
  3.1936
  3.1991
  3.2043
  3.1934
  3.1958
  3.1974
  3.1942
  3.1923
  3.1986
  3.1905
  3.2109
  3.1976
  3.1986
  3.2024
  3.1992
  3.1943
  3.2010
  3.1913
  3.2009
  3.1885
  3.1995
  3.2044
  3.1809
  3.1862
  3.1832
  3.1887
  3.2057
  3.1893
  3.1978
  3.1901
  3.2003
  3.1939
  3.1959
  3.1878
  3.1841
  3.1874
  3.2001
  3.1997
  3.2056
  3.1993
  3.2063
  3.2051
  3.1994
  3.1930
  3.1870
  3.2005
  3.1979
  3.1921
  3.2031
  3.2032
  3.2081
  3.1946
  3.1848
  3.1946
  3.1985
  3.1926
  3.1941
  3.1928
  3.1943
  3.1865
  3.1985
  3.2029
  3.1977
  3.1938
  3.1905
  3.1838
  3.1997
  3.1984
  3.1965
  3.2028
  3.1950
  3.1841
  3.1986
  3.2013
  3.2032
  3.1962
  3.2035
  3.1821
  3.2036
  3.1996
  3.1925
  3.1909
  3.2098
  3.1916
  3.1914
  3.1925
  3.1980
  3.1940
  3.1954
  3.2039
  3.2024
  3.1988
  3.1907
  3.1857
  3.1948
  3.1968
  3.1949
  3.2011
  3.1873
  3.1922
  3.1904
  3.2133
  3.1998
  3.1931
  3.2002
  3.1988
  3.1927
  3.1936
  3.1981
  3.2029
  3.1922
  3.1955
  3.2007
  3.2008
  3.1968
  3.2015
  3.2031
  3.2085
  3.1982
  3.1916
  3.1994
  3.2162
  3.1982
  3.1985
  3.2066
  3.2020
  3.1988
  3.1881
  3.2041
  3.2042
  3.1991
  3.1975
  3.1977
  3.1991
  3.2016
  3.1971
  3.1986
  3.1966
  3.1979
  3.2094
  3.1916
  3.2033
  3.1865
  3.1848
  3.1922
  3.1936
  3.2059
  3.2005
  3.1917
  3.2074
  3.1942
  3.2043
  3.1923
  3.2004
  3.2114
  3.2071
  3.1969
  3.1882
  3.1894
  3.1938
  3.2011
  3.1925
  3.1896
  3.2013
  3.2008
  3.2026
  3.1916
  3.1988
  3.2071
  3.2016
  3.1978
  3.1980
  3.1946
  3.2067
  3.1957
  3.1918
  3.1940
  3.1914
  3.1856
  3.1846
  3.1971
  3.2131
  3.1890
  3.1881
  3.1928
  3.1872
  3.1881
  3.2061
  3.1977
  3.1980
  3.2002
  3.1803
  3.2057
  3.1955
  3.1965
  3.1959
  3.2005
  3.1941
  3.1998
  3.1969
  3.1989
  3.1989
  3.1985
  3.1889
  3.2061
  3.1967
  3.2020
  3.1936
  3.1908
  3.1938
  3.2022
  3.1954
  3.2011
  3.2011
  3.1769
  3.2062
  3.2020
  3.1974
  3.1967
  3.1895
  3.1920
  3.1948
  3.1975
  3.1873
  3.1913
  3.2053
  3.1932
  3.1866
  3.1988
  3.1975
  3.2051
  3.1971
  3.1975
  3.2010
  3.1935
  3.2035
  3.1946
  3.1919
  3.2020
  3.2016
  3.1855
  3.1960
  3.2011
  3.2066
  3.1950
  3.2013
  3.2001
  3.1924
  3.1900
  3.2022
  3.1936
  3.1946
  3.1858
  3.2058
  3.2006
  3.1979
  3.1923
  3.2014
  3.1960
  3.1938
  3.1922
  3.2006
  3.2134
  3.2019
  3.2008
  3.2005
  3.1903
  3.2056
  3.2005
  3.2000
  3.1842
  3.2049
  3.1904
  3.1968
  3.1943
  3.1995
  3.1933
  3.1931
  3.1912
  3.1913
  3.2102
  3.1892
  3.2057
  3.2045
  3.1915
  3.1947
  3.1872
  3.1915
  3.1941
  3.2031
  3.2015
  3.1921
  3.1920
  3.2030
  3.1924
  3.1907
  3.1952
  3.1903
  3.2016
  3.1970
  3.1963
  3.2044
  3.1854
  3.2003
  3.1932
  3.2029
  3.2009
  3.2013
  3.1988
  3.1884
  3.2008
  3.1957
  3.1969
  3.1988
  3.2037
  3.2105
  3.1999
  3.1919
  3.2063
  3.2032
  3.1846
  3.1915
  3.1865
  3.1953
  3.1952
  3.1998
  3.2014
  3.1955
  3.1933
  3.1889
  3.1940
  3.1992
  3.1981
  3.1958
  3.1949
  3.1925
  3.2061
  3.1821
  3.1880
  3.2005
  3.1918
  3.1856
  3.1901
  3.1923
  3.2008
  3.1944
  3.1955
  3.2015
  3.1907
  3.2083
  3.1995
  3.2008
  3.1947
  3.1939
  3.1992
  3.2024
  3.1921
  3.1994
  3.1900
  3.1902
  3.1894
  3.1979
  3.1943
  3.1942
  3.1932
  3.1942
  3.1946
  3.1950
  3.2058
  3.1946
  3.2070
  3.2130
  3.1916
  3.1876
  3.1899
  3.1967
  3.1937
  3.1943
  3.1928
  3.2060
  3.1951
  3.1952
  3.1973
  3.1829
  3.1841
  3.1871
  3.1995
  3.1795
  3.1993
  3.1945
  3.1941
  3.1937
  3.1906
  3.1921
  3.2060
  3.1872
  3.1984
  3.1972
  3.1977
  3.1890
  3.2033
  3.1916
  3.1929
  3.1959
  3.2049
  3.1914
  3.1991
  3.1896
  3.2074
  3.1868
  3.1850
  3.1980
  3.1929
  3.1951
  3.1847
  3.1902
  3.1998
  3.1977
  3.2044
  3.1890
  3.1984
  3.1966
  3.1992
  3.1919
  3.1923
  3.1974
  3.1948
  3.1959
  3.1867
  3.1938
  3.2052
  3.1996
  3.2029
  3.2010
  3.2079
  3.1942
  3.2002
  3.1975
  3.1994
  3.1968
  3.1894
  3.1854
  3.1910
  3.2002
  3.1979
  3.2127
  3.2095
  3.1924
  3.1914
  3.2000
  3.1918
  3.1943
  3.2049
  3.1908
  3.1953
  3.1966
  3.2092
  3.1920
  3.2053
  3.2149
  3.2004
  3.2043
  3.1872
  3.1951
  3.1912
  3.2005
  3.1957
  3.1905
  3.1852
  3.1945
  3.1843
  3.1887
  3.1878
  3.2037
  3.2005
  3.1988
  3.1881
  3.2026
  3.1960
  3.1849
  3.1955
  3.1987
  3.1906
  3.1869
  3.1978
  3.1871
  3.1979
  3.1921
  3.2019
  3.1900
  3.1971
  3.1839
  3.1873
  3.1969
  3.1902
  3.1936
  3.1825
  3.1841
  3.1914
  3.1979
  3.2005
  3.1971
  3.1883
  3.1976
  3.2100
  3.2078
  3.1927
  3.2043
  3.1886
  3.1992
  3.1893
  3.1923
  3.1883
  3.1814
  3.1963
  3.1898
  3.1916
  3.1880
  3.1912
  3.2048
  3.1880
  3.1908
  3.1903
  3.1873
  3.1909
  3.1920
  3.1825
  3.1914
  3.2024
  3.1940
  3.1949
  3.2068
  3.1888
  3.1861
  3.2030
  3.1911
  3.2106
  3.1970
  3.1933
  3.1891
  3.1978
  3.1877
  3.1949
  3.2023
  3.1912
  3.1957
  3.1983
  3.1940
  3.1968
  3.1915
  3.1937
  3.1938
  3.1975
  3.1934
  3.1875
  3.2062
  3.1994
  3.2052
  3.1978
  3.1969
  3.2001
  3.1866
  3.2061
  3.2090
  3.1818
  3.1936
  3.1949
  3.1889
  3.1990
  3.1978
  3.2023
  3.1972
  3.1946
  3.1938
  3.1934
  3.2034
  3.1841
  3.1990
  3.1919
  3.2021
  3.1988
  3.1969
  3.1967
  3.1918
  3.1959
  3.2011
  3.1900
  3.2025
  3.2030
  3.1905
  3.1988
  3.1907
  3.1976
  3.1908
  3.2057
  3.1959
  3.1910
  3.2014
  3.1861
  3.1972
  3.1964
  3.1961
  3.1957
  3.1941
  3.2022
  3.1908
  3.1932
  3.1898
  3.1808
  3.2007
  3.1928
  3.2006
  3.1985
  3.2088
  3.1993
  3.1914
  3.1898
  3.2095
  3.1983
  3.1854
  3.1943
  3.1988
  3.1852
  3.1892
  3.2005
  3.2008
  3.2006
  3.1952
  3.1978
  3.1836
  3.1935
  3.1981
  3.1904
  3.2024
  3.2037
  3.1936
  3.1938
  3.1949
  3.1843
  3.1923
  3.2029
  3.1967
  3.1914
  3.1916
  3.1913
  3.1888
  3.1945
  3.1860
  3.2043
  3.1945
  3.1910
  3.1913
  3.1925
  3.1958
  3.2001
  3.1909
  3.1879
  3.1898
  3.1990
  3.1981
  3.2064
  3.1914
  3.1957
  3.1851
  3.2080
  3.1954
  3.1957
  3.2001
  3.2035
  3.1818
  3.1931
  3.1954
  3.1952
  3.1933
  3.1936
  3.1994
  3.1924
  3.1931
  3.1825
  3.1921
  3.1936
  3.1967
  3.1897
  3.1926
  3.2042
  3.1913
  3.1940
  3.2012
  3.2063
  3.1899
  3.2077
  3.2070
  3.1939
  3.1962
  3.2045
  3.2018
  3.1943
  3.2097
  3.1927
  3.1944
  3.1931
  3.2007
  3.1836
  3.1991
  3.1944
  3.1874
  3.1997
  3.1996
  3.1970
  3.1907
  3.1932
  3.1910
  3.2032
  3.2066
  3.1945
  3.1925
  3.2018
  3.1938
  3.2057
  3.1907
  3.1932
  3.2015
  3.1899
  3.1934
  3.1919
  3.2037
  3.1969
  3.1991
  3.1880
  3.1937
  3.1980
  3.2034
  3.1953
  3.1967
  3.1954
  3.1834
  3.1961
  3.2066
  3.2061
  3.1949
  3.1927
  3.1945
  3.1851
  3.1943
  3.1954
  3.2006
  3.2016
  3.1840
  3.1875
  3.1900
  3.1891
  3.2005
  3.2024
  3.1777
  3.1988
  3.1960
  3.1921
  3.1943
  3.1993
  3.1903
  3.1955
  3.2101
  3.1950
  3.1996
  3.1908
  3.2017
  3.1941
  3.2036
  3.1945
  3.2030
  3.1865
  3.2018
  3.1998
  3.2002
  3.1985
  3.1972
  3.2070
  3.1944
  3.1821
  3.1960
  3.1813
  3.1938
  3.2006
  3.1916
  3.1904
  3.1944
  3.2046
  3.1936
  3.2005
  3.1992
  3.2002
  3.1874
  3.2000
  3.1883
  3.1960
  3.2024
  3.1972
  3.1929
  3.1856
  3.1912
  3.1949
  3.1830
  3.1947
  3.2007
  3.1835
  3.1973
  3.2027
  3.1933
  3.2025
  3.1892
  3.1970
  3.1913
  3.1916
  3.2005
  3.1882
  3.1915
  3.1962
  3.2023
  3.1934
  3.1929
  3.2028
  3.2048
  3.1757
  3.2047
  3.1923
  3.1894
  3.1965
  3.1942
  3.1945
  3.1915
  3.2008
  3.2043
  3.1921
  3.2009
  3.1989
  3.2010
  3.1999
  3.1976
  3.1988
  3.1997
  3.1932
  3.1925
  3.1934
  3.1822
  3.1905
  3.2004
  3.1982
  3.2009
  3.1832
  3.1953
  3.2010
  3.2014
  3.1932
  3.1994
  3.1909
  3.1994
  3.1927
  3.2008
  3.2001
  3.1854
  3.1922
  3.1950
  3.1869
  3.1981
  3.1831
  3.1943
  3.1969
  3.1883
  3.1938
  3.1929
  3.1908
  3.1992
  3.2007
  3.2036
  3.1932
  3.1817
  3.1983
  3.1963
  3.1918
  3.1985
  3.1902
  3.1832
  3.1991
  3.1978
  3.1967
  3.2003
  3.2023
  3.2035
  3.1864
  3.1933
  3.2000
  3.1836
  3.1890
  3.1987
  3.1976
  3.1901
  3.1867
  3.1994
  3.1850
  3.1811
  3.1920
  3.1908
  3.1904
  3.1955
  3.1970
  3.1955
  3.1936
  3.1895
  3.1875
  3.1903
  3.2072
  3.1941
  3.1885
  3.2030
  3.2020
  3.1981
  3.1969
  3.1987
  3.1994
  3.1899
  3.1971
  3.1838
  3.1906
  3.2057
  3.2055
  3.1978
  3.2014
  3.1940
  3.1832
  3.1934
  3.1995
  3.1887
  3.1877
  3.1978
  3.1903
  3.1964
  3.1956
  3.2014
  3.1984
  3.2001
  3.1942
  3.1895
  3.1876
  3.2024
  3.1963
  3.1846
  3.1917
  3.2007
  3.2019
  3.1831
  3.1980
  3.1942
  3.1920
  3.1933
  3.1923
  3.2053
  3.2081
  3.2058
  3.1949
  3.1971
  3.1849
  3.1970
  3.2015
  3.1903
  3.1866
  3.1899
  3.1872
  3.2035
  3.1933
  3.1874
  3.1993
  3.1974
  3.1938
  3.1918
  3.2000
  3.1968
  3.2141
  3.1926
  3.1927
  3.1977
  3.1933
  3.2010
  3.1980
  3.1857
  3.1961
  3.1974
  3.2088
  3.1950
  3.1942
  3.2031
  3.2093
  3.1992
  3.1944
  3.1881
  3.1948
  3.2006
  3.1986
  3.1876
  3.2019
  3.2009
  3.1942
  3.1983
  3.2065
  3.1941
  3.1857
  3.1975
  3.1996
  3.2019
  3.2062
  3.1818
  3.2106
  3.2060
  3.1899
  3.2003
  3.1960
  3.2019
  3.2116
  3.1974
  3.1963
  3.2063
  3.1983
  3.2037
  3.1986
  3.1890
  3.1935
  3.1965
  3.1909
  3.1938
  3.1998
  3.1973
  3.1990
  3.1955
  3.1965
  3.1984
  3.2053
  3.1944
  3.2018
  3.2035
  3.1872
  3.1904
  3.2041
  3.1813
  3.1859
  3.1900
  3.1927
  3.1893
  3.2012
  3.2001
  3.1977
  3.2012
  3.1854
  3.1937
  3.1932
  3.1988
  3.1919
  3.1907
  3.1963
  3.1947
  3.2028
  3.1888
  3.1890
  3.1919
  3.1855
  3.1978
  3.1844
  3.2107
  3.2061
  3.1865
  3.2029
  3.1978
  3.1836
  3.1901
  3.1965
  3.2030
  3.2002
  3.1938
  3.2066
  3.2100
  3.1996
  3.1883
  3.1820
  3.1934
  3.2107
  3.1943
  3.1932
  3.2093
  3.1940
  3.1953
  3.1977
  3.1822
  3.1915
  3.1938
  3.1944
  3.1917
  3.2125
  3.1898
  3.1874
  3.2006
  3.2033
  3.2006
  3.2061
  3.2026
  3.1954
  3.1975
  3.1814
  3.1914
  3.1979
  3.1980
  3.1949
  3.2002
  3.1993
  3.1978
  3.1989
  3.1979
  3.1977
  3.2014
  3.1977
  3.1930
  3.1881
  3.2045
  3.2030
  3.1865
  3.2140
  3.1932
  3.1955
  3.2086
  3.1950
  3.1878
  3.2024
  3.1966
  3.1905
  3.1824
  3.1954
  3.1997
  3.1954
  3.2016
  3.1943
  3.1985
  3.1999
  3.1978
  3.1878
  3.1912
  3.1937
  3.1916
  3.1923
  3.1977
  3.1982
  3.1957
  3.2043
  3.1983
  3.2040
  3.1997
  3.1891
  3.1964
  3.1996
  3.2073
  3.2017
  3.2077
  3.1946
  3.1892
  3.1966
  3.1968
  3.1872
  3.1993
  3.1901
  3.1887
  3.1952
  3.2008
  3.1878
  3.1881
  3.1976
  3.2015
  3.1976
  3.2009
  3.2058
  3.1901
  3.1960
  3.1894
  3.1998
  3.1906
  3.1960
  3.1992
  3.1920
  3.1909
  3.1956
  3.1980
  3.1985
  3.1927
  3.2025
  3.2011
  3.1920
  3.1873
  3.1907
  3.1998
  3.1973
  3.1945
  3.2045
  3.1921
  3.2047
  3.1988
  3.2051
  3.1954
  3.1883
  3.2002
  3.1874
  3.1888
  3.1985
  3.1891
  3.1993
  3.1875
  3.1994
  3.1837
  3.1978
  3.1884
  3.1992
  3.1997
  3.2103
  3.2020
  3.1977
  3.1933
  3.1760
  3.2038
  3.2017
  3.1984
  3.1907
  3.1929
  3.2037
  3.1858
  3.1951
  3.1908
  3.1946
  3.1952
  3.1924
  3.1927
  3.2023
  3.1906
  3.1935
  3.1889
  3.1829
  3.1861
  3.1951
  3.2020
  3.1964
  3.2098
  3.1946
  3.1938
  3.2063
  3.1837
  3.1954
  3.1880
  3.2034
  3.1967
  3.1870
  3.1909
  3.1974
  3.1915
  3.1924
  3.1896
  3.1913
  3.1820
  3.1951
  3.1988
  3.2058
  3.1935
  3.2003
  3.1953
  3.1917
  3.1896
  3.2060
  3.2068
  3.1906
  3.1853
  3.1950
  3.2072
  3.1975
  3.1830
  3.1935
  3.1892
  3.1950
  3.1934
  3.2060
  3.2018
  3.2009
  3.1972
  3.1954
  3.1952
  3.1938
  3.2064
  3.1924
  3.2021
  3.1964
  3.1904
  3.1928
  3.1947
  3.2008
  3.2015
  3.1828
  3.1921
  3.1890
  3.2014
  3.1870
  3.2015
  3.1943
  3.1997
  3.2031
  3.1910
  3.1802
  3.2039
  3.1997
  3.1919
  3.1955
  3.1981
  3.1953
  3.2077
  3.1945
  3.1894
  3.1939
  3.2029
  3.1993
  3.1960
  3.2087
  3.2027
  3.1923
  3.1899
  3.1855
  3.2007
  3.1983
  3.1958
  3.1949
  3.1929
  3.1886
