C1431410.204593
Gadanki 14/03/2014 10:19:05 14/03/2014 10:20:46 0375 0079.2 0013.5 00
0000000 0020 0000600 0020 01
1 0 2 02000 1 0000 0030 00532.o 0 0 00 000 14 000600 0.500 BT0
532.000 .o analog 0 
  3.2024
 22.1909
 18.3961
 11.1582
 12.4974
 14.0233
 16.8653
 26.5344
 37.2375
 40.9214
 39.4880
 36.2753
 32.4617
 29.1722
 26.2020
 23.2452
 21.3699
 19.9708
 18.4907
 17.0072
 15.7381
 14.5630
 13.5214
 12.5497
 11.7343
 11.0306
 10.4291
  9.7949
  9.2687
  8.8726
  8.4651
  8.0892
  7.6884
  7.4168
  7.1193
  6.8182
  6.4845
  6.0976
  5.8346
  5.6489
  5.4573
  5.2425
  5.1119
  5.0019
  4.9127
  4.8300
  4.7496
  4.6594
  4.5500
  4.4864
  4.4488
  4.3498
  4.2551
  4.2328
  4.2378
  4.2181
  4.1291
  4.0810
  4.0767
  4.0851
  4.0616
  3.9918
  3.9185
  3.9006
  3.8787
  3.8369
  3.7982
  3.7870
  3.7715
  3.7482
  3.7225
  3.6834
  3.6516
  3.6565
  3.6250
  3.6142
  3.6089
  3.5961
  3.5780
  3.5794
  3.5796
  3.5988
  3.5888
  3.5296
  3.5022
  3.4789
  3.4812
  3.4645
  3.4697
  3.4665
  3.4579
  3.4509
  3.4277
  3.4276
  3.4235
  3.4290
  3.4222
  3.4061
  3.3997
  3.3876
  3.3947
  3.3936
  3.3920
  3.3773
  3.3846
  3.3823
  3.3741
  3.3606
  3.3568
  3.3541
  3.3599
  3.3476
  3.3468
  3.3451
  3.3462
  3.3445
  3.3345
  3.3399
  3.3206
  3.3297
  3.3243
  3.3275
  3.3296
  3.3280
  3.3224
  3.3314
  3.3203
  3.3034
  3.3066
  3.3145
  3.2966
  3.3103
  3.3138
  3.2999
  3.3035
  3.3007
  3.2940
  3.2985
  3.2947
  3.3014
  3.2967
  3.2925
  3.2992
  3.2941
  3.2907
  3.2871
  3.2926
  3.2846
  3.2834
  3.2892
  3.2794
  3.2763
  3.2723
  3.2769
  3.2772
  3.2730
  3.2664
  3.2781
  3.2728
  3.2815
  3.2759
  3.2648
  3.2623
  3.2640
  3.2647
  3.2705
  3.2708
  3.2646
  3.2646
  3.2716
  3.2574
  3.2507
  3.2526
  3.2548
  3.2576
  3.2519
  3.2460
  3.2436
  3.2526
  3.2623
  3.2478
  3.2530
  3.2509
  3.2528
  3.2440
  3.2572
  3.2405
  3.2451
  3.2519
  3.2379
  3.2481
  3.2425
  3.2418
  3.2531
  3.2350
  3.2493
  3.2490
  3.2429
  3.2364
  3.2502
  3.2517
  3.2482
  3.2337
  3.2440
  3.2457
  3.2463
  3.2419
  3.2449
  3.2346
  3.2421
  3.2449
  3.2471
  3.2395
  3.2436
  3.2366
  3.2460
  3.2245
  3.2394
  3.2406
  3.2431
  3.2357
  3.2292
  3.2294
  3.2306
  3.2276
  3.2361
  3.2379
  3.2283
  3.2277
  3.2295
  3.2356
  3.2371
  3.2277
  3.2352
  3.2340
  3.2384
  3.2347
  3.2372
  3.2324
  3.2242
  3.2295
  3.2212
  3.2358
  3.2327
  3.2417
  3.2407
  3.2323
  3.2389
  3.2212
  3.2138
  3.2165
  3.2263
  3.2218
  3.2262
  3.2315
  3.2325
  3.2291
  3.2318
  3.2270
  3.2338
  3.2264
  3.2277
  3.2294
  3.2314
  3.2300
  3.2377
  3.2202
  3.2398
  3.2395
  3.2241
  3.2180
  3.2248
  3.2240
  3.2178
  3.2205
  3.2255
  3.2227
  3.2346
  3.2220
  3.2216
  3.2334
  3.2293
  3.2244
  3.2243
  3.2294
  3.2191
  3.2247
  3.2274
  3.2242
  3.2156
  3.2118
  3.2312
  3.2097
  3.2280
  3.2358
  3.2305
  3.2210
  3.2147
  3.2213
  3.2284
  3.2221
  3.2137
  3.2179
  3.2207
  3.2146
  3.2207
  3.2204
  3.2129
  3.2295
  3.2139
  3.2258
  3.2251
  3.2379
  3.2323
  3.2180
  3.2340
  3.2239
  3.2279
  3.2136
  3.2028
  3.2300
  3.2222
  3.2230
  3.2199
  3.2257
  3.2296
  3.2246
  3.2238
  3.2276
  3.2179
  3.2222
  3.2157
  3.2260
  3.2213
  3.2246
  3.2236
  3.2215
  3.2270
  3.2171
  3.2158
  3.2151
  3.2217
  3.2143
  3.2021
  3.2204
  3.2146
  3.2092
  3.2242
  3.2160
  3.2140
  3.2222
  3.2215
  3.2142
  3.2267
  3.2166
  3.2115
  3.2048
  3.2314
  3.2174
  3.2239
  3.2143
  3.2175
  3.2271
  3.2139
  3.2196
  3.2216
  3.2172
  3.2126
  3.2184
  3.2132
  3.2098
  3.2127
  3.2292
  3.2233
  3.2167
  3.2181
  3.2117
  3.2142
  3.2142
  3.2276
  3.2070
  3.2185
  3.2133
  3.2040
  3.2233
  3.2126
  3.2240
  3.2120
  3.2267
  3.2126
  3.2247
  3.2170
  3.2181
  3.2260
  3.2197
  3.2329
  3.2078
  3.2213
  3.2229
  3.2047
  3.2196
  3.2278
  3.2102
  3.2320
  3.2229
  3.2066
  3.2156
  3.2198
  3.2198
  3.2214
  3.2173
  3.2098
  3.2180
  3.2102
  3.2170
  3.2249
  3.2296
  3.2242
  3.2102
  3.2151
  3.2151
  3.2054
  3.2220
  3.2301
  3.2168
  3.2126
  3.2067
  3.2223
  3.2126
  3.2060
  3.2157
  3.2194
  3.2166
  3.2097
  3.2268
  3.2181
  3.2135
  3.2100
  3.2074
  3.2214
  3.2103
  3.2257
  3.2297
  3.2109
  3.1946
  3.2095
  3.2167
  3.2026
  3.2041
  3.2151
  3.2094
  3.2175
  3.2261
  3.2122
  3.2154
  3.2162
  3.2122
  3.1985
  3.2196
  3.2079
  3.2209
  3.2249
  3.2118
  3.2187
  3.2099
  3.2053
  3.2238
  3.2035
  3.2173
  3.2162
  3.2139
  3.2131
  3.2160
  3.2142
  3.2188
  3.2243
  3.2059
  3.2225
  3.2217
  3.2079
  3.2182
  3.1983
  3.2176
  3.2182
  3.2025
  3.2072
  3.2234
  3.2179
  3.2138
  3.2199
  3.2218
  3.2140
  3.2220
  3.2128
  3.2288
  3.2196
  3.2248
  3.2107
  3.2145
  3.2126
  3.2050
  3.2141
  3.2323
  3.2069
  3.2061
  3.2085
  3.2248
  3.2206
  3.2147
  3.2144
  3.2167
  3.2212
  3.2096
  3.2082
  3.2068
  3.2176
  3.2235
  3.2183
  3.2180
  3.2137
  3.2184
  3.2092
  3.2084
  3.2135
  3.2120
  3.2172
  3.2073
  3.2115
  3.2052
  3.2271
  3.2166
  3.2088
  3.2138
  3.2200
  3.2050
  3.2090
  3.2162
  3.2113
  3.2135
  3.2102
  3.2104
  3.2122
  3.2108
  3.2275
  3.2156
  3.2063
  3.2153
  3.2066
  3.2142
  3.2085
  3.2082
  3.2162
  3.2184
  3.1988
  3.2126
  3.2094
  3.2102
  3.2238
  3.2220
  3.2216
  3.2169
  3.2159
  3.2227
  3.2095
  3.2049
  3.2075
  3.2295
  3.2102
  3.2152
  3.2172
  3.2049
  3.2130
  3.2162
  3.2052
  3.2017
  3.2179
  3.2230
  3.2052
  3.2168
  3.2214
  3.2059
  3.2164
  3.2166
  3.2174
  3.2187
  3.2169
  3.2185
  3.2053
  3.2250
  3.2167
  3.2177
  3.2256
  3.2247
  3.2141
  3.2065
  3.2116
  3.2074
  3.2083
  3.2188
  3.2113
  3.2117
  3.2257
  3.2190
  3.2095
  3.2058
  3.2172
  3.2187
  3.2133
  3.2186
  3.2175
  3.2172
  3.2114
  3.2165
  3.2102
  3.2054
  3.2097
  3.2152
  3.2092
  3.2157
  3.2086
  3.2217
  3.2077
  3.2093
  3.2253
  3.2048
  3.2136
  3.2154
  3.2255
  3.1977
  3.2230
  3.2139
  3.2251
  3.2137
  3.2106
  3.2085
  3.2190
  3.2163
  3.2051
  3.2061
  3.2214
  3.2102
  3.2116
  3.2048
  3.2139
  3.2083
  3.2114
  3.2274
  3.2160
  3.2120
  3.2184
  3.2100
  3.2115
  3.2227
  3.2024
  3.2066
  3.2094
  3.2103
  3.2061
  3.2211
  3.2079
  3.2161
  3.2146
  3.2148
  3.2165
  3.2155
  3.2167
  3.2173
  3.2193
  3.2050
  3.2137
  3.2110
  3.2091
  3.2082
  3.2122
  3.2148
  3.2230
  3.2071
  3.2037
  3.2110
  3.2141
  3.2086
  3.2171
  3.2065
  3.2098
  3.2081
  3.2127
  3.2095
  3.2204
  3.2061
  3.2077
  3.2273
  3.2129
  3.1954
  3.2070
  3.2136
  3.2188
  3.2235
  3.2040
  3.2084
  3.2063
  3.2176
  3.2072
  3.2026
  3.2172
  3.2110
  3.2071
  3.2318
  3.2102
  3.2207
  3.2155
  3.2135
  3.2008
  3.2148
  3.2149
  3.2168
  3.2143
  3.2103
  3.1941
  3.2162
  3.2159
  3.2046
  3.2105
  3.2163
  3.2094
  3.2092
  3.2083
  3.2157
  3.2201
  3.2054
  3.2121
  3.2126
  3.2249
  3.2123
  3.2167
  3.2193
  3.2078
  3.2140
  3.2097
  3.1997
  3.2086
  3.2040
  3.2055
  3.2041
  3.2198
  3.2106
  3.2103
  3.2069
  3.2095
  3.2196
  3.2176
  3.2085
  3.2016
  3.2121
  3.2139
  3.2184
  3.2181
  3.2066
  3.2143
  3.2154
  3.2199
  3.2045
  3.2090
  3.2053
  3.2128
  3.2111
  3.2249
  3.2171
  3.2032
  3.2104
  3.2123
  3.2132
  3.2218
  3.2180
  3.2064
  3.2211
  3.2115
  3.2043
  3.2185
  3.2179
  3.2042
  3.2169
  3.2127
  3.2053
  3.2031
  3.2116
  3.2161
  3.2017
  3.2200
  3.2153
  3.2035
  3.2101
  3.2194
  3.2057
  3.2195
  3.2100
  3.2061
  3.2067
  3.2177
  3.2139
  3.2073
  3.2103
  3.2119
  3.2129
  3.2092
  3.2028
  3.2094
  3.2267
  3.2156
  3.2140
  3.2218
  3.2074
  3.2090
  3.2150
  3.2123
  3.2224
  3.2139
  3.2055
  3.2130
  3.2167
  3.2177
  3.2126
  3.2132
  3.2165
  3.2112
  3.2174
  3.2152
  3.2167
  3.2112
  3.2177
  3.2143
  3.2215
  3.2077
  3.2024
  3.2110
  3.2142
  3.2178
  3.2219
  3.2003
  3.2071
  3.2124
  3.2140
  3.2032
  3.2110
  3.2129
  3.2131
  3.2118
  3.2070
  3.2073
  3.2010
  3.2087
  3.2093
  3.2207
  3.2215
  3.2081
  3.2128
  3.2210
  3.2142
  3.2096
  3.2051
  3.2105
  3.2174
  3.2171
  3.2036
  3.2084
  3.1909
  3.2190
  3.2192
  3.2102
  3.2151
  3.2174
  3.2056
  3.2145
  3.2175
  3.2049
  3.2104
  3.2101
  3.2250
  3.2094
  3.2033
  3.2028
  3.2047
  3.2212
  3.2147
  3.2138
  3.2071
  3.2183
  3.2117
  3.2123
  3.2086
  3.2171
  3.2075
  3.2121
  3.2158
  3.2181
  3.2089
  3.2107
  3.2186
  3.2062
  3.2115
  3.2173
  3.2163
  3.2247
  3.2103
  3.2159
  3.2115
  3.2054
  3.2062
  3.1973
  3.2018
  3.2122
  3.2028
  3.2128
  3.2120
  3.2112
  3.2224
  3.2128
  3.2171
  3.2131
  3.2254
  3.2043
  3.2106
  3.2115
  3.2119
  3.2098
  3.2084
  3.2094
  3.2082
  3.2234
  3.2041
  3.2093
  3.2209
  3.2172
  3.2183
  3.2213
  3.2111
  3.2176
  3.1996
  3.2232
  3.2112
  3.2142
  3.2146
  3.2101
  3.2103
  3.2107
  3.2144
  3.2101
  3.2216
  3.2199
  3.2243
  3.2254
  3.2210
  3.2095
  3.2091
  3.2086
  3.2068
  3.2197
  3.2091
  3.2121
  3.2066
  3.2160
  3.2185
  3.2185
  3.2154
  3.2168
  3.2226
  3.2161
  3.2051
  3.2185
  3.2066
  3.2141
  3.2139
  3.2093
  3.2055
  3.2073
  3.2101
  3.2128
  3.2150
  3.2095
  3.2085
  3.2124
  3.2119
  3.2213
  3.2082
  3.2151
  3.1996
  3.2198
  3.1999
  3.1986
  3.2087
  3.2074
  3.2101
  3.2156
  3.2130
  3.2103
  3.2101
  3.2167
  3.2032
  3.2184
  3.2165
  3.2097
  3.2085
  3.2213
  3.2134
  3.2167
  3.2220
  3.2084
  3.2215
  3.2119
  3.2104
  3.2093
  3.2215
  3.2254
  3.2188
  3.2155
  3.2180
  3.2193
  3.2102
  3.2051
  3.2067
  3.2092
  3.2095
  3.2145
  3.2140
  3.2207
  3.2149
  3.2121
  3.2250
  3.2093
  3.2138
  3.2128
  3.2131
  3.2214
  3.2032
  3.2119
  3.2074
  3.2210
  3.2096
  3.2082
  3.2164
  3.2092
  3.2127
  3.1994
  3.2143
  3.2218
  3.2143
  3.2156
  3.2064
  3.2118
  3.2098
  3.2209
  3.2215
  3.2285
  3.2134
  3.2170
  3.2076
  3.2142
  3.2108
  3.2088
  3.2182
  3.2146
  3.2096
  3.2199
  3.2131
  3.2122
  3.2087
  3.2143
  3.2133
  3.2216
  3.2067
  3.2023
  3.2091
  3.2197
  3.2269
  3.2095
  3.2049
  3.2059
  3.2185
  3.2302
  3.2235
  3.2087
  3.2164
  3.2032
  3.2046
  3.2202
  3.2228
  3.2066
  3.2107
  3.2191
  3.2081
  3.2080
  3.2164
  3.2085
  3.1996
  3.2007
  3.2022
  3.2136
  3.2124
  3.2110
  3.2114
  3.2081
  3.2152
  3.2051
  3.2063
  3.2058
  3.2017
  3.2140
  3.2082
  3.2126
  3.2132
  3.2133
  3.2171
  3.2157
  3.1980
  3.2164
  3.2042
  3.2165
  3.2116
  3.2232
  3.2143
  3.2168
  3.2150
  3.2113
  3.2069
  3.2194
  3.2139
  3.2098
  3.2140
  3.2197
  3.2111
  3.2146
  3.1983
  3.2238
  3.2162
  3.2197
  3.2061
  3.2150
  3.2122
  3.2183
  3.2182
  3.2176
  3.2231
  3.2182
  3.2182
  3.2186
  3.2135
  3.2051
  3.2079
  3.2198
  3.2182
  3.1979
  3.2077
  3.2092
  3.2182
  3.2183
  3.2154
  3.2194
  3.2199
  3.2028
  3.2092
  3.2321
  3.2080
  3.2191
  3.2267
  3.1983
  3.2245
  3.2129
  3.2196
  3.2111
  3.2095
  3.2168
  3.2076
  3.2119
  3.2090
  3.2106
  3.2184
  3.1973
  3.2145
  3.2182
  3.2115
  3.1996
  3.2149
  3.2239
  3.2218
  3.2059
  3.2136
  3.2078
  3.2105
  3.2254
  3.2176
  3.2008
  3.2046
  3.2168
  3.2273
  3.2041
  3.2178
  3.2256
  3.2080
  3.2275
  3.2245
  3.2209
  3.2073
  3.2019
  3.1949
  3.2157
  3.2072
  3.2159
  3.2115
  3.2130
  3.2140
  3.2083
  3.2126
  3.2135
  3.2153
  3.2119
  3.2150
  3.2035
  3.2227
  3.2130
  3.2110
  3.2179
  3.2188
  3.2128
  3.2171
  3.2153
  3.2098
  3.2114
  3.2152
  3.2093
  3.2146
  3.2080
  3.2133
  3.2164
  3.2234
  3.2144
  3.2233
  3.2116
  3.2093
  3.2184
  3.2171
  3.2116
  3.2156
  3.2176
  3.1997
  3.2060
  3.2139
  3.2255
  3.2077
  3.2194
  3.2121
  3.2021
  3.2071
  3.2161
  3.2205
  3.2116
  3.2230
  3.2113
  3.2100
  3.2056
  3.2087
  3.2153
  3.2126
  3.1964
  3.1977
  3.2043
  3.2151
  3.2126
  3.2121
  3.2072
  3.2220
  3.2144
  3.2140
  3.2132
  3.2107
  3.2330
  3.2120
  3.2103
  3.2233
  3.2118
  3.2286
  3.2019
  3.2172
  3.2040
  3.2121
  3.2116
  3.2076
  3.2109
  3.2110
  3.2043
  3.2157
  3.2012
  3.2105
  3.2142
  3.2092
  3.2158
  3.2208
  3.2185
  3.2080
  3.2001
  3.2180
  3.2077
  3.2096
  3.2058
  3.2110
  3.2244
  3.2190
  3.2227
  3.2113
  3.2281
  3.2154
  3.2082
  3.2079
  3.2034
  3.2070
  3.2012
  3.2165
  3.2181
  3.2195
  3.2231
  3.2197
  3.2181
  3.2162
  3.2048
  3.2187
  3.2036
  3.2032
  3.2062
  3.2098
  3.2112
  3.2079
  3.2095
  3.2107
  3.2005
  3.2151
  3.2143
  3.2052
  3.2089
  3.2142
  3.2287
  3.2141
  3.2058
  3.2124
  3.2248
  3.2085
  3.2101
  3.2073
  3.2176
  3.2117
  3.2039
  3.2044
  3.2153
  3.2080
  3.2095
  3.2102
  3.1999
  3.2117
  3.2108
  3.2079
  3.2117
  3.2169
  3.2141
  3.2028
  3.2204
  3.2126
  3.2169
  3.2114
  3.2044
  3.2122
  3.2213
  3.2061
  3.2162
  3.2160
  3.2144
  3.2084
  3.2218
  3.2146
  3.2196
  3.2060
  3.2071
  3.2047
  3.2149
  3.2208
  3.2119
  3.2069
  3.2121
  3.2147
  3.2170
  3.2178
  3.2106
  3.2202
  3.2059
  3.2106
  3.2087
  3.2149
  3.2125
  3.2180
  3.2106
  3.2149
  3.2108
  3.2242
  3.2253
  3.2188
  3.2205
  3.2178
  3.2097
  3.2077
  3.2159
  3.2101
  3.2170
  3.2025
  3.2224
  3.2097
  3.2255
  3.2153
  3.2152
  3.1984
  3.2157
  3.2033
  3.2150
  3.2185
  3.2200
  3.2120
  3.2135
  3.2107
  3.2144
  3.2172
  3.2125
  3.2086
  3.2116
  3.2037
  3.2040
  3.2038
  3.2112
  3.2169
  3.2129
  3.2152
  3.1993
  3.2114
  3.2289
  3.2155
  3.2070
  3.2062
  3.2067
  3.2053
  3.2161
  3.2137
  3.2212
  3.2152
  3.2089
  3.2121
  3.2147
  3.2127
  3.2104
  3.2185
  3.2070
  3.2107
  3.2162
  3.2019
  3.2161
  3.2139
  3.2091
  3.2241
  3.2218
  3.2212
  3.2145
  3.2195
  3.2122
  3.2169
  3.2021
  3.2037
  3.2180
  3.2073
  3.2315
  3.2168
  3.2095
  3.2074
  3.2123
  3.2138
  3.2261
  3.2027
  3.2119
  3.2070
  3.2191
  3.2127
  3.2146
  3.2059
  3.2043
  3.2181
  3.2163
  3.2099
  3.2047
  3.2217
  3.2098
  3.2090
  3.2132
  3.2248
  3.2185
  3.2068
  3.2192
  3.2160
  3.2060
  3.2192
  3.2124
  3.2172
  3.2154
  3.2046
  3.2146
  3.2138
  3.2235
  3.2154
  3.2138
  3.1988
  3.2161
  3.2112
  3.2005
  3.2149
  3.1981
  3.2144
  3.2031
  3.2098
  3.2058
  3.2144
  3.2124
  3.2174
  3.2065
  3.2083
  3.2260
  3.2151
  3.2074
  3.2070
  3.2077
  3.2212
  3.2143
  3.2187
  3.2176
  3.2144
  3.2101
  3.2056
  3.2038
  3.2115
  3.2138
  3.2178
  3.2138
  3.2170
  3.2150
  3.2165
  3.2185
  3.2144
  3.2123
  3.2211
  3.2233
  3.2119
  3.2069
  3.2093
  3.2218
  3.2159
  3.2128
  3.2109
  3.2131
  3.2021
  3.2121
  3.2130
  3.2026
  3.2126
  3.2098
  3.2109
  3.2006
  3.2159
  3.2066
  3.2076
  3.2201
  3.2049
  3.2201
  3.2131
  3.2182
  3.2081
  3.2179
  3.2184
  3.2055
  3.2159
  3.2256
  3.2042
  3.2077
  3.2066
  3.2081
  3.2163
  3.2092
  3.2140
  3.2062
  3.2206
  3.2209
  3.2149
  3.2177
  3.2209
  3.2136
  3.2048
  3.2238
  3.2172
  3.2219
  3.2062
  3.2081
  3.2169
  3.2098
  3.2082
  3.2079
  3.2163
  3.2096
  3.2161
  3.2057
  3.2130
  3.2035
  3.2015
  3.2161
  3.2232
  3.2204
  3.2109
  3.2055
  3.2145
  3.2028
  3.2146
  3.2175
  3.2163
  3.2144
  3.2165
  3.2118
  3.2183
  3.2119
  3.2067
  3.2124
  3.2153
  3.2074
  3.2128
  3.2102
  3.2110
  3.2170
  3.2090
  3.2082
  3.2101
  3.1990
  3.2150
  3.2156
  3.2121
  3.2144
  3.1984
  3.2176
  3.2102
  3.2142
  3.2130
  3.2078
  3.2130
  3.2243
  3.2112
  3.2136
  3.2151
  3.2097
  3.2062
  3.2041
  3.2111
  3.2109
  3.2078
  3.2110
  3.2093
  3.2093
  3.2164
  3.2148
  3.1994
  3.2201
  3.2233
  3.2172
  3.2147
  3.2095
  3.2042
  3.2145
  3.2125
  3.2067
  3.2088
  3.2132
  3.2166
  3.2123
  3.2211
  3.2199
  3.2055
  3.2116
  3.2210
  3.1992
  3.2083
  3.2140
  3.2186
  3.2131
  3.2070
  3.2104
  3.2041
  3.2097
  3.2138
  3.2117
  3.2089
  3.1998
  3.2114
  3.2205
  3.2119
  3.2141
  3.2239
  3.2133
  3.2094
  3.2118
  3.2232
  3.2162
  3.2095
  3.2092
  3.2141
  3.1962
  3.2258
  3.2180
  3.2120
  3.2015
  3.2215
  3.2122
  3.2136
  3.2018
  3.2199
  3.2132
  3.2154
  3.2037
  3.2125
  3.2066
  3.2088
  3.2082
  3.2110
  3.2035
  3.2153
  3.2061
  3.2078
  3.2063
  3.2066
  3.2135
  3.2011
  3.2130
  3.2159
  3.2178
  3.2070
  3.2082
  3.2162
  3.2135
  3.2118
  3.2050
  3.2116
  3.2042
  3.1997
  3.2056
  3.2074
  3.2236
  3.2027
  3.2129
  3.2156
  3.2044
  3.2150
  3.2053
  3.2170
  3.2168
  3.2114
  3.2099
  3.2065
  3.2198
  3.2175
  3.2141
  3.2067
  3.2159
  3.1987
  3.2174
  3.2170
  3.1990
  3.2129
  3.2083
  3.2191
  3.2078
  3.2128
  3.2102
  3.2243
  3.2097
  3.2230
  3.2083
  3.2188
  3.2176
  3.2085
  3.2203
  3.2093
  3.1986
  3.2295
  3.2072
  3.2108
  3.2241
  3.2134
  3.2203
  3.1988
  3.2074
  3.2170
  3.2063
  3.2151
  3.1996
  3.2117
  3.2130
  3.2181
  3.2269
  3.2125
  3.2140
  3.2122
  3.2078
  3.2155
  3.2050
  3.2068
  3.2161
  3.2110
  3.2212
  3.2098
  3.2236
  3.2084
  3.2148
  3.2183
  3.2168
  3.2195
  3.2080
  3.2032
  3.2140
  3.2034
  3.2136
  3.2120
  3.2053
  3.2068
  3.2165
  3.2200
  3.2034
  3.2128
  3.2213
  3.2186
  3.2130
  3.2132
  3.2171
  3.2159
  3.2140
  3.2095
  3.2155
  3.2114
  3.2123
  3.2209
  3.2079
  3.2096
  3.2032
  3.1977
  3.2147
  3.2167
  3.2026
  3.2139
  3.2047
  3.2222
  3.2169
  3.2035
  3.2135
  3.2056
  3.2149
  3.2127
  3.2040
  3.2048
  3.2210
  3.2197
  3.2139
  3.2197
  3.2089
  3.2055
  3.2212
  3.2273
  3.2087
  3.2136
  3.2093
  3.2161
  3.2210
  3.2167
  3.2131
  3.2129
  3.2203
  3.2159
  3.2148
  3.2032
  3.2185
  3.2137
  3.2069
  3.2054
  3.2160
  3.2107
  3.2162
  3.2069
  3.2080
  3.2194
  3.2243
  3.2066
  3.2132
  3.2144
  3.2126
  3.2153
  3.2222
  3.2187
  3.2067
  3.2185
  3.2079
  3.2183
  3.2069
  3.2191
  3.2088
  3.2107
  3.1998
  3.2031
  3.2135
  3.2179
  3.2129
  3.2108
  3.2039
  3.2136
  3.2121
  3.2148
  3.2216
  3.2132
  3.2118
  3.2262
  3.2012
  3.2112
  3.2129
  3.2114
  3.2072
  3.2202
  3.1990
  3.2167
  3.2177
  3.2048
  3.2156
  3.2146
  3.2217
  3.2138
  3.2117
  3.2159
  3.2085
  3.2096
  3.2011
  3.2159
  3.2122
  3.2126
  3.2068
  3.2025
  3.1978
  3.2131
  3.2011
  3.2209
  3.2113
  3.2221
  3.2146
  3.2044
  3.2074
  3.2199
  3.1954
  3.2303
  3.2107
  3.2109
  3.2240
  3.1997
  3.2081
  3.2099
  3.2246
  3.2157
  3.2188
  3.2220
  3.2151
  3.2095
  3.2204
  3.2107
  3.2177
  3.2158
  3.2275
  3.2206
  3.2070
  3.2125
  3.2151
  3.1975
  3.2006
  3.2124
  3.2240
  3.2265
  3.2072
  3.2023
  3.2077
  3.2168
  3.2084
  3.2225
  3.2131
  3.2111
  3.2186
  3.2209
  3.2131
  3.2148
  3.2078
  3.2129
  3.2175
  3.2139
  3.2305
