C1431410.092534
Gadanki 14/03/2014 10:08:55 14/03/2014 10:09:25 0375 0079.2 0013.5 00
0000000 0020 0000600 0020 01
1 0 2 02000 1 0000 0030 00532.o 0 0 00 000 14 000600 0.500 BT0
532.000 .o analog 0 
  3.0149
 21.2515
 18.3061
 10.9104
 12.2068
 13.6898
 17.3228
 27.9644
 38.5216
 41.7741
 39.8891
 36.1859
 32.1717
 28.4131
 25.2014
 22.6964
 20.6138
 18.9870
 17.0855
 15.5334
 14.3683
 13.1846
 12.2065
 11.3754
 10.7042
 10.3036
  9.7685
  9.2983
  8.8495
  8.4263
  8.0091
  7.6146
  7.0248
  6.5707
  6.2044
  5.9760
  5.8157
  5.6473
  5.5070
  5.3786
  5.2352
  5.1147
  4.9974
  4.8860
  4.7822
  4.6879
  4.6016
  4.4795
  4.3803
  4.3322
  4.2912
  4.2054
  4.1133
  4.0763
  4.0768
  4.0567
  4.0489
  3.9409
  3.8962
  3.9109
  3.9192
  3.8746
  3.7623
  3.7218
  3.7228
  3.6829
  3.6051
  3.6112
  3.5972
  3.5661
  3.5412
  3.5230
  3.5045
  3.4622
  3.4435
  3.4290
  3.4109
  3.4188
  3.4036
  3.3903
  3.4089
  3.4136
  3.4297
  3.3708
  3.3154
  3.2870
  3.2972
  3.2861
  3.2727
  3.2738
  3.2570
  3.2516
  3.2408
  3.2550
  3.2250
  3.2313
  3.2133
  3.2163
  3.2150
  3.2006
  3.2010
  3.1868
  3.1863
  3.1858
  3.1993
  3.1730
  3.1810
  3.1789
  3.1634
  3.1597
  3.1641
  3.1654
  3.1435
  3.1522
  3.1544
  3.1455
  3.1348
  3.1428
  3.1414
  3.1335
  3.1333
  3.1326
  3.1389
  3.1244
  3.1288
  3.1259
  3.1218
  3.1129
  3.1085
  3.1147
  3.1053
  3.1137
  3.1123
  3.1070
  3.1039
  3.1065
  3.1151
  3.0974
  3.0936
  3.1099
  3.0925
  3.0885
  3.1000
  3.0916
  3.0819
  3.0857
  3.0834
  3.0840
  3.0901
  3.0917
  3.0905
  3.0780
  3.0866
  3.0721
  3.0835
  3.0815
  3.0896
  3.0728
  3.0677
  3.0802
  3.0784
  3.0768
  3.0725
  3.0698
  3.0664
  3.0680
  3.0613
  3.0653
  3.0709
  3.0630
  3.0730
  3.0587
  3.0623
  3.0647
  3.0633
  3.0619
  3.0698
  3.0612
  3.0578
  3.0549
  3.0563
  3.0499
  3.0553
  3.0615
  3.0593
  3.0443
  3.0575
  3.0517
  3.0544
  3.0475
  3.0526
  3.0557
  3.0412
  3.0490
  3.0261
  3.0546
  3.0503
  3.0468
  3.0441
  3.0468
  3.0557
  3.0479
  3.0549
  3.0475
  3.0431
  3.0445
  3.0400
  3.0515
  3.0453
  3.0558
  3.0552
  3.0333
  3.0459
  3.0411
  3.0479
  3.0358
  3.0504
  3.0394
  3.0441
  3.0443
  3.0499
  3.0458
  3.0419
  3.0482
  3.0386
  3.0358
  3.0436
  3.0377
  3.0406
  3.0413
  3.0410
  3.0357
  3.0328
  3.0379
  3.0298
  3.0361
  3.0429
  3.0297
  3.0348
  3.0271
  3.0358
  3.0423
  3.0453
  3.0335
  3.0326
  3.0556
  3.0417
  3.0404
  3.0390
  3.0306
  3.0279
  3.0294
  3.0438
  3.0273
  3.0431
  3.0317
  3.0439
  3.0354
  3.0294
  3.0410
  3.0266
  3.0275
  3.0370
  3.0287
  3.0262
  3.0296
  3.0250
  3.0272
  3.0302
  3.0393
  3.0341
  3.0284
  3.0314
  3.0337
  3.0351
  3.0271
  3.0355
  3.0456
  3.0404
  3.0328
  3.0296
  3.0377
  3.0321
  3.0299
  3.0272
  3.0369
  3.0344
  3.0300
  3.0369
  3.0344
  3.0317
  3.0359
  3.0300
  3.0304
  3.0486
  3.0334
  3.0375
  3.0320
  3.0257
  3.0305
  3.0284
  3.0288
  3.0348
  3.0343
  3.0260
  3.0118
  3.0246
  3.0360
  3.0270
  3.0276
  3.0191
  3.0334
  3.0276
  3.0293
  3.0308
  3.0123
  3.0301
  3.0142
  3.0154
  3.0281
  3.0206
  3.0124
  3.0298
  3.0244
  3.0311
  3.0154
  3.0125
  3.0146
  3.0126
  3.0261
  3.0350
  3.0145
  3.0230
  3.0207
  3.0242
  3.0254
  3.0215
  3.0205
  3.0237
  3.0137
  3.0258
  3.0166
  3.0239
  3.0301
  3.0216
  3.0214
  3.0302
  3.0246
  3.0164
  3.0301
  3.0231
  3.0141
  3.0293
  3.0153
  3.0280
  3.0151
  3.0134
  3.0186
  3.0287
  3.0225
  3.0166
  3.0172
  3.0245
  3.0190
  3.0215
  3.0144
  3.0228
  3.0176
  3.0250
  3.0348
  3.0195
  3.0211
  3.0344
  3.0209
  3.0177
  3.0216
  3.0149
  3.0132
  3.0138
  3.0196
  3.0344
  3.0092
  3.0223
  3.0309
  3.0246
  3.0259
  3.0225
  3.0203
  3.0335
  3.0263
  3.0309
  3.0138
  3.0174
  3.0221
  3.0259
  3.0204
  3.0279
  3.0259
  3.0319
  3.0223
  3.0293
  3.0200
  3.0152
  3.0358
  3.0241
  3.0182
  3.0216
  3.0254
  3.0173
  3.0297
  3.0231
  3.0245
  3.0137
  3.0109
  3.0182
  3.0196
  3.0226
  3.0201
  3.0186
  3.0255
  3.0198
  3.0290
  3.0292
  3.0280
  3.0157
  3.0165
  3.0150
  3.0193
  3.0239
  3.0259
  3.0267
  3.0266
  3.0210
  3.0230
  3.0252
  3.0280
  3.0229
  3.0162
  3.0156
  3.0245
  3.0111
  3.0206
  3.0292
  3.0222
  3.0098
  3.0203
  3.0243
  3.0201
  3.0281
  3.0178
  3.0223
  3.0253
  3.0186
  3.0139
  3.0243
  3.0197
  3.0147
  3.0294
  3.0153
  3.0236
  3.0206
  3.0179
  3.0088
  3.0175
  3.0119
  3.0078
  3.0243
  3.0174
  3.0280
  3.0285
  3.0303
  3.0200
  3.0129
  3.0207
  3.0213
  3.0231
  3.0229
  3.0253
  3.0329
  3.0203
  3.0090
  3.0199
  3.0136
  3.0161
  3.0261
  3.0092
  3.0185
  3.0214
  3.0302
  3.0107
  3.0187
  3.0151
  3.0269
  3.0240
  3.0312
  3.0254
  3.0149
  3.0063
  3.0172
  3.0118
  3.0161
  3.0085
  3.0200
  3.0187
  3.0169
  3.0108
  3.0252
  3.0134
  3.0110
  3.0185
  3.0136
  3.0266
  3.0244
  3.0184
  3.0203
  3.0287
  3.0284
  3.0131
  3.0210
  3.0146
  3.0135
  3.0203
  3.0141
  3.0251
  3.0180
  3.0293
  3.0317
  3.0270
  3.0194
  3.0198
  3.0199
  3.0113
  3.0121
  3.0212
  3.0208
  3.0202
  3.0157
  3.0243
  3.0202
  3.0196
  3.0133
  3.0197
  3.0209
  3.0159
  3.0104
  3.0154
  3.0184
  3.0239
  3.0202
  3.0191
  3.0282
  3.0168
  3.0198
  3.0163
  3.0131
  3.0215
  3.0262
  3.0112
  3.0222
  3.0168
  3.0231
  3.0223
  3.0135
  3.0175
  3.0158
  3.0156
  3.0160
  3.0232
  3.0069
  3.0184
  3.0078
  3.0158
  3.0275
  3.0365
  3.0340
  3.0312
  3.0121
  3.0123
  3.0129
  3.0330
  3.0195
  3.0179
  3.0152
  3.0229
  3.0210
  3.0184
  3.0193
  3.0102
  3.0188
  3.0231
  3.0203
  3.0194
  3.0201
  3.0234
  3.0170
  3.0149
  3.0120
  3.0173
  3.0124
  3.0215
  3.0120
  3.0173
  3.0155
  3.0100
  3.0177
  3.0326
  3.0126
  3.0146
  3.0094
  3.0232
  3.0338
  3.0105
  3.0127
  3.0075
  3.0233
  3.0233
  3.0099
  3.0116
  3.0057
  3.0214
  3.0093
  3.0187
  3.0302
  3.0247
  3.0147
  3.0191
  3.0149
  3.0261
  3.0253
  3.0157
  3.0090
  3.0105
  3.0172
  3.0193
  3.0251
  3.0145
  3.0133
  3.0219
  3.0167
  3.0138
  3.0076
  3.0229
  3.0165
  3.0167
  3.0148
  3.0167
  3.0145
  3.0195
  3.0030
  3.0220
  3.0155
  3.0198
  3.0108
  3.0154
  3.0121
  3.0179
  3.0269
  3.0237
  3.0160
  3.0139
  3.0233
  3.0305
  3.0207
  3.0260
  3.0236
  3.0140
  3.0186
  3.0077
  3.0087
  3.0124
  3.0248
  3.0124
  3.0279
  3.0231
  3.0174
  3.0225
  3.0179
  3.0244
  3.0173
  3.0162
  3.0217
  3.0170
  3.0293
  3.0192
  3.0211
  3.0192
  3.0156
  3.0150
  3.0082
  3.0169
  3.0234
  3.0209
  3.0194
  3.0120
  3.0161
  3.0180
  3.0125
  3.0169
  3.0072
  3.0152
  3.0119
  3.0240
  3.0137
  3.0128
  3.0291
  3.0151
  3.0163
  3.0134
  3.0090
  3.0238
  3.0336
  3.0225
  3.0237
  3.0270
  3.0101
  3.0106
  3.0186
  3.0298
  3.0225
  3.0184
  3.0186
  3.0264
  3.0105
  3.0087
  3.0102
  3.0202
  3.0141
  3.0202
  3.0256
  3.0150
  3.0317
  3.0125
  3.0206
  3.0223
  3.0256
  3.0129
  3.0113
  3.0069
  3.0213
  3.0153
  3.0112
  3.0188
  3.0166
  3.0141
  3.0224
  3.0255
  3.0240
  3.0199
  3.0194
  3.0214
  3.0138
  3.0160
  3.0113
  3.0068
  3.0130
  3.0166
  3.0220
  3.0294
  3.0082
  3.0146
  3.0274
  3.0126
  3.0263
  3.0230
  3.0165
  3.0260
  3.0140
  3.0292
  3.0157
  3.0210
  3.0092
  3.0252
  3.0171
  3.0085
  3.0237
  3.0215
  3.0125
  3.0063
  3.0061
  3.0150
  3.0174
  3.0067
  3.0176
  3.0123
  3.0145
  3.0205
  3.0203
  3.0034
  3.0274
  3.0307
  3.0239
  3.0158
  3.0189
  3.0156
  3.0084
  3.0112
  3.0160
  3.0143
  3.0250
  3.0107
  3.0206
  3.0131
  3.0148
  3.0230
  3.0223
  3.0230
  3.0229
  3.0158
  3.0117
  3.0181
  3.0128
  3.0119
  3.0059
  3.0233
  3.0074
  3.0358
  3.0172
  3.0159
  3.0136
  3.0079
  3.0100
  3.0087
  3.0155
  3.0258
  3.0242
  3.0177
  3.0118
  3.0156
  3.0179
  3.0184
  3.0187
  3.0213
  3.0063
  3.0223
  3.0135
  3.0027
  3.0128
  3.0187
  3.0108
  3.0234
  3.0268
  3.0209
  3.0195
  3.0146
  3.0240
  3.0213
  3.0205
  3.0168
  3.0036
  3.0148
  3.0178
  3.0101
  3.0226
  3.0108
  3.0123
  3.0192
  3.0212
  3.0137
  3.0136
  3.0200
  3.0097
  3.0055
  3.0258
  3.0142
  3.0198
  3.0211
  3.0168
  3.0213
  3.0106
  3.0131
  3.0336
  3.0134
  3.0036
  3.0169
  3.0191
  3.0253
  3.0178
  3.0171
  3.0048
  3.0246
  3.0239
  3.0219
  3.0219
  3.0276
  3.0235
  3.0189
  3.0211
  3.0162
  3.0257
  3.0093
  3.0101
  3.0180
  3.0215
  3.0141
  3.0163
  3.0127
  3.0157
  3.0200
  3.0099
  3.0165
  3.0099
  3.0116
  3.0106
  3.0179
  3.0107
  3.0178
  3.0127
  3.0213
  3.0235
  3.0170
  3.0218
  3.0154
  3.0179
  3.0216
  3.0191
  3.0155
  3.0209
  3.0197
  3.0158
  3.0253
  3.0156
  3.0118
  3.0209
  3.0164
  3.0205
  3.0237
  3.0156
  3.0125
  3.0170
  3.0138
  3.0207
  3.0253
  3.0242
  3.0222
  3.0215
  3.0306
  3.0145
  3.0132
  3.0201
  3.0152
  3.0170
  3.0145
  3.0157
  3.0182
  3.0202
  3.0193
  3.0243
  3.0200
  3.0162
  3.0241
  3.0118
  3.0254
  3.0108
  3.0303
  3.0118
  3.0084
  3.0186
  3.0102
  3.0081
  3.0225
  2.9956
  3.0085
  3.0164
  3.0376
  3.0079
  3.0087
  3.0101
  3.0124
  3.0163
  3.0105
  3.0230
  3.0256
  3.0181
  3.0206
  3.0221
  3.0214
  3.0179
  3.0170
  3.0161
  3.0182
  3.0086
  3.0192
  3.0201
  3.0225
  3.0124
  3.0039
  3.0102
  3.0216
  3.0097
  3.0118
  3.0086
  3.0183
  3.0124
  3.0212
  3.0173
  3.0146
  3.0270
  3.0076
  3.0090
  3.0278
  3.0251
  3.0078
  3.0154
  3.0113
  3.0120
  3.0173
  3.0184
  3.0177
  3.0232
  3.0190
  3.0097
  3.0147
  3.0101
  3.0121
  3.0110
  3.0110
  3.0173
  3.0240
  3.0116
  3.0187
  3.0193
  3.0184
  3.0257
  3.0184
  3.0161
  3.0106
  3.0162
  3.0154
  3.0145
  3.0285
  3.0272
  3.0151
  3.0194
  3.0131
  3.0084
  3.0243
  3.0204
  3.0201
  3.0134
  3.0066
  3.0170
  3.0209
  3.0097
  3.0170
  3.0280
  3.0134
  3.0133
  3.0304
  3.0078
  3.0128
  3.0119
  3.0165
  3.0155
  3.0157
  3.0070
  3.0020
  3.0160
  3.0181
  3.0129
  3.0166
  3.0128
  3.0228
  3.0219
  3.0110
  3.0211
  3.0084
  3.0124
  3.0146
  3.0191
  3.0186
  3.0129
  3.0174
  3.0214
  3.0144
  3.0184
  3.0124
  3.0178
  3.0219
  3.0212
  3.0104
  3.0197
  3.0172
  3.0239
  3.0220
  3.0135
  3.0039
  3.0062
  3.0059
  3.0132
  3.0217
  3.0177
  3.0180
  3.0223
  3.0195
  3.0194
  3.0144
  3.0231
  3.0123
  3.0176
  3.0184
  3.0107
  3.0186
  3.0125
  3.0152
  3.0146
  3.0148
  3.0228
  3.0272
  3.0214
  3.0122
  3.0091
  3.0195
  3.0229
  3.0214
  3.0261
  3.0398
  3.0196
  3.0213
  3.0185
  3.0137
  3.0306
  3.0216
  3.0128
  3.0133
  3.0287
  3.0156
  3.0120
  3.0094
  3.0092
  3.0163
  3.0246
  3.0077
  3.0173
  3.0106
  3.0065
  3.0221
  3.0148
  3.0129
  3.0191
  3.0186
  3.0286
  3.0182
  3.0119
  3.0160
  3.0204
  3.0128
  3.0218
  3.0101
  3.0131
  3.0234
  3.0121
  3.0095
  3.0152
  3.0232
  3.0060
  3.0056
  3.0098
  3.0252
  3.0220
  3.0210
  3.0028
  3.0213
  3.0166
  3.0209
  3.0156
  3.0136
  3.0225
  3.0060
  3.0202
  3.0288
  3.0329
  3.0208
  3.0175
  3.0124
  3.0196
  3.0039
  3.0126
  3.0198
  3.0308
  3.0182
  3.0243
  3.0240
  3.0130
  3.0179
  3.0166
  3.0252
  3.0121
  3.0117
  3.0235
  3.0129
  3.0221
  3.0069
  3.0136
  3.0200
  3.0237
  3.0211
  3.0177
  3.0182
  3.0137
  3.0171
  3.0188
  3.0132
  3.0241
  3.0307
  3.0283
  3.0171
  3.0135
  3.0195
  3.0156
  3.0132
  3.0195
  3.0203
  3.0259
  3.0084
  3.0137
  3.0147
  3.0096
  3.0164
  3.0197
  3.0121
  3.0215
  3.0163
  3.0356
  3.0223
  3.0114
  3.0048
  3.0045
  3.0176
  3.0175
  3.0214
  3.0182
  3.0140
  3.0170
  3.0091
  3.0140
  3.0143
  3.0264
  3.0306
  3.0110
  3.0100
  3.0123
  3.0126
  3.0126
  3.0173
  3.0242
  3.0114
  3.0182
  3.0226
  3.0290
  3.0098
  3.0149
  3.0159
  3.0070
  3.0169
  3.0191
  3.0114
  3.0193
  3.0141
  3.0294
  3.0198
  3.0172
  3.0152
  3.0203
  3.0158
  3.0245
  3.0223
  3.0167
  2.9995
  3.0205
  3.0175
  3.0140
  3.0222
  3.0114
  3.0161
  3.0110
  3.0226
  3.0129
  3.0107
  3.0032
  3.0179
  3.0176
  3.0159
  3.0154
  3.0048
  3.0273
  3.0281
  3.0230
  3.0216
  3.0202
  3.0168
  3.0134
  3.0128
  3.0241
  3.0142
  3.0162
  3.0091
  3.0115
  3.0144
  3.0165
  3.0225
  3.0232
  3.0217
  3.0105
  3.0208
  3.0167
  3.0164
  3.0247
  3.0125
  3.0238
  3.0104
  3.0139
  3.0223
  3.0206
  3.0122
  3.0145
  3.0137
  3.0113
  3.0047
  3.0202
  3.0123
  3.0185
  3.0236
  3.0212
  3.0164
  3.0085
  3.0183
  3.0163
  3.0168
  3.0152
  3.0194
  3.0115
  3.0161
  3.0282
  3.0165
  3.0241
  3.0163
  3.0270
  3.0238
  3.0236
  3.0164
  3.0188
  3.0127
  3.0089
  3.0060
  3.0081
  3.0123
  3.0179
  3.0132
  3.0121
  3.0252
  3.0244
  3.0024
  3.0220
  3.0129
  3.0179
  3.0119
  3.0304
  3.0046
  3.0044
  3.0066
  3.0031
  3.0143
  3.0049
  3.0186
  3.0196
  3.0128
  3.0144
  3.0262
  3.0106
  3.0231
  3.0063
  3.0193
  3.0093
  3.0279
  3.0123
  3.0218
  3.0206
  3.0127
  3.0181
  3.0173
  3.0135
  3.0205
  3.0218
  3.0208
  3.0047
  3.0142
  3.0226
  3.0172
  3.0269
  3.0229
  3.0221
  3.0192
  3.0101
  3.0065
  3.0222
  3.0234
  3.0115
  3.0220
  3.0138
  3.0174
  3.0150
  3.0158
  3.0171
  3.0209
  3.0263
  3.0104
  3.0000
  3.0120
  3.0190
  3.0110
  3.0203
  3.0105
  3.0093
  3.0075
  3.0140
  3.0155
  3.0168
  3.0220
  3.0259
  3.0104
  3.0199
  3.0291
  3.0235
  3.0232
  3.0122
  3.0138
  3.0153
  3.0267
  3.0173
  3.0147
  3.0304
  3.0124
  3.0173
  3.0134
  3.0251
  3.0130
  3.0168
  3.0203
  3.0155
  3.0043
  3.0103
  3.0177
  3.0164
  3.0154
  3.0194
  3.0042
  3.0146
  3.0155
  3.0188
  3.0042
  3.0175
  3.0256
  3.0155
  3.0226
  3.0186
  3.0110
  3.0285
  3.0125
  3.0165
  3.0198
  3.0261
  3.0215
  3.0054
  3.0153
  3.0227
  3.0236
  3.0063
  3.0202
  3.0216
  3.0180
  3.0169
  3.0224
  3.0139
  3.0120
  3.0229
  3.0242
  3.0135
  3.0163
  3.0040
  3.0091
  3.0181
  3.0180
  3.0132
  3.0105
  3.0159
  3.0206
  3.0149
  3.0206
  3.0142
  3.0050
  3.0061
  3.0128
  3.0186
  3.0197
  3.0148
  3.0303
  3.0242
  3.0152
  3.0227
  3.0163
  3.0142
  3.0183
  3.0165
  3.0203
  3.0174
  3.0150
  3.0228
  3.0167
  3.0181
  3.0216
  3.0075
  3.0055
  3.0070
  3.0067
  3.0212
  3.0117
  3.0183
  3.0152
  3.0163
  3.0212
  3.0176
  3.0164
  3.0210
  3.0194
  3.0174
  3.0147
  3.0200
  3.0093
  3.0125
  3.0090
  3.0141
  3.0174
  3.0197
  3.0117
  3.0225
  3.0292
  3.0226
  3.0195
  3.0163
  3.0268
  3.0258
  3.0246
  3.0158
  3.0195
  3.0180
  3.0109
  3.0137
  3.0151
  3.0193
  3.0135
  3.0276
  3.0147
  3.0224
  3.0136
  3.0136
  3.0206
  3.0217
  3.0216
  3.0227
  3.0166
  3.0061
  3.0213
  3.0124
  3.0117
  3.0141
  3.0166
  3.0177
  3.0156
  3.0109
  3.0179
  3.0187
  3.0166
  3.0156
  3.0210
  3.0075
  3.0190
  3.0153
  3.0205
  3.0142
  3.0088
  3.0178
  3.0197
  3.0139
  3.0147
  3.0212
  3.0202
  3.0168
  3.0232
  3.0119
  3.0205
  3.0143
  3.0308
  3.0153
  3.0152
  3.0253
  3.0169
  3.0126
  3.0079
  3.0142
  3.0177
  3.0239
  3.0164
  3.0135
  3.0251
  3.0223
  3.0121
  3.0166
  3.0129
  3.0172
  3.0120
  3.0140
  3.0281
  3.0144
  3.0056
  3.0185
  3.0135
  3.0189
  3.0212
  3.0152
  3.0141
  3.0191
  3.0128
  3.0116
  3.0170
  3.0082
  3.0179
  3.0232
  3.0298
  3.0139
  3.0114
  3.0131
  3.0156
  3.0136
  3.0237
  3.0162
  3.0111
  3.0176
  3.0108
  3.0179
  3.0213
  3.0027
  3.0061
  3.0196
  3.0182
  3.0227
  3.0205
  3.0189
  3.0295
  3.0127
  3.0200
  3.0164
  3.0251
  3.0106
  3.0153
  3.0058
  3.0208
  3.0257
  3.0142
  3.0212
  3.0171
  3.0156
  3.0140
  3.0209
  3.0173
  3.0160
  3.0185
  3.0177
  3.0089
  3.0160
  3.0195
  3.0134
  3.0058
  3.0139
  3.0158
  3.0142
  3.0194
  3.0209
  3.0206
  3.0117
  3.0197
  3.0291
  3.0149
  3.0149
  3.0175
  3.0230
  3.0105
  3.0168
  3.0129
  3.0079
  3.0219
  3.0112
  3.0102
  3.0206
  3.0200
  3.0346
  3.0225
  3.0192
  3.0095
  3.0189
  3.0254
  3.0182
  3.0220
  3.0200
  3.0156
  3.0192
  3.0151
  3.0275
  3.0195
  3.0149
  3.0122
  3.0126
  3.0160
  3.0259
  3.0206
  3.0146
  3.0118
  3.0079
  3.0272
  3.0094
  3.0121
  3.0266
  3.0186
  3.0196
  3.0076
  3.0097
  3.0269
  3.0186
  3.0113
  3.0228
  3.0085
  3.0226
  3.0213
  3.0099
  3.0169
  3.0165
  3.0167
  3.0181
  3.0146
  3.0317
  3.0089
  3.0139
  3.0298
  3.0069
  3.0131
  3.0144
  3.0184
  3.0351
  3.0176
  3.0093
  3.0194
  3.0165
  3.0102
  3.0091
  3.0233
  3.0127
  3.0113
  3.0108
  3.0182
  3.0167
  3.0130
  3.0166
  3.0174
  3.0113
  3.0205
  3.0206
  3.0107
  3.0255
  3.0232
  3.0169
  3.0187
  3.0138
  3.0054
  3.0037
  3.0200
  3.0122
  3.0242
  3.0218
  3.0064
  3.0202
  3.0195
  3.0234
  3.0195
  3.0162
  3.0160
  3.0231
  3.0154
  3.0230
  3.0220
  3.0175
  3.0177
  3.0143
  3.0265
  3.0063
  3.0162
  3.0223
  3.0183
  3.0123
  3.0299
  3.0141
  3.0261
  3.0145
  3.0110
  3.0096
  3.0187
  3.0143
  3.0179
  3.0083
  3.0185
  3.0250
  3.0068
  3.0181
  3.0090
  3.0162
  3.0198
  3.0233
  3.0132
  3.0088
  3.0018
  3.0088
  3.0171
  3.0203
  3.0144
  3.0127
  3.0155
  3.0144
  3.0125
  3.0133
  3.0114
  3.0218
  3.0247
  3.0173
  3.0136
  3.0170
  3.0121
  3.0093
  3.0174
  3.0176
  3.0169
  3.0131
  3.0255
  3.0104
  3.0151
  3.0185
  3.0167
  3.0217
  3.0099
  3.0193
  3.0098
  3.0234
  3.0193
  3.0147
  3.0213
  3.0144
  3.0152
  3.0164
  3.0076
  3.0160
  3.0120
  3.0168
  3.0239
  3.0174
  3.0183
  3.0104
  3.0260
  3.0127
  3.0195
  3.0168
  3.0108
  3.0158
  3.0183
  3.0222
  3.0106
  3.0046
  3.0021
  3.0123
  3.0191
  3.0196
  3.0138
  3.0021
  3.0206
  3.0155
  3.0191
  3.0288
  3.0191
  3.0042
  3.0106
  3.0151
  3.0069
  3.0191
  3.0323
  3.0110
  3.0065
  3.0221
  3.0069
  3.0116
  3.0113
  3.0152
  3.0146
  3.0196
  3.0170
  3.0165
  3.0132
  3.0051
  3.0205
  3.0161
  3.0177
  3.0196
  3.0012
  3.0136
  3.0169
  3.0158
  3.0224
  3.0156
  3.0185
  3.0174
  3.0175
  3.0180
  3.0159
  3.0207
  3.0212
  3.0261
  3.0242
  3.0152
  3.0195
  3.0144
  3.0036
  3.0186
  3.0221
  3.0247
  3.0093
  3.0165
  3.0116
  3.0117
  3.0135
  3.0146
  3.0133
  3.0243
  3.0169
  3.0327
  3.0161
  3.0180
  3.0190
  3.0258
  3.0180
  3.0153
  3.0122
  3.0235
  3.0206
  3.0213
  3.0133
  3.0136
  3.0160
  3.0040
  3.0285
  3.0101
  3.0093
  3.0127
  3.0167
  3.0152
  3.0330
  3.0170
  3.0176
  3.0220
  3.0178
  3.0279
  3.0122
  3.0163
  3.0112
  3.0158
  3.0154
  3.0227
  3.0205
  3.0208
  3.0239
  3.0160
  3.0186
  3.0147
  3.0126
  3.0219
  3.0160
  3.0154
  3.0123
  3.0201
  3.0165
  3.0154
  3.0210
  3.0123
  3.0073
  3.0222
  3.0148
  3.0077
  3.0254
  3.0173
  3.0133
  3.0197
  3.0164
  3.0199
  3.0107
  3.0194
  3.0199
