C1431409.530916
Gadanki 14/03/2014 09:52:39 14/03/2014 09:53:09 0375 0079.2 0013.5 00
0000000 0020 0000600 0020 01
1 0 2 02000 1 0000 0030 00532.o 0 0 00 000 14 000600 0.500 BT0
532.000 .o analog 0 
  2.9150
 21.6570
 19.6898
 11.5723
 13.0999
 14.8805
 19.7053
 33.0039
 44.6292
 47.1110
 44.2331
 39.7229
 35.3242
 31.0125
 27.3893
 24.5770
 21.9703
 20.0707
 18.3457
 16.8269
 15.4737
 14.3312
 13.1638
 12.1791
 10.9450
  9.9288
  9.4330
  9.0474
  8.7523
  8.1914
  7.3145
  6.5500
  6.2808
  6.0183
  5.9071
  5.8082
  5.6814
  5.5772
  5.4184
  5.2934
  5.2228
  5.1272
  4.9290
  4.7268
  4.5965
  4.5313
  4.4665
  4.3596
  4.2642
  4.2470
  4.1309
  4.0696
  4.0916
  4.0539
  4.0840
  4.0278
  3.9381
  3.8734
  3.9025
  3.8469
  3.7477
  3.6616
  3.6734
  3.6468
  3.5910
  3.5308
  3.5417
  3.5388
  3.5091
  3.4677
  3.4464
  3.3957
  3.3598
  3.3487
  3.3447
  3.3398
  3.3130
  3.3004
  3.2849
  3.2879
  3.2895
  3.2888
  3.2400
  3.2101
  3.2014
  3.2142
  3.2045
  3.1813
  3.1730
  3.1623
  3.1593
  3.1398
  3.1440
  3.1533
  3.1271
  3.1299
  3.1273
  3.1179
  3.1071
  3.1177
  3.1077
  3.0940
  3.0873
  3.0924
  3.0871
  3.0826
  3.0703
  3.0791
  3.0812
  3.0749
  3.0566
  3.0707
  3.0595
  3.0567
  3.0529
  3.0440
  3.0465
  3.0553
  3.0468
  3.0461
  3.0416
  3.0372
  3.0235
  3.0177
  3.0213
  3.0367
  3.0157
  3.0278
  3.0149
  3.0112
  3.0160
  3.0060
  3.0049
  3.0144
  3.0060
  2.9999
  3.0016
  2.9912
  3.0043
  3.0020
  3.0015
  2.9991
  2.9933
  2.9929
  3.0070
  2.9978
  3.0001
  2.9949
  2.9846
  2.9873
  2.9837
  2.9972
  2.9924
  2.9916
  2.9882
  2.9882
  2.9809
  2.9748
  2.9763
  2.9817
  2.9772
  2.9927
  2.9746
  2.9720
  2.9700
  2.9699
  2.9777
  2.9652
  2.9771
  2.9708
  2.9734
  2.9760
  2.9753
  2.9631
  2.9637
  2.9619
  2.9695
  2.9732
  2.9525
  2.9671
  2.9630
  2.9657
  2.9638
  2.9648
  2.9700
  2.9693
  2.9460
  2.9500
  2.9645
  2.9545
  2.9609
  2.9501
  2.9503
  2.9659
  2.9538
  2.9551
  2.9450
  2.9508
  2.9545
  2.9559
  2.9492
  2.9593
  2.9577
  2.9575
  2.9475
  2.9508
  2.9521
  2.9424
  2.9562
  2.9516
  2.9544
  2.9495
  2.9504
  2.9465
  2.9492
  2.9503
  2.9511
  2.9537
  2.9410
  2.9637
  2.9422
  2.9334
  2.9394
  2.9458
  2.9322
  2.9553
  2.9533
  2.9438
  2.9510
  2.9461
  2.9479
  2.9521
  2.9358
  2.9452
  2.9513
  2.9342
  2.9411
  2.9397
  2.9385
  2.9478
  2.9448
  2.9383
  2.9551
  2.9270
  2.9365
  2.9357
  2.9338
  2.9358
  2.9361
  2.9316
  2.9388
  2.9399
  2.9419
  2.9409
  2.9381
  2.9465
  2.9338
  2.9516
  2.9297
  2.9461
  2.9369
  2.9431
  2.9401
  2.9302
  2.9315
  2.9337
  2.9308
  2.9380
  2.9342
  2.9395
  2.9409
  2.9293
  2.9297
  2.9381
  2.9403
  2.9416
  2.9310
  2.9314
  2.9288
  2.9391
  2.9345
  2.9273
  2.9360
  2.9320
  2.9289
  2.9344
  2.9255
  2.9368
  2.9325
  2.9377
  2.9399
  2.9316
  2.9362
  2.9350
  2.9401
  2.9371
  2.9209
  2.9230
  2.9301
  2.9346
  2.9379
  2.9337
  2.9328
  2.9317
  2.9281
  2.9340
  2.9155
  2.9282
  2.9376
  2.9413
  2.9380
  2.9291
  2.9350
  2.9285
  2.9230
  2.9332
  2.9289
  2.9271
  2.9262
  2.9274
  2.9345
  2.9395
  2.9256
  2.9246
  2.9245
  2.9393
  2.9259
  2.9286
  2.9234
  2.9213
  2.9214
  2.9256
  2.9248
  2.9240
  2.9325
  2.9342
  2.9289
  2.9208
  2.9270
  2.9266
  2.9283
  2.9266
  2.9293
  2.9287
  2.9312
  2.9320
  2.9363
  2.9245
  2.9386
  2.9290
  2.9371
  2.9352
  2.9236
  2.9333
  2.9346
  2.9257
  2.9222
  2.9244
  2.9291
  2.9407
  2.9341
  2.9256
  2.9341
  2.9374
  2.9305
  2.9374
  2.9232
  2.9347
  2.9345
  2.9223
  2.9184
  2.9271
  2.9289
  2.9251
  2.9279
  2.9291
  2.9335
  2.9244
  2.9301
  2.9401
  2.9208
  2.9275
  2.9227
  2.9202
  2.9273
  2.9231
  2.9352
  2.9276
  2.9223
  2.9257
  2.9355
  2.9170
  2.9230
  2.9251
  2.9161
  2.9167
  2.9170
  2.9266
  2.9218
  2.9264
  2.9218
  2.9329
  2.9226
  2.9191
  2.9272
  2.9194
  2.9205
  2.9252
  2.9251
  2.9204
  2.9309
  2.9312
  2.9255
  2.9274
  2.9223
  2.9112
  2.9289
  2.9203
  2.9265
  2.9293
  2.9188
  2.9222
  2.9279
  2.9321
  2.9287
  2.9219
  2.9194
  2.9270
  2.9262
  2.9231
  2.9259
  2.9338
  2.9263
  2.9260
  2.9349
  2.9183
  2.9234
  2.9368
  2.9171
  2.9131
  2.9180
  2.9241
  2.9278
  2.9084
  2.9231
  2.9295
  2.9253
  2.9191
  2.9180
  2.9252
  2.9218
  2.9239
  2.9196
  2.9352
  2.9210
  2.9249
  2.9301
  2.9235
  2.9325
  2.9202
  2.9172
  2.9254
  2.9249
  2.9177
  2.9192
  2.9153
  2.9240
  2.9300
  2.9242
  2.9364
  2.9285
  2.9314
  2.9207
  2.9303
  2.9206
  2.9329
  2.9169
  2.9149
  2.9243
  2.9255
  2.9273
  2.9224
  2.9200
  2.9141
  2.9310
  2.9224
  2.9252
  2.9239
  2.9260
  2.9200
  2.9245
  2.9255
  2.9249
  2.9265
  2.9241
  2.9172
  2.9249
  2.9170
  2.9173
  2.9290
  2.9216
  2.9220
  2.9137
  2.9161
  2.9282
  2.9191
  2.9170
  2.9259
  2.9219
  2.9389
  2.9200
  2.9265
  2.9234
  2.9212
  2.9138
  2.9258
  2.9261
  2.9238
  2.9311
  2.9214
  2.9122
  2.9149
  2.9140
  2.9254
  2.9238
  2.9159
  2.9270
  2.9289
  2.9190
  2.9140
  2.9235
  2.9360
  2.9191
  2.9311
  2.9233
  2.9247
  2.9181
  2.9234
  2.9268
  2.9223
  2.9238
  2.9296
  2.9227
  2.9159
  2.9346
  2.9255
  2.9151
  2.9232
  2.9241
  2.9270
  2.9241
  2.9266
  2.9276
  2.9285
  2.9221
  2.9259
  2.9337
  2.9225
  2.9231
  2.9231
  2.9155
  2.9182
  2.9227
  2.9308
  2.9185
  2.9258
  2.9201
  2.9260
  2.9315
  2.9240
  2.9189
  2.9259
  2.9245
  2.9231
  2.9212
  2.9232
  2.9203
  2.9287
  2.9255
  2.9189
  2.9188
  2.9208
  2.9166
  2.9266
  2.9226
  2.9222
  2.9205
  2.9117
  2.9224
  2.9222
  2.9205
  2.9188
  2.9141
  2.9246
  2.9222
  2.9296
  2.9237
  2.9241
  2.9293
  2.9226
  2.9237
  2.9213
  2.9169
  2.9235
  2.9195
  2.9226
  2.9079
  2.9089
  2.9149
  2.9293
  2.9202
  2.9223
  2.9129
  2.9188
  2.9167
  2.9261
  2.9285
  2.9136
  2.9153
  2.9335
  2.9208
  2.9272
  2.9180
  2.9345
  2.9308
  2.9202
  2.9302
  2.9160
  2.9227
  2.9214
  2.9192
  2.9259
  2.9194
  2.9195
  2.9259
  2.9145
  2.9263
  2.9217
  2.9193
  2.9343
  2.9128
  2.9163
  2.9173
  2.9174
  2.9372
  2.9236
  2.9206
  2.9183
  2.9279
  2.9140
  2.9088
  2.9097
  2.9237
  2.9181
  2.9233
  2.9228
  2.9214
  2.9201
  2.9091
  2.9222
  2.9153
  2.9175
  2.9239
  2.9203
  2.9220
  2.9218
  2.9297
  2.9238
  2.9171
  2.9218
  2.9204
  2.9308
  2.9300
  2.9319
  2.9215
  2.9255
  2.9168
  2.9189
  2.9249
  2.9267
  2.9225
  2.9214
  2.9275
  2.9320
  2.9201
  2.9274
  2.9235
  2.9226
  2.9133
  2.9179
  2.9258
  2.9303
  2.9176
  2.9256
  2.9309
  2.9099
  2.9299
  2.9197
  2.9247
  2.9226
  2.9189
  2.9165
  2.9138
  2.9165
  2.9153
  2.9105
  2.9229
  2.9215
  2.9103
  2.9204
  2.9191
  2.9365
  2.9139
  2.9309
  2.9114
  2.9133
  2.9204
  2.9289
  2.9206
  2.9255
  2.9325
  2.9294
  2.9242
  2.9286
  2.9165
  2.9223
  2.9179
  2.9287
  2.9220
  2.9263
  2.9271
  2.9278
  2.9306
  2.9186
  2.9106
  2.9215
  2.9171
  2.9167
  2.9278
  2.9257
  2.9190
  2.9305
  2.9323
  2.9186
  2.9280
  2.9263
  2.9164
  2.9243
  2.9202
  2.9266
  2.9205
  2.9229
  2.9215
  2.9189
  2.9273
  2.9255
  2.9231
  2.9204
  2.9244
  2.9180
  2.9212
  2.9250
  2.9192
  2.9150
  2.9217
  2.9176
  2.9233
  2.9194
  2.9215
  2.9269
  2.9159
  2.9268
  2.9300
  2.9300
  2.9297
  2.9170
  2.9133
  2.9282
  2.9260
  2.9263
  2.9176
  2.9179
  2.9225
  2.9249
  2.9265
  2.9178
  2.9233
  2.9127
  2.9189
  2.9245
  2.9274
  2.9199
  2.9191
  2.9205
  2.9185
  2.9179
  2.9188
  2.9219
  2.9393
  2.9163
  2.9181
  2.9296
  2.9238
  2.9156
  2.9294
  2.9303
  2.9190
  2.9309
  2.9135
  2.9256
  2.9209
  2.9271
  2.9226
  2.9217
  2.9124
  2.9159
  2.9149
  2.9171
  2.9213
  2.9196
  2.9269
  2.9208
  2.9234
  2.9267
  2.9153
  2.9270
  2.9204
  2.9172
  2.9270
  2.9345
  2.9189
  2.9230
  2.9195
  2.9229
  2.9143
  2.9209
  2.9128
  2.9222
  2.9116
  2.9217
  2.9345
  2.9241
  2.9210
  2.9229
  2.9379
  2.9154
  2.9207
  2.9324
  2.9176
  2.9307
  2.9189
  2.9277
  2.9231
  2.9166
  2.9219
  2.9132
  2.9229
  2.9281
  2.9191
  2.9225
  2.9187
  2.9182
  2.9241
  2.9199
  2.9212
  2.9163
  2.9193
  2.9281
  2.9195
  2.9247
  2.9217
  2.9353
  2.9217
  2.9270
  2.9250
  2.9241
  2.9246
  2.9174
  2.9338
  2.9230
  2.9219
  2.9277
  2.9203
  2.9240
  2.9114
  2.9206
  2.9135
  2.9246
  2.9196
  2.9188
  2.9181
  2.9269
  2.9178
  2.9162
  2.9196
  2.9201
  2.9175
  2.9285
  2.9299
  2.9274
  2.9168
  2.9184
  2.9204
  2.9183
  2.9309
  2.9232
  2.9212
  2.9145
  2.9245
  2.9173
  2.9211
  2.9190
  2.9249
  2.9289
  2.9300
  2.9144
  2.9302
  2.9211
  2.9184
  2.9237
  2.9288
  2.9221
  2.9188
  2.9266
  2.9265
  2.9178
  2.9205
  2.9118
  2.9225
  2.9180
  2.9162
  2.9305
  2.9177
  2.9167
  2.9182
  2.9150
  2.9228
  2.9108
  2.9261
  2.9299
  2.9223
  2.9302
  2.9251
  2.9078
  2.9193
  2.9323
  2.9351
  2.9263
  2.9268
  2.9209
  2.9274
  2.9196
  2.9163
  2.9200
  2.9307
  2.9247
  2.9298
  2.9258
  2.9223
  2.9247
  2.9285
  2.9284
  2.9294
  2.9089
  2.9199
  2.9225
  2.9254
  2.9123
  2.9190
  2.9175
  2.9274
  2.9297
  2.9176
  2.9227
  2.9220
  2.9182
  2.9243
  2.9202
  2.9155
  2.9236
  2.9213
  2.9281
  2.9206
  2.9197
  2.9119
  2.9210
  2.9291
  2.9238
  2.9190
  2.9302
  2.9265
  2.9143
  2.9265
  2.9273
  2.9241
  2.9235
  2.9198
  2.9252
  2.9300
  2.9232
  2.9206
  2.9165
  2.9257
  2.9185
  2.9248
  2.9179
  2.9171
  2.9123
  2.9222
  2.9175
  2.9209
  2.9340
  2.9201
  2.9221
  2.9215
  2.9217
  2.9207
  2.9198
  2.9217
  2.9212
  2.9229
  2.9293
  2.9336
  2.9241
  2.9177
  2.9314
  2.9175
  2.9414
  2.9184
  2.9326
  2.9241
  2.9170
  2.9222
  2.9254
  2.9257
  2.9229
  2.9112
  2.9125
  2.9192
  2.9226
  2.9132
  2.9322
  2.9245
  2.9278
  2.9168
  2.9252
  2.9197
  2.9172
  2.9155
  2.9154
  2.9158
  2.9263
  2.9256
  2.9184
  2.9240
  2.9263
  2.9272
  2.9248
  2.9268
  2.9256
  2.9124
  2.9092
  2.9174
  2.9170
  2.9161
  2.9177
  2.9230
  2.9247
  2.9224
  2.9172
  2.9232
  2.9204
  2.9219
  2.9165
  2.9198
  2.9257
  2.9275
  2.9236
  2.9251
  2.9246
  2.9164
  2.9221
  2.9202
  2.9272
  2.9215
  2.9173
  2.9177
  2.9179
  2.9196
  2.9262
  2.9196
  2.9209
  2.9121
  2.9206
  2.9147
  2.9194
  2.9221
  2.9222
  2.9219
  2.9224
  2.9244
  2.9164
  2.9149
  2.9214
  2.9204
  2.9167
  2.9218
  2.9202
  2.9080
  2.9225
  2.9169
  2.9059
  2.9273
  2.9188
  2.9159
  2.9329
  2.9302
  2.9239
  2.9182
  2.9234
  2.9274
  2.9235
  2.9243
  2.9297
  2.9148
  2.9266
  2.9095
  2.9240
  2.9287
  2.9159
  2.9316
  2.9287
  2.9279
  2.9185
  2.9287
  2.9318
  2.9253
  2.9372
  2.9301
  2.9185
  2.9140
  2.9140
  2.9137
  2.9206
  2.9189
  2.9243
  2.9168
  2.9266
  2.9189
  2.9361
  2.9178
  2.9194
  2.9246
  2.9155
  2.9230
  2.9203
  2.9174
  2.9193
  2.9208
  2.9186
  2.9281
  2.9084
  2.9307
  2.9158
  2.9174
  2.9183
  2.9258
  2.9183
  2.9300
  2.9211
  2.9198
  2.9262
  2.9208
  2.9232
  2.9146
  2.9266
  2.9279
  2.9259
  2.9105
  2.9251
  2.9210
  2.9181
  2.9198
  2.9192
  2.9202
  2.9247
  2.9163
  2.9205
  2.9135
  2.9167
  2.9173
  2.9194
  2.9180
  2.9176
  2.9349
  2.9154
  2.9210
  2.9177
  2.9165
  2.9106
  2.9154
  2.9256
  2.9197
  2.9253
  2.9297
  2.9133
  2.9092
  2.9232
  2.9135
  2.9113
  2.9279
  2.9134
  2.9153
  2.9301
  2.9256
  2.9210
  2.9225
  2.9272
  2.9132
  2.9165
  2.9204
  2.9153
  2.9364
  2.9309
  2.9235
  2.9195
  2.9217
  2.9341
  2.9232
  2.9212
  2.9278
  2.9186
  2.9329
  2.9277
  2.9137
  2.9161
  2.9252
  2.9241
  2.9295
  2.9170
  2.9268
  2.9271
  2.9234
  2.9139
  2.9200
  2.9151
  2.9120
  2.9154
  2.9124
  2.9247
  2.9255
  2.9238
  2.9247
  2.9234
  2.9250
  2.9274
  2.9222
  2.9247
  2.9263
  2.9323
  2.9337
  2.9173
  2.9147
  2.9238
  2.9223
  2.9277
  2.9164
  2.9223
  2.9225
  2.9288
  2.9298
  2.9256
  2.9091
  2.9225
  2.9317
  2.9194
  2.9119
  2.9206
  2.9224
  2.9232
  2.9189
  2.9197
  2.9132
  2.9155
  2.9285
  2.9184
  2.9232
  2.9289
  2.9270
  2.9279
  2.9311
  2.9115
  2.9264
  2.9270
  2.9126
  2.9194
  2.9257
  2.9195
  2.9205
  2.9336
  2.9144
  2.9180
  2.9136
  2.9308
  2.9222
  2.9257
  2.9386
  2.9253
  2.9183
  2.9289
  2.9231
  2.9174
  2.9157
  2.9279
  2.9229
  2.9269
  2.9232
  2.9225
  2.9196
  2.9260
  2.9225
  2.9191
  2.9239
  2.9115
  2.9254
  2.9144
  2.9195
  2.9272
  2.9280
  2.9192
  2.9302
  2.9297
  2.9182
  2.9183
  2.9256
  2.9135
  2.9102
  2.9206
  2.9106
  2.9099
  2.9235
  2.9213
  2.9211
  2.9083
  2.9147
  2.9154
  2.9280
  2.9241
  2.9335
  2.9238
  2.9262
  2.9251
  2.9261
  2.9290
  2.9238
  2.9129
  2.9217
  2.9361
  2.9282
  2.9279
  2.9166
  2.9210
  2.9111
  2.9195
  2.9267
  2.9194
  2.9151
  2.9205
  2.9252
  2.9078
  2.9333
  2.9232
  2.9205
  2.9194
  2.9208
  2.9236
  2.9187
  2.9256
  2.9242
  2.9104
  2.9189
  2.9100
  2.9180
  2.9244
  2.9288
  2.9293
  2.9283
  2.9135
  2.9179
  2.9278
  2.9146
  2.9219
  2.9172
  2.9179
  2.9168
  2.9137
  2.9226
  2.9151
  2.9230
  2.9216
  2.9130
  2.9182
  2.9315
  2.9198
  2.9152
  2.9292
  2.9218
  2.9206
  2.9162
  2.9241
  2.9143
  2.9179
  2.9253
  2.9158
  2.9176
  2.9181
  2.9107
  2.9159
  2.9226
  2.9170
  2.9187
  2.9186
  2.9217
  2.9135
  2.9290
  2.9183
  2.9162
  2.9212
  2.9287
  2.9155
  2.9150
  2.9219
  2.9230
  2.9199
  2.9168
  2.9289
  2.9197
  2.9153
  2.9268
  2.9209
  2.9159
  2.9301
  2.9190
  2.9300
  2.9238
  2.9086
  2.9180
  2.9121
  2.9190
  2.9201
  2.9200
  2.9244
  2.9299
  2.9232
  2.9160
  2.9164
  2.9165
  2.9170
  2.9241
  2.9204
  2.9114
  2.9203
  2.9194
  2.9264
  2.9169
  2.9176
  2.9190
  2.9228
  2.9209
  2.9284
  2.9242
  2.9283
  2.9336
  2.9234
  2.9200
  2.9233
  2.9215
  2.9203
  2.9278
  2.9315
  2.9215
  2.9119
  2.9316
  2.9312
  2.9214
  2.9203
  2.9185
  2.9197
  2.9234
  2.9231
  2.9135
  2.9131
  2.9288
  2.9201
  2.9243
  2.9205
  2.9290
  2.9200
  2.9190
  2.9228
  2.9272
  2.9180
  2.9224
  2.9225
  2.9163
  2.9221
  2.9159
  2.9196
  2.9240
  2.9299
  2.9161
  2.9232
  2.9163
  2.9330
  2.9239
  2.9196
  2.9176
  2.9131
  2.9153
  2.9172
  2.9168
  2.9216
  2.9152
  2.9082
  2.9107
  2.9088
  2.9296
  2.9217
  2.9211
  2.9263
  2.9238
  2.9344
  2.9264
  2.9227
  2.9182
  2.9149
  2.9206
  2.9109
  2.9261
  2.9106
  2.9253
  2.9273
  2.9240
  2.9254
  2.9294
  2.9237
  2.9197
  2.9076
  2.9137
  2.9225
  2.9171
  2.9277
  2.9269
  2.9165
  2.9159
  2.9198
  2.9218
  2.9249
  2.9244
  2.9258
  2.9158
  2.9246
  2.9158
  2.9208
  2.9174
  2.9297
  2.9250
  2.9142
  2.9313
  2.9201
  2.9214
  2.9263
  2.9220
  2.9265
  2.9288
  2.9186
  2.9293
  2.9230
  2.9186
  2.9214
  2.9241
  2.9289
  2.9272
  2.9280
  2.9241
  2.9126
  2.9239
  2.9255
  2.9205
  2.9253
  2.9187
  2.9259
  2.9208
  2.9214
  2.9243
  2.9300
  2.9199
  2.9214
  2.9264
  2.9259
  2.9200
  2.9133
  2.9231
  2.9182
  2.9232
  2.9288
  2.9209
  2.9244
  2.9174
  2.9272
  2.9176
  2.9220
  2.9235
  2.9199
  2.9186
  2.9267
  2.9246
  2.9222
  2.9179
  2.9236
  2.9270
  2.9134
  2.9235
  2.9194
  2.9255
  2.9175
  2.9236
  2.9197
  2.9231
  2.9234
  2.9184
  2.9171
  2.9143
  2.9356
  2.9235
  2.9277
  2.9223
  2.9165
  2.9179
  2.9204
  2.9263
  2.9188
  2.9249
  2.9210
  2.9327
  2.9114
  2.9300
  2.9261
  2.9220
  2.9214
  2.9140
  2.9191
  2.9278
  2.9256
  2.9258
  2.9156
  2.9140
  2.9143
  2.9221
  2.9167
  2.9272
  2.9178
  2.9187
  2.9267
  2.9154
  2.9329
  2.9200
  2.9254
  2.9136
  2.9207
  2.9267
  2.9264
  2.9177
  2.9294
  2.9232
  2.9319
  2.9183
  2.9245
  2.9241
  2.9266
  2.9203
  2.9205
  2.9249
  2.9289
  2.9200
  2.9194
  2.9173
  2.9278
  2.9155
  2.9160
  2.9111
  2.9202
  2.9245
  2.9228
  2.9271
  2.9199
  2.9118
  2.9210
  2.9211
  2.9287
  2.9253
  2.9211
  2.9155
  2.9106
  2.9161
  2.9230
  2.9233
  2.9349
  2.9236
  2.9278
  2.9272
  2.9208
  2.9227
  2.9305
  2.9242
  2.9232
  2.9202
  2.9172
  2.9173
  2.9164
  2.9291
  2.9187
  2.9206
  2.9206
  2.9287
  2.9239
  2.9116
  2.9163
  2.9232
  2.9160
  2.9208
  2.9223
  2.9223
  2.9179
  2.9201
  2.9213
  2.9260
  2.9288
  2.9203
  2.9202
  2.9170
  2.9198
  2.9192
  2.9182
  2.9123
  2.9250
  2.9271
  2.9225
  2.9228
  2.9178
  2.9167
  2.9214
  2.9148
  2.9238
  2.9214
  2.9148
  2.9185
  2.9223
  2.9203
  2.9119
  2.9240
  2.9134
  2.9184
  2.9087
  2.9303
  2.9255
  2.9192
  2.9221
  2.9179
  2.9202
  2.9210
  2.9172
  2.9277
  2.9203
  2.9237
  2.9161
  2.9169
  2.9089
  2.9204
  2.9125
  2.9138
  2.9251
  2.9170
  2.9264
  2.9343
  2.9241
  2.9298
  2.9320
  2.9198
  2.9187
  2.9304
  2.9229
  2.9239
  2.9211
  2.9136
  2.9212
  2.9212
  2.9162
  2.9230
  2.9149
  2.9273
  2.9196
  2.9199
  2.9318
  2.9125
  2.9098
  2.9202
  2.9137
  2.9235
  2.9209
  2.9244
  2.9208
  2.9124
  2.9248
  2.9202
  2.9188
  2.9221
  2.9194
  2.9172
  2.9150
  2.9252
  2.9133
  2.9132
  2.9226
  2.9195
  2.9173
  2.9296
  2.9260
  2.9257
  2.9115
  2.9141
  2.9192
  2.9268
  2.9199
  2.9340
  2.9196
  2.9220
  2.9087
  2.9292
  2.9178
  2.9218
  2.9228
  2.9196
  2.9310
  2.9202
  2.9240
  2.9129
  2.9238
  2.9299
  2.9256
  2.9169
  2.9194
  2.9143
  2.9166
  2.9244
  2.9250
  2.9348
  2.9215
  2.9216
  2.9280
  2.9178
  2.9174
  2.9187
  2.9308
  2.9239
  2.9175
  2.9177
  2.9264
  2.9229
  2.9150
  2.9179
  2.9281
  2.9274
  2.9226
  2.9168
  2.9314
  2.9251
  2.9235
  2.9199
  2.9120
  2.9191
  2.9281
  2.9225
  2.9151
  2.9203
  2.9225
  2.9290
  2.9136
  2.9147
  2.9135
  2.9218
  2.9172
  2.9176
  2.9159
  2.9170
  2.9247
  2.9233
  2.9180
  2.9126
  2.9171
  2.9256
  2.9183
  2.9168
  2.9199
  2.9206
  2.9281
  2.9260
  2.9144
  2.9176
  2.9129
  2.9194
  2.9282
  2.9212
  2.9230
  2.9238
  2.9320
  2.9173
  2.9188
  2.9184
  2.9168
  2.9165
  2.9230
  2.9129
  2.9243
  2.9208
  2.9160
  2.9185
  2.9185
  2.9226
  2.9159
  2.9183
  2.9240
  2.9125
  2.9266
  2.9148
  2.9182
  2.9316
  2.9120
  2.9065
  2.9156
  2.9233
  2.9108
  2.9190
  2.9177
  2.9282
  2.9172
  2.9232
  2.9094
  2.9225
  2.9236
  2.9212
  2.9179
  2.9202
  2.9182
  2.9337
  2.9260
  2.9205
  2.9177
  2.9134
  2.9196
  2.9097
  2.9163
  2.9281
  2.9253
  2.9108
  2.9220
  2.9276
  2.9337
  2.9221
  2.9173
  2.9090
  2.9233
  2.9123
  2.9142
  2.9312
  2.9139
  2.9227
  2.9193
  2.9256
  2.9210
  2.9217
  2.9303
  2.9215
  2.9271
  2.9169
  2.9160
  2.9192
  2.9254
  2.9213
  2.9152
  2.9204
  2.9203
  2.9277
  2.9169
  2.9326
  2.9184
  2.9184
  2.9262
  2.9228
  2.9198
