C1431410.052129
Gadanki 14/03/2014 10:04:51 14/03/2014 10:05:21 0375 0079.2 0013.5 00
0000000 0020 0000600 0020 01
1 0 2 02000 1 0000 0030 00532.o 0 0 00 000 14 000600 0.500 BT0
532.000 .o analog 0 
  2.9463
 21.5652
 17.9022
 10.6906
 11.9942
 13.3955
 16.5174
 25.9282
 36.0134
 39.4477
 38.2946
 34.8812
 31.2219
 27.9306
 24.9529
 22.2722
 19.9980
 18.0062
 16.4140
 15.0001
 13.8122
 12.6424
 11.6827
 10.9350
 10.3752
  9.8171
  9.2827
  8.9289
  8.6343
  8.2945
  7.7651
  7.2287
  6.8409
  6.5075
  6.2351
  5.9917
  5.7766
  5.5901
  5.4466
  5.3345
  5.2276
  5.0818
  4.9452
  4.8343
  4.6954
  4.6008
  4.5227
  4.4140
  4.3021
  4.2373
  4.2120
  4.1250
  4.0568
  4.0432
  4.0676
  4.0096
  3.9786
  3.8720
  3.8748
  3.8776
  3.8595
  3.7643
  3.6983
  3.6743
  3.6640
  3.6168
  3.5598
  3.5631
  3.5653
  3.5155
  3.4846
  3.4703
  3.4260
  3.4092
  3.3963
  3.3840
  3.3606
  3.3553
  3.3429
  3.3377
  3.3537
  3.3708
  3.3641
  3.2769
  3.2463
  3.2526
  3.2502
  3.2359
  3.2374
  3.2126
  3.2153
  3.2024
  3.1933
  3.1886
  3.1805
  3.1762
  3.1679
  3.1697
  3.1818
  3.1491
  3.1491
  3.1381
  3.1295
  3.1388
  3.1344
  3.1418
  3.1139
  3.1230
  3.1210
  3.1162
  3.1174
  3.1070
  3.1060
  3.1103
  3.0966
  3.0954
  3.0977
  3.0983
  3.0925
  3.0823
  3.0919
  3.0828
  3.0772
  3.0722
  3.0702
  3.0716
  3.0695
  3.0643
  3.0671
  3.0761
  3.0618
  3.0584
  3.0619
  3.0645
  3.0608
  3.0578
  3.0625
  3.0596
  3.0476
  3.0468
  3.0491
  3.0594
  3.0516
  3.0446
  3.0463
  3.0406
  3.0491
  3.0310
  3.0367
  3.0318
  3.0327
  3.0376
  3.0288
  3.0326
  3.0345
  3.0378
  3.0313
  3.0248
  3.0292
  3.0264
  3.0270
  3.0215
  3.0337
  3.0267
  3.0317
  3.0244
  3.0165
  3.0243
  3.0167
  3.0175
  3.0140
  3.0229
  3.0135
  3.0126
  3.0147
  3.0165
  3.0095
  3.0110
  3.0148
  3.0142
  3.0098
  3.0097
  3.0164
  3.0165
  3.0043
  3.0065
  3.0043
  3.0135
  3.0241
  3.0039
  2.9964
  3.0138
  3.0118
  3.0047
  3.0113
  3.0023
  3.0072
  2.9877
  3.0015
  2.9922
  3.0018
  3.0013
  3.0087
  3.0104
  2.9997
  3.0039
  2.9993
  2.9977
  2.9951
  2.9989
  3.0009
  2.9851
  2.9955
  2.9951
  3.0002
  2.9897
  2.9848
  2.9948
  2.9872
  2.9994
  2.9889
  2.9881
  2.9995
  2.9913
  3.0009
  2.9862
  2.9935
  2.9885
  2.9912
  2.9817
  2.9875
  2.9823
  2.9840
  2.9861
  2.9820
  2.9890
  2.9785
  2.9843
  2.9812
  2.9946
  2.9868
  2.9890
  2.9883
  2.9938
  2.9893
  2.9774
  2.9791
  2.9874
  2.9851
  2.9674
  2.9762
  2.9977
  2.9900
  2.9897
  2.9767
  2.9854
  2.9830
  2.9889
  2.9833
  2.9868
  2.9730
  2.9816
  2.9746
  2.9729
  2.9802
  2.9842
  2.9837
  2.9727
  2.9834
  2.9807
  2.9733
  2.9910
  2.9826
  2.9859
  2.9764
  2.9782
  2.9771
  2.9812
  2.9916
  2.9743
  2.9706
  2.9902
  2.9731
  2.9714
  2.9856
  2.9920
  2.9765
  2.9804
  2.9788
  2.9760
  2.9837
  2.9872
  2.9627
  2.9798
  2.9808
  2.9816
  2.9815
  2.9745
  2.9814
  2.9632
  2.9812
  2.9831
  2.9790
  2.9945
  2.9670
  2.9692
  2.9736
  2.9779
  2.9695
  2.9700
  2.9815
  2.9724
  2.9839
  2.9826
  2.9887
  2.9723
  2.9848
  2.9647
  2.9820
  2.9782
  2.9840
  2.9720
  2.9725
  2.9781
  2.9797
  2.9762
  2.9752
  2.9798
  2.9768
  2.9805
  2.9706
  2.9730
  2.9885
  2.9738
  2.9753
  2.9755
  2.9695
  2.9800
  2.9708
  2.9738
  2.9790
  2.9790
  2.9682
  2.9770
  2.9818
  2.9815
  2.9747
  2.9857
  2.9709
  2.9715
  2.9712
  2.9730
  2.9754
  2.9674
  2.9708
  2.9712
  2.9850
  2.9689
  2.9782
  2.9775
  2.9708
  2.9836
  2.9798
  2.9694
  2.9810
  2.9674
  2.9772
  2.9860
  2.9810
  2.9763
  2.9637
  2.9609
  2.9722
  2.9821
  2.9735
  2.9736
  2.9662
  2.9836
  2.9672
  2.9731
  2.9869
  2.9730
  2.9729
  2.9751
  2.9742
  2.9761
  2.9652
  2.9881
  2.9807
  2.9643
  2.9663
  2.9806
  2.9759
  2.9652
  2.9554
  2.9693
  2.9743
  2.9723
  2.9818
  2.9726
  2.9778
  2.9723
  2.9785
  2.9782
  2.9798
  2.9751
  2.9665
  2.9630
  2.9711
  2.9702
  2.9730
  2.9747
  2.9719
  2.9670
  2.9702
  2.9795
  2.9704
  2.9796
  2.9734
  2.9687
  2.9666
  2.9714
  2.9788
  2.9684
  2.9758
  2.9673
  2.9723
  2.9740
  2.9714
  2.9760
  2.9710
  2.9803
  2.9740
  2.9727
  2.9747
  2.9817
  2.9766
  2.9744
  2.9685
  2.9648
  2.9745
  2.9762
  2.9723
  2.9767
  2.9729
  2.9641
  2.9761
  2.9620
  2.9683
  2.9737
  2.9858
  2.9821
  2.9750
  2.9841
  2.9704
  2.9745
  2.9608
  2.9674
  2.9645
  2.9733
  2.9645
  2.9656
  2.9738
  2.9719
  2.9723
  2.9789
  2.9701
  2.9724
  2.9741
  2.9689
  2.9686
  2.9763
  2.9630
  2.9650
  2.9678
  2.9679
  2.9593
  2.9749
  2.9598
  2.9708
  2.9755
  2.9734
  2.9729
  2.9671
  2.9685
  2.9637
  2.9730
  2.9727
  2.9697
  2.9750
  2.9698
  2.9726
  2.9656
  2.9703
  2.9724
  2.9626
  2.9588
  2.9782
  2.9786
  2.9650
  2.9613
  2.9706
  2.9758
  2.9813
  2.9809
  2.9661
  2.9701
  2.9595
  2.9746
  2.9690
  2.9679
  2.9771
  2.9814
  2.9747
  2.9743
  2.9697
  2.9734
  2.9764
  2.9677
  2.9752
  2.9779
  2.9636
  2.9750
  2.9704
  2.9718
  2.9721
  2.9793
  2.9681
  2.9751
  2.9707
  2.9676
  2.9665
  2.9771
  2.9699
  2.9661
  2.9655
  2.9660
  2.9661
  2.9717
  2.9735
  2.9648
  2.9724
  2.9676
  2.9652
  2.9711
  2.9747
  2.9718
  2.9741
  2.9796
  2.9683
  2.9696
  2.9736
  2.9741
  2.9757
  2.9696
  2.9651
  2.9606
  2.9656
  2.9689
  2.9710
  2.9707
  2.9663
  2.9681
  2.9678
  2.9670
  2.9708
  2.9810
  2.9704
  2.9807
  2.9693
  2.9816
  2.9843
  2.9849
  2.9788
  2.9706
  2.9552
  2.9679
  2.9666
  2.9734
  2.9727
  2.9731
  2.9705
  2.9766
  2.9665
  2.9655
  2.9729
  2.9678
  2.9692
  2.9801
  2.9613
  2.9708
  2.9727
  2.9785
  2.9642
  2.9670
  2.9634
  2.9701
  2.9650
  2.9657
  2.9657
  2.9662
  2.9649
  2.9699
  2.9667
  2.9651
  2.9790
  2.9700
  2.9752
  2.9655
  2.9667
  2.9715
  2.9626
  2.9702
  2.9748
  2.9574
  2.9738
  2.9657
  2.9716
  2.9672
  2.9679
  2.9774
  2.9693
  2.9682
  2.9680
  2.9648
  2.9691
  2.9698
  2.9642
  2.9625
  2.9721
  2.9665
  2.9647
  2.9674
  2.9638
  2.9797
  2.9812
  2.9702
  2.9673
  2.9646
  2.9780
  2.9660
  2.9700
  2.9814
  2.9766
  2.9637
  2.9745
  2.9786
  2.9745
  2.9687
  2.9724
  2.9639
  2.9651
  2.9631
  2.9781
  2.9759
  2.9583
  2.9635
  2.9666
  2.9631
  2.9732
  2.9680
  2.9689
  2.9757
  2.9770
  2.9645
  2.9516
  2.9669
  2.9684
  2.9767
  2.9715
  2.9737
  2.9634
  2.9753
  2.9738
  2.9790
  2.9747
  2.9723
  2.9741
  2.9673
  2.9684
  2.9643
  2.9593
  2.9635
  2.9733
  2.9676
  2.9682
  2.9621
  2.9708
  2.9691
  2.9659
  2.9724
  2.9724
  2.9668
  2.9536
  2.9711
  2.9624
  2.9789
  2.9735
  2.9737
  2.9758
  2.9722
  2.9766
  2.9551
  2.9783
  2.9676
  2.9644
  2.9708
  2.9664
  2.9652
  2.9607
  2.9697
  2.9698
  2.9623
  2.9753
  2.9799
  2.9593
  2.9696
  2.9584
  2.9735
  2.9683
  2.9666
  2.9657
  2.9601
  2.9630
  2.9630
  2.9732
  2.9709
  2.9769
  2.9617
  2.9746
  2.9667
  2.9681
  2.9677
  2.9590
  2.9692
  2.9731
  2.9720
  2.9652
  2.9617
  2.9718
  2.9749
  2.9732
  2.9662
  2.9696
  2.9725
  2.9695
  2.9748
  2.9761
  2.9627
  2.9704
  2.9704
  2.9680
  2.9721
  2.9672
  2.9584
  2.9760
  2.9598
  2.9704
  2.9667
  2.9703
  2.9722
  2.9646
  2.9750
  2.9716
  2.9654
  2.9681
  2.9637
  2.9781
  2.9721
  2.9723
  2.9736
  2.9718
  2.9631
  2.9719
  2.9750
  2.9771
  2.9732
  2.9669
  2.9716
  2.9707
  2.9586
  2.9698
  2.9674
  2.9728
  2.9737
  2.9666
  2.9693
  2.9743
  2.9534
  2.9739
  2.9668
  2.9730
  2.9622
  2.9730
  2.9706
  2.9684
  2.9609
  2.9665
  2.9726
  2.9659
  2.9721
  2.9704
  2.9598
  2.9705
  2.9821
  2.9666
  2.9713
  2.9761
  2.9756
  2.9789
  2.9716
  2.9772
  2.9671
  2.9768
  2.9703
  2.9760
  2.9773
  2.9622
  2.9748
  2.9806
  2.9682
  2.9716
  2.9698
  2.9707
  2.9738
  2.9716
  2.9773
  2.9690
  2.9609
  2.9759
  2.9732
  2.9659
  2.9739
  2.9718
  2.9723
  2.9685
  2.9568
  2.9675
  2.9813
  2.9640
  2.9662
  2.9744
  2.9775
  2.9674
  2.9706
  2.9643
  2.9754
  2.9571
  2.9610
  2.9703
  2.9669
  2.9682
  2.9681
  2.9702
  2.9712
  2.9668
  2.9733
  2.9614
  2.9682
  2.9587
  2.9586
  2.9614
  2.9641
  2.9726
  2.9670
  2.9671
  2.9644
  2.9679
  2.9660
  2.9681
  2.9647
  2.9637
  2.9745
  2.9798
  2.9687
  2.9754
  2.9662
  2.9653
  2.9631
  2.9642
  2.9647
  2.9697
  2.9751
  2.9800
  2.9742
  2.9717
  2.9618
  2.9665
  2.9703
  2.9746
  2.9595
  2.9692
  2.9671
  2.9640
  2.9701
  2.9722
  2.9815
  2.9613
  2.9683
  2.9649
  2.9708
  2.9674
  2.9690
  2.9531
  2.9700
  2.9703
  2.9630
  2.9653
  2.9625
  2.9672
  2.9691
  2.9675
  2.9634
  2.9746
  2.9734
  2.9650
  2.9830
  2.9736
  2.9692
  2.9627
  2.9742
  2.9824
  2.9701
  2.9645
  2.9759
  2.9780
  2.9654
  2.9803
  2.9772
  2.9623
  2.9809
  2.9684
  2.9670
  2.9670
  2.9634
  2.9640
  2.9620
  2.9715
  2.9677
  2.9601
  2.9775
  2.9787
  2.9628
  2.9708
  2.9722
  2.9638
  2.9696
  2.9714
  2.9622
  2.9676
  2.9768
  2.9679
  2.9683
  2.9744
  2.9713
  2.9621
  2.9684
  2.9656
  2.9664
  2.9732
  2.9698
  2.9745
  2.9730
  2.9741
  2.9767
  2.9600
  2.9697
  2.9769
  2.9741
  2.9715
  2.9679
  2.9634
  2.9721
  2.9635
  2.9627
  2.9704
  2.9758
  2.9608
  2.9697
  2.9663
  2.9696
  2.9709
  2.9748
  2.9708
  2.9666
  2.9606
  2.9802
  2.9694
  2.9777
  2.9644
  2.9677
  2.9828
  2.9659
  2.9656
  2.9656
  2.9616
  2.9675
  2.9786
  2.9576
  2.9681
  2.9713
  2.9731
  2.9761
  2.9681
  2.9709
  2.9712
  2.9769
  2.9711
  2.9659
  2.9637
  2.9733
  2.9632
  2.9695
  2.9768
  2.9783
  2.9705
  2.9704
  2.9722
  2.9708
  2.9679
  2.9775
  2.9689
  2.9650
  2.9684
  2.9792
  2.9767
  2.9702
  2.9601
  2.9687
  2.9623
  2.9686
  2.9692
  2.9690
  2.9623
  2.9644
  2.9632
  2.9621
  2.9662
  2.9595
  2.9731
  2.9590
  2.9679
  2.9725
  2.9720
  2.9749
  2.9613
  2.9695
  2.9759
  2.9716
  2.9691
  2.9759
  2.9684
  2.9722
  2.9780
  2.9707
  2.9700
  2.9697
  2.9633
  2.9637
  2.9655
  2.9727
  2.9633
  2.9665
  2.9704
  2.9662
  2.9636
  2.9714
  2.9619
  2.9711
  2.9406
  2.9757
  2.9653
  2.9698
  2.9673
  2.9698
  2.9795
  2.9806
  2.9711
  2.9730
  2.9674
  2.9643
  2.9686
  2.9704
  2.9667
  2.9654
  2.9705
  2.9732
  2.9635
  2.9749
  2.9617
  2.9595
  2.9648
  2.9724
  2.9731
  2.9697
  2.9711
  2.9706
  2.9660
  2.9811
  2.9815
  2.9749
  2.9767
  2.9699
  2.9782
  2.9653
  2.9766
  2.9732
  2.9703
  2.9700
  2.9624
  2.9623
  2.9734
  2.9525
  2.9643
  2.9720
  2.9758
  2.9643
  2.9731
  2.9646
  2.9643
  2.9641
  2.9749
  2.9769
  2.9620
  2.9614
  2.9720
  2.9642
  2.9693
  2.9729
  2.9756
  2.9799
  2.9649
  2.9727
  2.9614
  2.9745
  2.9631
  2.9705
  2.9621
  2.9703
  2.9653
  2.9596
  2.9706
  2.9586
  2.9640
  2.9638
  2.9717
  2.9657
  2.9680
  2.9660
  2.9707
  2.9715
  2.9767
  2.9662
  2.9736
  2.9764
  2.9637
  2.9662
  2.9720
  2.9728
  2.9778
  2.9690
  2.9581
  2.9736
  2.9666
  2.9721
  2.9657
  2.9692
  2.9788
  2.9692
  2.9645
  2.9729
  2.9689
  2.9698
  2.9681
  2.9668
  2.9685
  2.9689
  2.9553
  2.9728
  2.9653
  2.9709
  2.9766
  2.9739
  2.9709
  2.9587
  2.9593
  2.9747
  2.9713
  2.9684
  2.9675
  2.9675
  2.9675
  2.9694
  2.9719
  2.9683
  2.9628
  2.9732
  2.9729
  2.9678
  2.9682
  2.9727
  2.9681
  2.9670
  2.9669
  2.9714
  2.9617
  2.9799
  2.9605
  2.9646
  2.9646
  2.9756
  2.9729
  2.9667
  2.9542
  2.9804
  2.9736
  2.9704
  2.9619
  2.9617
  2.9628
  2.9631
  2.9728
  2.9671
  2.9769
  2.9737
  2.9735
  2.9708
  2.9587
  2.9692
  2.9810
  2.9691
  2.9683
  2.9648
  2.9643
  2.9639
  2.9704
  2.9728
  2.9699
  2.9528
  2.9676
  2.9552
  2.9697
  2.9669
  2.9577
  2.9610
  2.9717
  2.9730
  2.9641
  2.9656
  2.9634
  2.9734
  2.9745
  2.9617
  2.9728
  2.9721
  2.9680
  2.9743
  2.9703
  2.9634
  2.9765
  2.9711
  2.9674
  2.9743
  2.9730
  2.9619
  2.9763
  2.9664
  2.9723
  2.9709
  2.9651
  2.9664
  2.9583
  2.9697
  2.9590
  2.9631
  2.9654
  2.9613
  2.9683
  2.9764
  2.9697
  2.9688
  2.9704
  2.9608
  2.9661
  2.9610
  2.9708
  2.9624
  2.9635
  2.9657
  2.9673
  2.9684
  2.9573
  2.9587
  2.9714
  2.9718
  2.9688
  2.9662
  2.9720
  2.9631
  2.9735
  2.9543
  2.9697
  2.9622
  2.9635
  2.9757
  2.9757
  2.9660
  2.9664
  2.9649
  2.9716
  2.9644
  2.9658
  2.9586
  2.9707
  2.9641
  2.9719
  2.9724
  2.9723
  2.9777
  2.9667
  2.9703
  2.9825
  2.9736
  2.9714
  2.9669
  2.9641
  2.9725
  2.9740
  2.9737
  2.9647
  2.9679
  2.9776
  2.9627
  2.9663
  2.9820
  2.9714
  2.9689
  2.9719
  2.9799
  2.9731
  2.9727
  2.9631
  2.9718
  2.9648
  2.9685
  2.9703
  2.9687
  2.9763
  2.9759
  2.9738
  2.9674
  2.9617
  2.9708
  2.9691
  2.9761
  2.9757
  2.9657
  2.9654
  2.9782
  2.9688
  2.9775
  2.9623
  2.9709
  2.9566
  2.9723
  2.9815
  2.9714
  2.9760
  2.9631
  2.9656
  2.9672
  2.9683
  2.9729
  2.9654
  2.9715
  2.9736
  2.9679
  2.9638
  2.9713
  2.9636
  2.9801
  2.9848
  2.9797
  2.9676
  2.9710
  2.9647
  2.9766
  2.9654
  2.9588
  2.9630
  2.9739
  2.9712
  2.9609
  2.9795
  2.9712
  2.9785
  2.9721
  2.9596
  2.9647
  2.9610
  2.9698
  2.9697
  2.9649
  2.9659
  2.9671
  2.9788
  2.9722
  2.9725
  2.9725
  2.9745
  2.9687
  2.9688
  2.9600
  2.9791
  2.9767
  2.9757
  2.9696
  2.9682
  2.9707
  2.9649
  2.9572
  2.9636
  2.9813
  2.9691
  2.9689
  2.9753
  2.9692
  2.9636
  2.9699
  2.9686
  2.9737
  2.9666
  2.9749
  2.9756
  2.9811
  2.9641
  2.9578
  2.9669
  2.9706
  2.9723
  2.9661
  2.9682
  2.9646
  2.9760
  2.9611
  2.9677
  2.9723
  2.9606
  2.9699
  2.9694
  2.9707
  2.9691
  2.9720
  2.9742
  2.9682
  2.9640
  2.9650
  2.9626
  2.9648
  2.9706
  2.9673
  2.9719
  2.9725
  2.9701
  2.9664
  2.9723
  2.9669
  2.9697
  2.9620
  2.9679
  2.9775
  2.9689
  2.9719
  2.9544
  2.9632
  2.9685
  2.9686
  2.9670
  2.9696
  2.9665
  2.9747
  2.9764
  2.9578
  2.9700
  2.9699
  2.9723
  2.9673
  2.9660
  2.9860
  2.9722
  2.9642
  2.9625
  2.9678
  2.9645
  2.9557
  2.9706
  2.9858
  2.9666
  2.9641
  2.9685
  2.9643
  2.9808
  2.9780
  2.9714
  2.9634
  2.9629
  2.9662
  2.9685
  2.9738
  2.9798
  2.9671
  2.9724
  2.9677
  2.9673
  2.9724
  2.9622
  2.9604
  2.9698
  2.9788
  2.9674
  2.9665
  2.9644
  2.9695
  2.9713
  2.9656
  2.9716
  2.9624
  2.9712
  2.9657
  2.9659
  2.9660
  2.9707
  2.9720
  2.9678
  2.9591
  2.9703
  2.9665
  2.9801
  2.9717
  2.9708
  2.9555
  2.9713
  2.9672
  2.9713
  2.9632
  2.9694
  2.9710
  2.9656
  2.9716
  2.9695
  2.9775
  2.9665
  2.9705
  2.9661
  2.9724
  2.9754
  2.9679
  2.9690
  2.9789
  2.9654
  2.9751
  2.9674
  2.9728
  2.9700
  2.9630
  2.9573
  2.9687
  2.9724
  2.9737
  2.9707
  2.9593
  2.9664
  2.9648
  2.9663
  2.9702
  2.9735
  2.9612
  2.9701
  2.9613
  2.9716
  2.9713
  2.9667
  2.9702
  2.9593
  2.9607
  2.9687
  2.9650
  2.9627
  2.9742
  2.9663
  2.9726
  2.9689
  2.9722
  2.9762
  2.9690
  2.9760
  2.9680
  2.9671
  2.9638
  2.9694
  2.9584
  2.9624
  2.9627
  2.9802
  2.9652
  2.9624
  2.9725
  2.9677
  2.9740
  2.9752
  2.9656
  2.9675
  2.9657
  2.9703
  2.9706
  2.9704
  2.9619
  2.9700
  2.9707
  2.9774
  2.9573
  2.9690
  2.9763
  2.9624
  2.9751
  2.9634
  2.9774
  2.9736
  2.9659
  2.9678
  2.9631
  2.9683
  2.9771
  2.9713
  2.9662
  2.9696
  2.9636
  2.9659
  2.9685
  2.9652
  2.9634
  2.9692
  2.9706
  2.9724
  2.9711
  2.9679
  2.9752
  2.9734
  2.9656
  2.9625
  2.9618
  2.9664
  2.9748
  2.9687
  2.9643
  2.9757
  2.9694
  2.9653
  2.9676
  2.9694
  2.9693
  2.9721
  2.9759
  2.9665
  2.9707
  2.9751
  2.9667
  2.9752
  2.9691
  2.9607
  2.9610
  2.9739
  2.9678
  2.9767
  2.9804
  2.9684
  2.9606
  2.9722
  2.9683
  2.9669
  2.9816
  2.9615
  2.9641
  2.9636
  2.9650
  2.9794
  2.9730
  2.9779
  2.9747
  2.9694
  2.9719
  2.9768
  2.9664
  2.9654
  2.9620
  2.9668
  2.9731
  2.9583
  2.9780
  2.9648
  2.9636
  2.9695
  2.9748
  2.9680
  2.9668
  2.9697
  2.9572
  2.9616
  2.9749
  2.9699
  2.9753
  2.9740
  2.9731
  2.9723
  2.9684
  2.9669
  2.9694
  2.9611
  2.9628
  2.9697
  2.9652
  2.9722
  2.9560
  2.9603
  2.9733
  2.9632
  2.9674
  2.9613
  2.9685
  2.9637
  2.9642
  2.9697
  2.9687
  2.9681
  2.9697
  2.9647
  2.9698
  2.9670
  2.9686
  2.9644
  2.9740
  2.9678
  2.9708
  2.9842
  2.9576
  2.9680
  2.9647
  2.9716
  2.9558
  2.9760
  2.9646
  2.9706
  2.9601
  2.9666
  2.9684
  2.9652
  2.9623
  2.9772
  2.9741
  2.9788
  2.9647
  2.9682
  2.9733
  2.9660
  2.9689
  2.9684
  2.9701
  2.9732
  2.9653
  2.9735
  2.9498
  2.9684
  2.9780
  2.9607
  2.9679
  2.9745
  2.9818
  2.9666
  2.9735
  2.9710
  2.9823
  2.9625
  2.9729
  2.9661
  2.9670
  2.9620
  2.9571
  2.9685
  2.9643
  2.9744
  2.9712
  2.9722
  2.9706
  2.9689
  2.9720
  2.9690
  2.9649
  2.9723
  2.9711
  2.9758
  2.9730
  2.9668
  2.9744
  2.9807
  2.9651
  2.9617
  2.9720
  2.9709
  2.9737
  2.9690
  2.9694
  2.9693
  2.9686
  2.9728
  2.9677
  2.9766
  2.9607
  2.9637
  2.9661
  2.9631
  2.9768
  2.9673
  2.9702
  2.9668
  2.9716
  2.9622
  2.9692
  2.9678
  2.9670
  2.9683
  2.9708
  2.9556
  2.9596
  2.9661
  2.9750
  2.9716
  2.9651
  2.9686
  2.9656
  2.9783
  2.9703
  2.9620
  2.9700
  2.9745
  2.9654
  2.9680
  2.9736
  2.9681
  2.9649
  2.9583
  2.9689
  2.9740
  2.9641
  2.9674
  2.9730
  2.9647
  2.9740
  2.9677
  2.9588
  2.9692
  2.9725
  2.9685
  2.9653
  2.9794
  2.9757
  2.9690
  2.9653
  2.9707
  2.9673
  2.9736
  2.9674
  2.9715
  2.9684
  2.9681
  2.9752
  2.9737
  2.9721
  2.9786
  2.9674
  2.9607
  2.9664
  2.9787
  2.9624
  2.9661
  2.9645
  2.9741
  2.9586
  2.9670
  2.9770
  2.9641
  2.9561
  2.9642
  2.9650
  2.9638
  2.9742
  2.9712
  2.9712
  2.9702
  2.9736
  2.9660
  2.9718
  2.9653
  2.9530
  2.9632
  2.9598
  2.9660
  2.9833
  2.9633
  2.9664
  2.9692
  2.9680
  2.9664
  2.9849
  2.9713
  2.9578
  2.9719
  2.9690
  2.9663
  2.9641
  2.9674
  2.9716
  2.9641
  2.9603
  2.9678
  2.9728
  2.9568
  2.9692
  2.9602
  2.9659
  2.9604
  2.9712
  2.9574
  2.9715
  2.9640
  2.9692
  2.9742
  2.9601
  2.9617
  2.9694
  2.9680
  2.9622
  2.9573
  2.9686
  2.9657
  2.9693
  2.9601
  2.9699
  2.9714
  2.9688
  2.9648
  2.9770
  2.9691
  2.9550
  2.9679
  2.9671
  2.9574
  2.9545
  2.9672
  2.9782
  2.9700
  2.9661
  2.9792
  2.9698
  2.9696
  2.9807
  2.9647
  2.9656
  2.9715
  2.9669
  2.9674
  2.9671
  2.9601
  2.9758
  2.9655
  2.9660
  2.9665
  2.9662
  2.9693
  2.9604
  2.9738
  2.9674
  2.9616
  2.9679
  2.9865
  2.9598
  2.9781
  2.9707
  2.9732
  2.9785
  2.9720
  2.9676
  2.9723
  2.9737
  2.9627
  2.9706
  2.9698
  2.9654
  2.9638
  2.9615
  2.9706
