C1431409.544068
Gadanki 14/03/2014 09:54:10 14/03/2014 09:54:41 0375 0079.2 0013.5 00
0000000 0020 0000600 0020 01
1 0 2 02000 1 0000 0030 00532.o 0 0 00 000 14 000600 0.500 BT0
532.000 .o analog 0 
  2.9015
 21.6090
 18.3767
 11.1181
 12.7507
 14.5812
 18.9484
 31.0484
 42.7813
 46.7741
 44.6755
 40.2516
 35.6743
 31.2682
 27.2251
 24.1027
 21.3070
 19.0943
 17.2823
 15.7086
 14.4066
 13.2803
 12.2900
 11.3982
 10.7454
 10.0764
  9.5514
  8.8658
  8.1058
  7.3112
  6.9401
  6.4579
  6.2688
  6.1369
  5.9587
  5.8183
  5.7406
  5.5551
  5.3818
  5.2753
  5.2392
  5.1170
  4.8981
  4.7467
  4.5974
  4.5475
  4.4688
  4.3321
  4.2690
  4.2280
  4.1308
  4.0956
  4.0813
  4.0801
  4.0677
  3.9977
  3.9130
  3.8840
  3.8724
  3.8342
  3.7078
  3.6399
  3.6603
  3.6424
  3.5978
  3.5402
  3.5032
  3.5211
  3.4734
  3.4527
  3.4338
  3.3930
  3.3659
  3.3321
  3.3473
  3.3329
  3.3069
  3.2944
  3.2826
  3.2557
  3.2689
  3.2815
  3.2369
  3.2055
  3.1836
  3.1883
  3.1638
  3.1688
  3.1615
  3.1507
  3.1454
  3.1380
  3.1287
  3.1307
  3.1210
  3.1102
  3.1180
  3.0999
  3.1074
  3.0989
  3.0873
  3.0892
  3.0729
  3.0885
  3.0757
  3.0661
  3.0574
  3.0552
  3.0428
  3.0581
  3.0488
  3.0418
  3.0423
  3.0365
  3.0340
  3.0391
  3.0278
  3.0245
  3.0230
  3.0280
  3.0302
  3.0290
  3.0259
  3.0013
  3.0097
  2.9983
  3.0119
  3.0068
  3.0079
  3.0062
  3.0062
  2.9959
  3.0013
  2.9830
  3.0009
  2.9928
  2.9848
  2.9830
  2.9775
  2.9939
  2.9908
  2.9960
  2.9813
  2.9809
  2.9823
  2.9683
  2.9779
  2.9768
  2.9775
  2.9783
  2.9753
  2.9759
  2.9680
  2.9722
  2.9735
  2.9712
  2.9701
  2.9635
  2.9647
  2.9575
  2.9594
  2.9695
  2.9685
  2.9579
  2.9692
  2.9560
  2.9607
  2.9562
  2.9633
  2.9629
  2.9624
  2.9551
  2.9490
  2.9490
  2.9504
  2.9517
  2.9538
  2.9491
  2.9449
  2.9544
  2.9371
  2.9486
  2.9488
  2.9451
  2.9524
  2.9382
  2.9379
  2.9434
  2.9485
  2.9406
  2.9439
  2.9414
  2.9445
  2.9457
  2.9502
  2.9382
  2.9314
  2.9320
  2.9440
  2.9334
  2.9354
  2.9430
  2.9359
  2.9282
  2.9299
  2.9264
  2.9257
  2.9329
  2.9491
  2.9311
  2.9252
  2.9367
  2.9372
  2.9350
  2.9290
  2.9303
  2.9404
  2.9289
  2.9279
  2.9327
  2.9316
  2.9232
  2.9162
  2.9325
  2.9224
  2.9273
  2.9299
  2.9250
  2.9249
  2.9170
  2.9314
  2.9332
  2.9265
  2.9251
  2.9243
  2.9300
  2.9357
  2.9342
  2.9290
  2.9323
  2.9268
  2.9094
  2.9223
  2.9384
  2.9258
  2.9315
  2.9240
  2.9246
  2.9340
  2.9096
  2.9064
  2.9249
  2.9163
  2.9174
  2.9230
  2.9317
  2.9278
  2.9115
  2.9214
  2.9273
  2.9209
  2.9320
  2.9176
  2.9259
  2.9148
  2.9207
  2.9225
  2.9212
  2.9233
  2.9179
  2.9113
  2.9054
  2.9143
  2.9209
  2.9205
  2.9152
  2.9099
  2.9121
  2.9120
  2.9111
  2.9181
  2.9246
  2.9187
  2.9132
  2.9174
  2.9124
  2.9147
  2.9150
  2.9128
  2.9154
  2.9013
  2.9220
  2.9250
  2.9244
  2.9187
  2.9096
  2.9179
  2.9195
  2.9227
  2.9201
  2.9131
  2.9156
  2.9193
  2.9089
  2.9167
  2.9170
  2.9295
  2.9150
  2.9093
  2.9131
  2.9069
  2.9121
  2.9164
  2.9075
  2.9170
  2.9092
  2.9154
  2.9182
  2.9119
  2.9152
  2.9166
  2.9203
  2.9148
  2.9190
  2.9159
  2.9117
  2.9072
  2.9131
  2.9174
  2.9088
  2.8983
  2.9150
  2.9134
  2.9087
  2.9107
  2.9133
  2.9157
  2.9078
  2.9170
  2.9225
  2.9123
  2.9194
  2.9111
  2.9075
  2.9088
  2.9094
  2.9175
  2.9140
  2.9175
  2.9038
  2.9191
  2.9227
  2.9132
  2.9060
  2.9024
  2.9110
  2.9136
  2.9150
  2.9175
  2.9120
  2.9112
  2.9039
  2.9145
  2.9168
  2.9103
  2.9123
  2.9179
  2.8985
  2.9055
  2.9120
  2.9130
  2.9180
  2.9121
  2.9158
  2.9071
  2.9017
  2.8984
  2.9183
  2.9116
  2.9210
  2.9093
  2.9170
  2.9040
  2.9120
  2.9162
  2.9176
  2.9133
  2.9039
  2.9292
  2.9082
  2.9081
  2.8963
  2.9119
  2.8998
  2.9010
  2.9105
  2.9130
  2.9141
  2.9099
  2.9055
  2.9131
  2.9215
  2.9087
  2.9045
  2.9164
  2.9023
  2.9063
  2.9094
  2.9126
  2.9088
  2.9187
  2.9011
  2.9110
  2.9122
  2.9236
  2.9225
  2.9114
  2.8935
  2.9142
  2.9172
  2.9058
  2.9139
  2.9011
  2.9175
  2.9104
  2.8971
  2.9094
  2.9196
  2.9082
  2.9151
  2.9142
  2.9170
  2.9029
  2.9104
  2.9143
  2.9107
  2.9052
  2.9110
  2.9043
  2.9192
  2.9165
  2.9038
  2.9191
  2.9104
  2.9030
  2.9094
  2.9179
  2.9084
  2.9140
  2.9183
  2.9050
  2.9068
  2.9096
  2.9031
  2.9213
  2.9033
  2.9123
  2.9142
  2.9106
  2.9054
  2.9139
  2.9013
  2.9124
  2.8928
  2.9104
  2.9190
  2.9087
  2.9066
  2.9010
  2.9050
  2.8971
  2.9073
  2.9075
  2.9111
  2.9070
  2.9096
  2.9103
  2.8985
  2.9120
  2.9112
  2.9067
  2.9055
  2.9076
  2.9107
  2.9049
  2.9086
  2.9117
  2.8959
  2.9086
  2.9147
  2.9162
  2.9011
  2.9132
  2.8965
  2.9063
  2.9200
  2.9112
  2.9211
  2.9040
  2.9113
  2.9066
  2.9057
  2.9230
  2.9104
  2.9107
  2.9116
  2.9083
  2.9169
  2.9063
  2.9174
  2.9077
  2.9174
  2.9111
  2.9126
  2.9067
  2.9034
  2.9092
  2.9109
  2.9162
  2.9094
  2.9158
  2.9134
  2.9025
  2.9095
  2.9077
  2.9059
  2.8939
  2.9041
  2.9155
  2.9093
  2.9062
  2.9156
  2.9101
  2.9126
  2.9047
  2.9081
  2.9031
  2.9041
  2.9121
  2.9175
  2.8978
  2.9131
  2.9030
  2.9024
  2.9027
  2.9107
  2.9141
  2.9185
  2.9169
  2.9054
  2.9101
  2.9143
  2.9118
  2.9075
  2.9077
  2.8997
  2.9068
  2.9066
  2.9013
  2.9069
  2.9121
  2.9097
  2.9109
  2.9105
  2.9137
  2.9026
  2.9122
  2.9131
  2.9053
  2.9032
  2.9080
  2.9141
  2.8985
  2.9017
  2.9035
  2.8979
  2.9049
  2.9010
  2.9057
  2.9052
  2.8988
  2.9007
  2.9023
  2.9068
  2.9056
  2.9120
  2.9015
  2.9019
  2.9076
  2.9101
  2.9145
  2.9081
  2.8963
  2.9057
  2.9068
  2.9123
  2.9031
  2.9080
  2.9051
  2.8979
  2.8974
  2.9104
  2.9060
  2.8990
  2.9012
  2.9018
  2.9084
  2.9100
  2.9131
  2.9172
  2.9097
  2.9127
  2.9085
  2.9061
  2.9087
  2.9086
  2.9139
  2.9036
  2.9112
  2.9107
  2.9087
  2.9104
  2.9113
  2.9123
  2.9110
  2.9090
  2.9035
  2.9138
  2.9043
  2.9078
  2.9004
  2.9098
  2.9128
  2.8990
  2.9022
  2.9040
  2.9081
  2.9106
  2.9048
  2.9112
  2.9084
  2.9104
  2.9103
  2.8973
  2.9106
  2.9059
  2.9121
  2.9140
  2.8941
  2.9107
  2.9084
  2.9146
  2.9124
  2.9143
  2.9187
  2.9109
  2.9081
  2.9101
  2.9056
  2.8910
  2.9001
  2.9014
  2.9057
  2.9143
  2.8968
  2.9044
  2.9057
  2.9181
  2.9093
  2.9153
  2.9063
  2.9037
  2.9154
  2.9112
  2.9071
  2.9071
  2.9055
  2.9177
  2.8978
  2.9062
  2.9064
  2.9014
  2.9066
  2.9192
  2.9023
  2.9096
  2.9060
  2.9069
  2.9054
  2.9070
  2.9097
  2.9053
  2.9023
  2.9079
  2.9006
  2.9245
  2.9069
  2.9070
  2.9149
  2.9154
  2.9121
  2.9056
  2.9005
  2.9004
  2.9132
  2.9092
  2.9043
  2.9040
  2.8996
  2.9046
  2.9140
  2.9011
  2.9139
  2.9048
  2.9086
  2.9041
  2.9047
  2.8976
  2.9008
  2.9119
  2.8968
  2.9066
  2.9058
  2.9003
  2.9065
  2.9036
  2.8960
  2.9137
  2.9083
  2.8990
  2.9023
  2.9124
  2.9041
  2.9040
  2.8963
  2.9080
  2.9093
  2.9052
  2.9020
  2.9011
  2.9032
  2.8976
  2.9096
  2.9103
  2.9026
  2.8973
  2.9019
  2.9031
  2.8983
  2.8990
  2.8995
  2.9042
  2.9069
  2.9001
  2.9148
  2.9093
  2.8999
  2.9017
  2.9042
  2.9130
  2.9022
  2.9156
  2.9020
  2.9055
  2.9220
  2.9060
  2.9047
  2.9102
  2.9148
  2.9143
  2.9099
  2.9002
  2.9125
  2.9114
  2.9060
  2.8975
  2.9080
  2.9086
  2.8999
  2.9054
  2.9044
  2.9109
  2.9082
  2.8981
  2.9030
  2.9094
  2.9125
  2.8979
  2.9066
  2.9038
  2.9070
  2.8988
  2.8990
  2.9188
  2.9123
  2.9051
  2.9075
  2.9096
  2.9013
  2.9052
  2.9071
  2.9053
  2.9083
  2.9225
  2.8969
  2.9025
  2.9140
  2.9006
  2.8955
  2.8997
  2.9019
  2.9176
  2.8984
  2.8999
  2.9010
  2.9030
  2.9132
  2.9092
  2.9070
  2.9127
  2.9122
  2.9096
  2.9057
  2.9108
  2.8838
  2.9018
  2.9082
  2.9034
  2.9000
  2.9113
  2.8967
  2.9039
  2.9108
  2.9129
  2.9132
  2.9054
  2.9095
  2.9018
  2.9116
  2.9138
  2.9048
  2.9133
  2.9122
  2.9059
  2.9072
  2.9045
  2.9131
  2.8993
  2.9056
  2.9070
  2.9030
  2.9048
  2.9056
  2.9100
  2.9116
  2.8986
  2.9092
  2.8933
  2.9120
  2.8989
  2.9058
  2.9076
  2.9011
  2.9110
  2.9094
  2.8996
  2.9055
  2.9047
  2.9035
  2.9213
  2.9169
  2.9107
  2.9032
  2.9041
  2.9074
  2.9093
  2.9032
  2.9062
  2.9139
  2.9005
  2.9200
  2.8971
  2.9115
  2.9156
  2.9055
  2.9043
  2.9114
  2.9110
  2.9146
  2.8988
  2.9087
  2.9045
  2.9106
  2.8981
  2.9082
  2.9057
  2.9073
  2.9056
  2.9025
  2.8982
  2.9112
  2.9002
  2.9113
  2.9101
  2.9105
  2.9036
  2.9030
  2.9029
  2.9078
  2.9110
  2.9031
  2.9051
  2.9017
  2.9105
  2.9195
  2.9114
  2.8996
  2.8988
  2.9077
  2.9058
  2.9089
  2.9130
  2.9134
  2.9192
  2.9071
  2.9066
  2.9163
  2.9015
  2.8976
  2.9087
  2.9076
  2.9130
  2.9014
  2.9046
  2.9019
  2.9036
  2.9067
  2.9083
  2.9138
  2.9159
  2.9066
  2.9008
  2.9156
  2.9100
  2.9183
  2.9060
  2.8954
  2.9083
  2.9040
  2.9069
  2.9097
  2.9071
  2.8985
  2.8997
  2.9151
  2.9025
  2.9065
  2.9011
  2.9135
  2.9108
  2.9106
  2.9152
  2.9079
  2.9089
  2.9171
  2.9000
  2.9079
  2.8978
  2.9078
  2.9098
  2.9119
  2.8992
  2.9050
  2.9146
  2.9092
  2.9164
  2.9158
  2.9130
  2.9029
  2.9055
  2.9041
  2.9080
  2.9019
  2.9176
  2.9195
  2.9035
  2.9005
  2.9066
  2.9037
  2.9066
  2.9038
  2.9119
  2.9108
  2.9120
  2.9136
  2.9030
  2.8997
  2.9047
  2.9005
  2.9083
  2.9015
  2.9029
  2.8977
  2.9048
  2.9063
  2.9124
  2.9076
  2.8948
  2.9106
  2.9143
  2.8997
  2.9064
  2.9055
  2.9087
  2.9067
  2.9018
  2.9052
  2.9034
  2.9140
  2.9205
  2.9036
  2.9023
  2.8969
  2.9158
  2.9030
  2.9030
  2.8953
  2.9105
  2.9041
  2.8850
  2.9082
  2.9100
  2.9164
  2.9155
  2.9054
  2.9151
  2.9153
  2.9025
  2.9092
  2.8986
  2.9014
  2.9135
  2.9099
  2.9064
  2.9113
  2.9163
  2.9074
  2.9102
  2.9134
  2.8995
  2.9038
  2.9054
  2.8963
  2.9184
  2.9052
  2.9055
  2.9091
  2.8954
  2.9106
  2.9095
  2.9158
  2.9174
  2.9200
  2.9032
  2.9017
  2.9119
  2.9040
  2.9035
  2.9047
  2.9111
  2.9048
  2.9008
  2.9145
  2.9063
  2.9095
  2.9004
  2.8999
  2.9188
  2.9121
  2.9110
  2.9095
  2.8999
  2.9005
  2.9054
  2.8989
  2.9015
  2.9115
  2.9083
  2.9062
  2.9059
  2.9102
  2.9052
  2.9055
  2.9049
  2.9123
  2.8986
  2.8979
  2.8995
  2.8987
  2.9026
  2.9010
  2.8973
  2.9009
  2.8955
  2.9100
  2.9051
  2.9015
  2.8972
  2.9115
  2.9124
  2.9074
  2.9116
  2.9001
  2.9067
  2.9146
  2.9026
  2.8914
  2.9066
  2.9119
  2.9086
  2.9088
  2.9074
  2.9053
  2.9086
  2.9158
  2.9100
  2.8997
  2.8966
  2.9065
  2.9010
  2.8981
  2.9168
  2.9013
  2.9152
  2.9100
  2.9017
  2.9009
  2.9060
  2.9088
  2.9085
  2.9111
  2.9128
  2.9048
  2.9084
  2.8956
  2.9029
  2.9214
  2.9144
  2.9049
  2.8999
  2.9062
  2.9083
  2.9127
  2.9126
  2.9167
  2.9106
  2.9049
  2.8934
  2.9140
  2.9011
  2.9044
  2.9051
  2.9122
  2.9076
  2.8999
  2.9005
  2.9048
  2.9055
  2.9117
  2.9056
  2.8983
  2.9023
  2.9019
  2.9095
  2.9076
  2.8905
  2.9103
  2.8936
  2.9081
  2.9152
  2.9147
  2.9019
  2.9078
  2.9005
  2.9051
  2.8912
  2.9095
  2.9022
  2.9075
  2.9102
  2.9110
  2.9000
  2.8994
  2.9123
  2.9086
  2.9108
  2.9042
  2.9120
  2.9073
  2.9113
  2.9059
  2.9083
  2.9052
  2.9141
  2.9098
  2.9025
  2.9106
  2.8908
  2.9018
  2.9135
  2.9081
  2.9026
  2.9041
  2.8963
  2.9032
  2.8975
  2.9088
  2.9099
  2.8982
  2.9034
  2.8973
  2.8975
  2.9051
  2.9054
  2.9076
  2.8976
  2.9020
  2.9032
  2.8982
  2.9013
  2.9079
  2.9044
  2.9069
  2.9009
  2.9104
  2.9084
  2.9071
  2.9006
  2.9016
  2.9032
  2.9109
  2.9043
  2.9031
  2.9017
  2.8997
  2.9118
  2.9127
  2.9035
  2.9045
  2.9083
  2.9029
  2.9020
  2.9011
  2.9119
  2.9020
  2.8980
  2.9115
  2.9092
  2.9001
  2.9053
  2.9167
  2.9015
  2.9061
  2.9040
  2.9089
  2.9075
  2.9113
  2.9149
  2.8932
  2.9033
  2.9167
  2.8919
  2.9100
  2.9181
  2.9025
  2.9073
  2.8915
  2.9111
  2.9141
  2.9145
  2.9045
  2.9078
  2.9130
  2.9003
  2.8968
  2.9034
  2.9040
  2.8972
  2.9151
  2.8961
  2.9022
  2.9100
  2.9038
  2.9039
  2.9145
  2.9120
  2.9064
  2.9061
  2.9089
  2.9048
  2.9040
  2.9027
  2.9137
  2.9064
  2.9085
  2.9103
  2.9058
  2.9048
  2.8948
  2.9061
  2.9122
  2.9095
  2.8978
  2.9005
  2.9025
  2.9029
  2.9141
  2.9003
  2.9032
  2.9029
  2.9037
  2.9061
  2.9061
  2.9066
  2.9055
  2.9046
  2.8996
  2.9043
  2.9057
  2.9046
  2.9142
  2.9043
  2.9147
  2.9038
  2.9032
  2.9157
  2.9185
  2.9056
  2.9148
  2.8994
  2.9104
  2.8994
  2.9070
  2.9079
  2.8986
  2.9075
  2.9059
  2.9086
  2.9140
  2.9002
  2.9014
  2.8995
  2.9112
  2.9076
  2.9120
  2.9010
  2.9023
  2.9146
  2.9076
  2.9029
  2.9006
  2.9123
  2.8968
  2.9064
  2.9027
  2.9073
  2.8973
  2.8998
  2.9063
  2.8873
  2.9126
  2.9006
  2.9033
  2.9125
  2.9047
  2.8983
  2.9046
  2.8997
  2.9050
  2.9036
  2.9082
  2.9012
  2.9004
  2.8988
  2.9055
  2.9064
  2.9142
  2.9098
  2.9082
  2.9087
  2.9021
  2.9115
  2.9170
  2.9057
  2.9170
  2.9023
  2.9015
  2.9031
  2.9116
  2.9033
  2.9008
  2.9084
  2.9042
  2.9100
  2.9096
  2.8913
  2.8994
  2.9029
  2.9025
  2.9023
  2.9005
  2.9091
  2.9043
  2.9047
  2.8943
  2.9132
  2.9030
  2.9073
  2.9077
  2.9051
  2.9036
  2.9065
  2.9180
  2.9143
  2.9106
  2.9000
  2.9001
  2.9113
  2.8979
  2.9047
  2.9131
  2.8936
  2.9020
  2.9043
  2.8990
  2.8999
  2.9030
  2.9065
  2.9027
  2.9032
  2.9089
  2.9156
  2.9075
  2.9130
  2.9036
  2.9112
  2.9146
  2.9057
  2.9043
  2.9090
  2.9040
  2.9125
  2.9085
  2.9013
  2.9025
  2.9051
  2.9084
  2.9094
  2.8948
  2.8962
  2.8930
  2.9080
  2.9046
  2.9087
  2.8999
  2.9054
  2.9072
  2.9046
  2.9031
  2.9005
  2.9110
  2.9025
  2.9072
  2.9129
  2.9062
  2.9119
  2.9069
  2.8967
  2.8972
  2.9100
  2.9080
  2.9055
  2.9081
  2.9073
  2.9017
  2.9102
  2.9025
  2.9111
  2.8940
  2.9020
  2.9093
  2.9108
  2.9023
  2.9184
  2.9053
  2.9094
  2.9030
  2.9125
  2.9059
  2.9021
  2.9051
  2.9025
  2.8999
  2.8904
  2.9049
  2.8991
  2.9106
  2.8993
  2.8994
  2.9146
  2.9136
  2.9112
  2.9007
  2.9088
  2.9087
  2.9115
  2.9050
  2.9143
  2.8949
  2.8935
  2.8988
  2.8969
  2.9056
  2.9081
  2.9142
  2.9141
  2.9035
  2.9124
  2.9072
  2.9120
  2.9018
  2.9093
  2.9113
  2.9114
  2.9194
  2.9102
  2.9146
  2.9172
  2.9080
  2.9070
  2.9055
  2.9085
  2.9063
  2.9048
  2.9102
  2.9159
  2.9038
  2.9022
  2.9107
  2.9215
  2.9106
  2.9211
  2.9047
  2.8998
  2.9085
  2.9017
  2.9069
  2.8992
  2.9107
  2.8984
  2.9026
  2.9018
  2.9066
  2.9053
  2.9063
  2.9129
  2.9056
  2.9099
  2.9075
  2.9073
  2.9058
  2.9110
  2.9099
  2.9052
  2.9163
  2.9003
  2.9033
  2.9055
  2.9061
  2.9038
  2.9041
  2.9167
  2.9147
  2.9090
  2.9061
  2.9067
  2.9077
  2.9026
  2.8996
  2.9093
  2.9062
  2.9084
  2.8964
  2.9053
  2.9062
  2.9132
  2.9100
  2.9123
  2.9150
  2.9030
  2.9023
  2.9035
  2.8946
  2.9096
  2.9109
  2.8943
  2.9123
  2.9043
  2.9084
  2.9022
  2.8944
  2.9010
  2.9182
  2.8991
  2.9020
  2.9027
  2.8952
  2.9064
  2.9130
  2.9151
  2.9140
  2.8969
  2.9086
  2.9136
  2.8990
  2.9032
  2.9094
  2.9081
  2.9084
  2.9127
  2.9123
  2.9010
  2.8967
  2.8980
  2.9163
  2.9103
  2.8984
  2.9026
  2.9031
  2.9104
  2.9077
  2.9041
  2.9085
  2.9007
  2.8989
  2.9099
  2.9050
  2.9063
  2.9011
  2.9027
  2.9080
  2.9057
  2.8978
  2.9024
  2.9054
  2.8926
  2.9077
  2.9096
  2.9043
  2.9103
  2.8970
  2.8978
  2.9013
  2.9037
  2.9057
  2.9053
  2.9055
  2.9094
  2.9065
  2.9108
  2.9111
  2.9012
  2.9016
  2.9054
  2.9098
  2.8939
  2.9069
  2.8987
  2.8956
  2.9107
  2.8993
  2.9049
  2.8989
  2.8996
  2.9064
  2.9084
  2.9005
  2.9022
  2.9033
  2.9107
  2.9102
  2.8994
  2.9036
  2.9035
  2.9085
  2.9064
  2.9044
  2.9083
  2.9037
  2.9016
  2.9036
  2.9086
  2.8945
  2.8991
  2.9022
  2.9059
  2.9148
  2.9027
  2.9058
  2.9051
  2.9036
  2.9060
  2.8962
  2.9066
  2.9061
  2.9067
  2.9079
  2.9021
  2.9143
  2.9044
  2.9190
  2.9072
  2.8977
  2.9058
  2.9018
  2.9121
  2.9028
  2.9041
  2.9137
  2.9003
  2.9159
  2.8985
  2.8931
  2.9043
  2.9078
  2.8992
  2.9189
  2.9043
  2.9032
  2.9021
  2.8948
  2.9034
  2.9086
  2.8974
  2.9046
  2.9088
  2.9067
  2.9059
  2.9015
  2.9114
  2.9055
  2.9036
  2.9059
  2.8947
  2.9023
  2.8932
  2.9066
  2.9065
  2.9068
  2.9029
  2.9064
  2.9044
  2.9048
  2.9002
  2.8922
  2.9045
  2.8965
  2.8991
  2.9066
  2.9038
  2.9061
  2.9036
  2.9003
  2.9097
  2.9190
  2.9117
  2.9026
  2.9156
  2.9057
  2.9130
  2.9104
  2.9008
  2.8999
  2.9103
  2.9028
  2.9125
  2.8995
  2.9071
  2.9104
  2.8977
  2.9012
  2.9107
  2.9032
  2.9049
  2.9072
  2.8967
  2.9033
  2.9097
  2.9059
  2.9143
  2.9065
  2.8922
  2.9120
  2.9034
  2.9085
  2.9130
  2.9115
  2.8997
  2.9079
  2.9103
  2.9063
  2.9065
  2.9084
  2.9082
  2.9070
  2.8957
  2.9002
  2.9064
  2.9105
  2.9138
  2.9047
  2.9055
  2.9131
  2.9045
  2.9062
  2.9082
  2.9069
  2.8997
  2.9104
  2.9055
  2.9039
  2.9054
  2.9025
  2.9163
  2.9001
  2.8984
  2.9060
  2.9119
  2.9101
  2.8983
  2.9032
  2.9083
  2.9065
  2.9075
  2.9035
  2.9021
  2.9030
  2.9093
  2.9078
  2.9015
  2.9065
  2.9059
  2.8967
  2.8999
  2.9036
  2.9022
  2.9069
  2.9076
  2.9104
  2.9028
  2.9071
  2.9132
  2.9011
  2.9067
  2.8988
  2.9043
  2.8961
  2.8986
  2.8926
  2.9100
  2.9060
  2.9106
  2.9024
  2.8961
  2.9088
  2.9172
  2.9122
  2.8989
  2.8993
  2.9073
  2.9146
  2.9095
  2.9004
  2.8952
  2.9112
  2.9150
  2.9115
  2.9133
  2.9080
  2.9056
  2.9019
  2.9035
  2.9011
  2.9127
  2.9041
  2.9056
  2.9006
  2.9078
  2.9025
  2.9013
  2.9028
  2.9071
  2.9033
  2.9040
  2.9016
  2.9086
  2.9070
  2.9066
  2.8978
  2.9029
  2.9123
  2.8973
  2.9008
  2.9130
  2.8964
  2.9115
  2.9021
  2.9135
  2.8996
  2.9064
  2.9013
  2.9014
  2.9016
  2.9018
  2.9074
  2.9009
  2.9142
  2.9108
  2.9125
  2.9003
  2.9069
  2.8974
  2.8999
  2.8942
  2.8976
  2.9148
  2.8959
  2.8974
  2.8937
  2.9123
  2.9035
  2.8997
  2.9095
  2.8916
  2.9003
  2.9036
  2.9139
  2.9029
  2.8993
  2.9074
  2.9089
  2.9080
  2.9149
  2.9014
  2.9031
  2.9016
  2.9055
  2.9063
  2.9027
  2.9076
  2.9080
  2.8987
  2.9141
  2.9091
  2.9111
  2.9062
  2.8951
  2.9099
  2.8856
  2.8959
  2.9046
  2.9091
  2.8980
  2.9125
  2.9028
  2.9167
  2.9066
  2.9026
  2.9101
  2.8970
  2.9096
  2.8988
  2.9069
  2.9028
  2.9087
  2.9062
  2.9038
  2.9039
  2.9066
  2.9040
  2.8982
  2.9037
  2.9103
  2.9102
  2.9017
  2.9017
  2.9036
  2.9022
  2.9088
  2.9142
