C1431410.122836
Gadanki 14/03/2014 10:11:58 14/03/2014 10:12:28 0375 0079.2 0013.5 00
0000000 0020 0000600 0020 01
1 0 2 02000 1 0000 0030 00532.o 0 0 00 000 14 000600 0.500 BT0
532.000 .o analog 0 
  3.0467
 21.1092
 18.5169
 11.0592
 12.4449
 14.0114
 17.7812
 28.8934
 39.7202
 42.4721
 40.3093
 36.3045
 32.2633
 28.7001
 25.4722
 22.8621
 20.6906
 18.5896
 17.2207
 16.4517
 15.0422
 13.7597
 12.8051
 11.9665
 11.1170
 10.1767
  9.3235
  8.8778
  8.3805
  8.1061
  7.9307
  7.5911
  7.1749
  6.7869
  6.4283
  6.0660
  5.8285
  5.6616
  5.5208
  5.3712
  5.2269
  5.1045
  5.0126
  4.8901
  4.7999
  4.6948
  4.5820
  4.4601
  4.4028
  4.3708
  4.2991
  4.2151
  4.1455
  4.1144
  4.1113
  4.0907
  4.0739
  3.9489
  3.9715
  3.9760
  3.9416
  3.8509
  3.7811
  3.7617
  3.7615
  3.6855
  3.6577
  3.6377
  3.6416
  3.6052
  3.5706
  3.5608
  3.5278
  3.4926
  3.4791
  3.4691
  3.4474
  3.4376
  3.4214
  3.4313
  3.4323
  3.4733
  3.4327
  3.3540
  3.3359
  3.3377
  3.3277
  3.3215
  3.3104
  3.3067
  3.2907
  3.2857
  3.2766
  3.2723
  3.2621
  3.2697
  3.2407
  3.2456
  3.2433
  3.2333
  3.2327
  3.2281
  3.2291
  3.2259
  3.2142
  3.2116
  3.2073
  3.1943
  3.1981
  3.2013
  3.1955
  3.1987
  3.1936
  3.1918
  3.1740
  3.1897
  3.1803
  3.1818
  3.1783
  3.1642
  3.1699
  3.1656
  3.1704
  3.1533
  3.1603
  3.1579
  3.1429
  3.1481
  3.1363
  3.1391
  3.1413
  3.1482
  3.1282
  3.1421
  3.1465
  3.1352
  3.1191
  3.1314
  3.1384
  3.1315
  3.1342
  3.1199
  3.1378
  3.1316
  3.1232
  3.1259
  3.1296
  3.1189
  3.1225
  3.1203
  3.1071
  3.1277
  3.1232
  3.1119
  3.1253
  3.1099
  3.1127
  3.1001
  3.1014
  3.1082
  3.1108
  3.0999
  3.1078
  3.1034
  3.1013
  3.1032
  3.1053
  3.0914
  3.1045
  3.0985
  3.0920
  3.0874
  3.1142
  3.0988
  3.0988
  3.0942
  3.0905
  3.0924
  3.1011
  3.0891
  3.0758
  3.0945
  3.1027
  3.1010
  3.0924
  3.0989
  3.0864
  3.0802
  3.0801
  3.0809
  3.0864
  3.0855
  3.0806
  3.0907
  3.0937
  3.0723
  3.0781
  3.0832
  3.0688
  3.0851
  3.0833
  3.0847
  3.0777
  3.0777
  3.0862
  3.0833
  3.0842
  3.0804
  3.0779
  3.0752
  3.0814
  3.0819
  3.0855
  3.0871
  3.0728
  3.0770
  3.0802
  3.0745
  3.0766
  3.0777
  3.0817
  3.0683
  3.0882
  3.0666
  3.0655
  3.0696
  3.0657
  3.0702
  3.0963
  3.0756
  3.0729
  3.0654
  3.0725
  3.0830
  3.0702
  3.0632
  3.0649
  3.0670
  3.0768
  3.0750
  3.0630
  3.0855
  3.0753
  3.0674
  3.0770
  3.0691
  3.0708
  3.0720
  3.0584
  3.0700
  3.0551
  3.0802
  3.0713
  3.0693
  3.0622
  3.0617
  3.0618
  3.0623
  3.0624
  3.0705
  3.0535
  3.0688
  3.0645
  3.0610
  3.0636
  3.0573
  3.0550
  3.0664
  3.0612
  3.0804
  3.0583
  3.0732
  3.0731
  3.0561
  3.0629
  3.0645
  3.0722
  3.0587
  3.0605
  3.0614
  3.0662
  3.0681
  3.0656
  3.0701
  3.0587
  3.0650
  3.0762
  3.0629
  3.0602
  3.0531
  3.0531
  3.0577
  3.0655
  3.0611
  3.0596
  3.0551
  3.0734
  3.0486
  3.0615
  3.0641
  3.0596
  3.0585
  3.0532
  3.0599
  3.0502
  3.0659
  3.0685
  3.0622
  3.0613
  3.0593
  3.0692
  3.0693
  3.0544
  3.0608
  3.0590
  3.0647
  3.0541
  3.0606
  3.0614
  3.0496
  3.0563
  3.0555
  3.0471
  3.0575
  3.0627
  3.0485
  3.0587
  3.0729
  3.0584
  3.0493
  3.0626
  3.0678
  3.0676
  3.0608
  3.0520
  3.0606
  3.0576
  3.0510
  3.0590
  3.0531
  3.0612
  3.0510
  3.0547
  3.0553
  3.0688
  3.0594
  3.0576
  3.0595
  3.0652
  3.0592
  3.0506
  3.0618
  3.0600
  3.0637
  3.0605
  3.0499
  3.0637
  3.0667
  3.0579
  3.0598
  3.0626
  3.0491
  3.0636
  3.0571
  3.0570
  3.0493
  3.0554
  3.0553
  3.0518
  3.0568
  3.0571
  3.0561
  3.0607
  3.0573
  3.0527
  3.0593
  3.0595
  3.0610
  3.0560
  3.0624
  3.0515
  3.0609
  3.0522
  3.0613
  3.0599
  3.0543
  3.0621
  3.0505
  3.0533
  3.0523
  3.0604
  3.0685
  3.0620
  3.0602
  3.0628
  3.0578
  3.0528
  3.0602
  3.0496
  3.0556
  3.0551
  3.0557
  3.0559
  3.0669
  3.0533
  3.0696
  3.0510
  3.0533
  3.0496
  3.0451
  3.0603
  3.0603
  3.0645
  3.0599
  3.0586
  3.0657
  3.0653
  3.0525
  3.0665
  3.0499
  3.0580
  3.0557
  3.0443
  3.0487
  3.0530
  3.0486
  3.0520
  3.0598
  3.0505
  3.0421
  3.0528
  3.0609
  3.0598
  3.0467
  3.0526
  3.0559
  3.0596
  3.0485
  3.0505
  3.0584
  3.0612
  3.0598
  3.0582
  3.0518
  3.0522
  3.0525
  3.0575
  3.0587
  3.0546
  3.0522
  3.0557
  3.0503
  3.0622
  3.0510
  3.0486
  3.0524
  3.0519
  3.0604
  3.0640
  3.0547
  3.0638
  3.0588
  3.0515
  3.0507
  3.0525
  3.0544
  3.0509
  3.0508
  3.0553
  3.0550
  3.0540
  3.0629
  3.0567
  3.0527
  3.0526
  3.0649
  3.0574
  3.0605
  3.0573
  3.0558
  3.0530
  3.0531
  3.0582
  3.0492
  3.0490
  3.0641
  3.0529
  3.0654
  3.0488
  3.0626
  3.0432
  3.0515
  3.0493
  3.0549
  3.0595
  3.0489
  3.0503
  3.0514
  3.0385
  3.0390
  3.0559
  3.0390
  3.0559
  3.0396
  3.0445
  3.0639
  3.0472
  3.0563
  3.0496
  3.0619
  3.0560
  3.0532
  3.0583
  3.0509
  3.0502
  3.0399
  3.0402
  3.0618
  3.0604
  3.0501
  3.0603
  3.0396
  3.0504
  3.0559
  3.0500
  3.0525
  3.0472
  3.0521
  3.0579
  3.0433
  3.0526
  3.0502
  3.0604
  3.0428
  3.0507
  3.0543
  3.0569
  3.0532
  3.0554
  3.0618
  3.0597
  3.0604
  3.0591
  3.0521
  3.0495
  3.0467
  3.0463
  3.0496
  3.0423
  3.0472
  3.0517
  3.0502
  3.0490
  3.0536
  3.0449
  3.0474
  3.0482
  3.0501
  3.0478
  3.0496
  3.0545
  3.0392
  3.0471
  3.0531
  3.0433
  3.0619
  3.0618
  3.0462
  3.0569
  3.0507
  3.0430
  3.0460
  3.0557
  3.0586
  3.0542
  3.0544
  3.0495
  3.0575
  3.0406
  3.0512
  3.0484
  3.0462
  3.0575
  3.0600
  3.0629
  3.0433
  3.0667
  3.0488
  3.0461
  3.0625
  3.0470
  3.0570
  3.0486
  3.0580
  3.0533
  3.0470
  3.0476
  3.0526
  3.0461
  3.0509
  3.0460
  3.0483
  3.0429
  3.0467
  3.0474
  3.0496
  3.0469
  3.0393
  3.0421
  3.0519
  3.0522
  3.0649
  3.0625
  3.0487
  3.0595
  3.0457
  3.0532
  3.0523
  3.0391
  3.0427
  3.0578
  3.0561
  3.0407
  3.0565
  3.0613
  3.0554
  3.0556
  3.0484
  3.0499
  3.0592
  3.0531
  3.0561
  3.0522
  3.0474
  3.0553
  3.0508
  3.0417
  3.0577
  3.0560
  3.0637
  3.0411
  3.0442
  3.0501
  3.0488
  3.0505
  3.0527
  3.0491
  3.0596
  3.0560
  3.0467
  3.0552
  3.0576
  3.0555
  3.0468
  3.0499
  3.0526
  3.0502
  3.0454
  3.0703
  3.0600
  3.0544
  3.0533
  3.0457
  3.0507
  3.0438
  3.0522
  3.0481
  3.0513
  3.0571
  3.0476
  3.0581
  3.0515
  3.0538
  3.0560
  3.0541
  3.0563
  3.0507
  3.0504
  3.0471
  3.0520
  3.0486
  3.0751
  3.0580
  3.0583
  3.0443
  3.0504
  3.0408
  3.0533
  3.0598
  3.0500
  3.0530
  3.0437
  3.0432
  3.0552
  3.0560
  3.0523
  3.0544
  3.0514
  3.0499
  3.0574
  3.0593
  3.0487
  3.0518
  3.0578
  3.0568
  3.0536
  3.0619
  3.0544
  3.0607
  3.0422
  3.0473
  3.0404
  3.0465
  3.0470
  3.0501
  3.0472
  3.0444
  3.0535
  3.0535
  3.0492
  3.0509
  3.0511
  3.0525
  3.0418
  3.0463
  3.0554
  3.0442
  3.0531
  3.0520
  3.0415
  3.0585
  3.0568
  3.0494
  3.0446
  3.0437
  3.0588
  3.0600
  3.0482
  3.0540
  3.0482
  3.0527
  3.0562
  3.0337
  3.0292
  3.0526
  3.0384
  3.0473
  3.0500
  3.0620
  3.0623
  3.0580
  3.0664
  3.0495
  3.0610
  3.0583
  3.0497
  3.0509
  3.0519
  3.0620
  3.0519
  3.0542
  3.0456
  3.0472
  3.0517
  3.0361
  3.0376
  3.0394
  3.0518
  3.0630
  3.0544
  3.0621
  3.0496
  3.0451
  3.0596
  3.0579
  3.0621
  3.0443
  3.0589
  3.0512
  3.0455
  3.0518
  3.0539
  3.0578
  3.0630
  3.0579
  3.0655
  3.0486
  3.0518
  3.0543
  3.0475
  3.0560
  3.0545
  3.0499
  3.0481
  3.0485
  3.0401
  3.0508
  3.0515
  3.0607
  3.0561
  3.0523
  3.0448
  3.0537
  3.0477
  3.0447
  3.0505
  3.0626
  3.0546
  3.0577
  3.0610
  3.0516
  3.0549
  3.0387
  3.0537
  3.0544
  3.0533
  3.0549
  3.0458
  3.0491
  3.0411
  3.0586
  3.0421
  3.0490
  3.0492
  3.0491
  3.0541
  3.0500
  3.0516
  3.0452
  3.0560
  3.0583
  3.0515
  3.0620
  3.0419
  3.0526
  3.0545
  3.0450
  3.0515
  3.0475
  3.0512
  3.0491
  3.0473
  3.0507
  3.0521
  3.0519
  3.0454
  3.0533
  3.0529
  3.0501
  3.0526
  3.0433
  3.0603
  3.0584
  3.0446
  3.0532
  3.0410
  3.0480
  3.0503
  3.0520
  3.0444
  3.0497
  3.0457
  3.0528
  3.0503
  3.0521
  3.0569
  3.0595
  3.0566
  3.0592
  3.0592
  3.0566
  3.0518
  3.0518
  3.0601
  3.0599
  3.0518
  3.0493
  3.0493
  3.0573
  3.0521
  3.0437
  3.0540
  3.0551
  3.0505
  3.0441
  3.0522
  3.0525
  3.0531
  3.0571
  3.0568
  3.0544
  3.0528
  3.0559
  3.0647
  3.0445
  3.0545
  3.0564
  3.0614
  3.0405
  3.0480
  3.0544
  3.0545
  3.0579
  3.0458
  3.0620
  3.0489
  3.0503
  3.0546
  3.0545
  3.0454
  3.0547
  3.0420
  3.0434
  3.0385
  3.0632
  3.0549
  3.0497
  3.0405
  3.0546
  3.0385
  3.0516
  3.0561
  3.0465
  3.0493
  3.0543
  3.0524
  3.0495
  3.0446
  3.0481
  3.0447
  3.0557
  3.0541
  3.0509
  3.0658
  3.0478
  3.0502
  3.0520
  3.0496
  3.0467
  3.0610
  3.0449
  3.0481
  3.0522
  3.0492
  3.0540
  3.0526
  3.0496
  3.0463
  3.0587
  3.0388
  3.0588
  3.0504
  3.0568
  3.0547
  3.0549
  3.0524
  3.0516
  3.0563
  3.0530
  3.0504
  3.0559
  3.0653
  3.0469
  3.0573
  3.0434
  3.0547
  3.0652
  3.0557
  3.0557
  3.0478
  3.0554
  3.0528
  3.0533
  3.0474
  3.0530
  3.0577
  3.0472
  3.0578
  3.0496
  3.0490
  3.0475
  3.0662
  3.0565
  3.0549
  3.0424
  3.0494
  3.0506
  3.0585
  3.0553
  3.0525
  3.0442
  3.0539
  3.0420
  3.0433
  3.0479
  3.0553
  3.0534
  3.0452
  3.0548
  3.0457
  3.0553
  3.0490
  3.0449
  3.0538
  3.0418
  3.0479
  3.0455
  3.0565
  3.0408
  3.0594
  3.0542
  3.0418
  3.0536
  3.0550
  3.0523
  3.0493
  3.0477
  3.0447
  3.0500
  3.0525
  3.0500
  3.0535
  3.0549
  3.0526
  3.0585
  3.0482
  3.0562
  3.0503
  3.0635
  3.0594
  3.0565
  3.0537
  3.0595
  3.0548
  3.0432
  3.0503
  3.0550
  3.0574
  3.0533
  3.0512
  3.0422
  3.0397
  3.0472
  3.0435
  3.0519
  3.0576
  3.0463
  3.0446
  3.0545
  3.0474
  3.0492
  3.0533
  3.0590
  3.0571
  3.0511
  3.0530
  3.0568
  3.0492
  3.0541
  3.0524
  3.0408
  3.0427
  3.0410
  3.0523
  3.0432
  3.0565
  3.0420
  3.0599
  3.0527
  3.0446
  3.0439
  3.0523
  3.0520
  3.0424
  3.0540
  3.0518
  3.0394
  3.0539
  3.0456
  3.0449
  3.0596
  3.0549
  3.0532
  3.0523
  3.0477
  3.0578
  3.0573
  3.0486
  3.0417
  3.0444
  3.0457
  3.0451
  3.0608
  3.0513
  3.0458
  3.0441
  3.0430
  3.0475
  3.0514
  3.0545
  3.0510
  3.0498
  3.0461
  3.0662
  3.0580
  3.0449
  3.0591
  3.0556
  3.0471
  3.0558
  3.0515
  3.0441
  3.0511
  3.0514
  3.0547
  3.0453
  3.0501
  3.0443
  3.0567
  3.0443
  3.0540
  3.0517
  3.0514
  3.0439
  3.0489
  3.0627
  3.0359
  3.0550
  3.0529
  3.0532
  3.0541
  3.0424
  3.0554
  3.0549
  3.0446
  3.0552
  3.0517
  3.0491
  3.0478
  3.0607
  3.0487
  3.0557
  3.0552
  3.0557
  3.0504
  3.0529
  3.0458
  3.0478
  3.0497
  3.0625
  3.0505
  3.0516
  3.0505
  3.0545
  3.0391
  3.0564
  3.0470
  3.0490
  3.0646
  3.0632
  3.0673
  3.0557
  3.0518
  3.0618
  3.0557
  3.0496
  3.0567
  3.0494
  3.0447
  3.0492
  3.0474
  3.0576
  3.0469
  3.0554
  3.0459
  3.0583
  3.0506
  3.0482
  3.0522
  3.0489
  3.0498
  3.0398
  3.0511
  3.0479
  3.0439
  3.0513
  3.0548
  3.0467
  3.0554
  3.0429
  3.0476
  3.0469
  3.0684
  3.0538
  3.0567
  3.0539
  3.0530
  3.0482
  3.0480
  3.0492
  3.0482
  3.0387
  3.0427
  3.0491
  3.0434
  3.0557
  3.0482
  3.0510
  3.0529
  3.0455
  3.0538
  3.0476
  3.0579
  3.0507
  3.0533
  3.0617
  3.0485
  3.0439
  3.0459
  3.0480
  3.0559
  3.0476
  3.0509
  3.0551
  3.0434
  3.0457
  3.0585
  3.0465
  3.0518
  3.0461
  3.0533
  3.0497
  3.0614
  3.0578
  3.0575
  3.0531
  3.0617
  3.0592
  3.0482
  3.0535
  3.0532
  3.0618
  3.0381
  3.0581
  3.0582
  3.0535
  3.0495
  3.0504
  3.0515
  3.0425
  3.0564
  3.0464
  3.0426
  3.0558
  3.0518
  3.0531
  3.0416
  3.0461
  3.0512
  3.0533
  3.0610
  3.0495
  3.0546
  3.0576
  3.0568
  3.0471
  3.0537
  3.0499
  3.0564
  3.0445
  3.0480
  3.0440
  3.0540
  3.0376
  3.0454
  3.0380
  3.0501
  3.0513
  3.0606
  3.0557
  3.0574
  3.0518
  3.0412
  3.0625
  3.0522
  3.0497
  3.0393
  3.0510
  3.0493
  3.0595
  3.0571
  3.0502
  3.0541
  3.0567
  3.0484
  3.0536
  3.0480
  3.0580
  3.0464
  3.0569
  3.0516
  3.0583
  3.0448
  3.0514
  3.0526
  3.0451
  3.0494
  3.0619
  3.0600
  3.0524
  3.0493
  3.0536
  3.0530
  3.0507
  3.0617
  3.0479
  3.0504
  3.0525
  3.0559
  3.0459
  3.0406
  3.0411
  3.0539
  3.0554
  3.0488
  3.0508
  3.0541
  3.0584
  3.0386
  3.0504
  3.0468
  3.0506
  3.0528
  3.0493
  3.0502
  3.0508
  3.0471
  3.0447
  3.0369
  3.0512
  3.0486
  3.0630
  3.0472
  3.0578
  3.0395
  3.0479
  3.0504
  3.0425
  3.0490
  3.0643
  3.0473
  3.0583
  3.0519
  3.0443
  3.0477
  3.0585
  3.0475
  3.0478
  3.0548
  3.0474
  3.0447
  3.0513
  3.0549
  3.0406
  3.0577
  3.0419
  3.0445
  3.0408
  3.0611
  3.0442
  3.0663
  3.0598
  3.0541
  3.0502
  3.0508
  3.0461
  3.0442
  3.0547
  3.0436
  3.0565
  3.0624
  3.0547
  3.0555
  3.0557
  3.0604
  3.0586
  3.0562
  3.0468
  3.0443
  3.0431
  3.0588
  3.0550
  3.0531
  3.0434
  3.0496
  3.0561
  3.0576
  3.0446
  3.0501
  3.0502
  3.0525
  3.0455
  3.0477
  3.0635
  3.0444
  3.0527
  3.0484
  3.0498
  3.0584
  3.0531
  3.0543
  3.0505
  3.0581
  3.0496
  3.0493
  3.0467
  3.0417
  3.0484
  3.0487
  3.0484
  3.0513
  3.0548
  3.0419
  3.0473
  3.0515
  3.0588
  3.0419
  3.0506
  3.0585
  3.0503
  3.0485
  3.0466
  3.0548
  3.0477
  3.0499
  3.0565
  3.0382
  3.0465
  3.0491
  3.0476
  3.0546
  3.0451
  3.0485
  3.0604
  3.0556
  3.0461
  3.0532
  3.0615
  3.0439
  3.0553
  3.0533
  3.0658
  3.0648
  3.0556
  3.0582
  3.0444
  3.0416
  3.0444
  3.0627
  3.0525
  3.0394
  3.0452
  3.0503
  3.0403
  3.0531
  3.0499
  3.0460
  3.0437
  3.0488
  3.0547
  3.0444
  3.0462
  3.0471
  3.0549
  3.0439
  3.0432
  3.0475
  3.0549
  3.0600
  3.0496
  3.0557
  3.0508
  3.0380
  3.0527
  3.0426
  3.0489
  3.0491
  3.0481
  3.0462
  3.0460
  3.0563
  3.0575
  3.0480
  3.0506
  3.0549
  3.0457
  3.0461
  3.0398
  3.0489
  3.0462
  3.0517
  3.0481
  3.0481
  3.0446
  3.0500
  3.0361
  3.0543
  3.0482
  3.0489
  3.0527
  3.0505
  3.0523
  3.0517
  3.0481
  3.0528
  3.0578
  3.0496
  3.0550
  3.0460
  3.0554
  3.0492
  3.0424
  3.0490
  3.0633
  3.0489
  3.0489
  3.0537
  3.0505
  3.0567
  3.0593
  3.0586
  3.0384
  3.0523
  3.0514
  3.0507
  3.0591
  3.0436
  3.0624
  3.0637
  3.0539
  3.0518
  3.0413
  3.0614
  3.0603
  3.0610
  3.0481
  3.0404
  3.0356
  3.0443
  3.0376
  3.0499
  3.0406
  3.0457
  3.0585
  3.0569
  3.0392
  3.0437
  3.0491
  3.0468
  3.0516
  3.0523
  3.0463
  3.0438
  3.0518
  3.0472
  3.0604
  3.0382
  3.0529
  3.0490
  3.0455
  3.0468
  3.0573
  3.0544
  3.0595
  3.0441
  3.0493
  3.0452
  3.0562
  3.0473
  3.0538
  3.0456
  3.0410
  3.0549
  3.0554
  3.0570
  3.0446
  3.0548
  3.0578
  3.0529
  3.0479
  3.0435
  3.0444
  3.0479
  3.0496
  3.0464
  3.0429
  3.0531
  3.0532
  3.0573
  3.0501
  3.0453
  3.0537
  3.0440
  3.0532
  3.0485
  3.0568
  3.0474
  3.0445
  3.0558
  3.0482
  3.0524
  3.0526
  3.0515
  3.0475
  3.0430
  3.0423
  3.0603
  3.0443
  3.0507
  3.0392
  3.0448
  3.0453
  3.0550
  3.0552
  3.0412
  3.0417
  3.0487
  3.0495
  3.0533
  3.0596
  3.0511
  3.0426
  3.0471
  3.0496
  3.0520
  3.0451
  3.0528
  3.0367
  3.0504
  3.0538
  3.0484
  3.0440
  3.0498
  3.0396
  3.0679
  3.0480
  3.0558
  3.0508
  3.0547
  3.0429
  3.0475
  3.0551
  3.0420
  3.0531
  3.0561
  3.0529
  3.0594
  3.0434
  3.0602
  3.0457
  3.0405
  3.0503
  3.0439
  3.0506
  3.0411
  3.0464
  3.0525
  3.0515
  3.0431
  3.0444
  3.0541
  3.0464
  3.0583
  3.0569
  3.0492
  3.0616
  3.0450
  3.0494
  3.0446
  3.0446
  3.0474
  3.0508
  3.0494
  3.0456
  3.0472
  3.0451
  3.0565
  3.0564
  3.0490
  3.0474
  3.0526
  3.0512
  3.0462
  3.0586
  3.0450
  3.0486
  3.0444
  3.0586
  3.0490
  3.0484
  3.0507
  3.0504
  3.0509
  3.0544
  3.0421
  3.0455
  3.0472
  3.0471
  3.0501
  3.0510
  3.0533
  3.0568
  3.0404
  3.0533
  3.0404
  3.0447
  3.0514
  3.0467
  3.0573
  3.0553
  3.0492
  3.0470
  3.0465
  3.0535
  3.0581
  3.0428
  3.0621
  3.0516
  3.0517
  3.0475
  3.0586
  3.0490
  3.0503
  3.0486
  3.0532
  3.0488
  3.0439
  3.0462
  3.0506
  3.0385
  3.0478
  3.0390
  3.0555
  3.0412
  3.0364
  3.0535
  3.0581
  3.0586
  3.0398
  3.0489
  3.0487
  3.0532
  3.0421
  3.0393
  3.0456
  3.0475
  3.0522
  3.0451
  3.0452
  3.0443
  3.0543
  3.0659
  3.0386
  3.0464
  3.0498
  3.0648
  3.0448
  3.0544
  3.0503
  3.0468
  3.0543
  3.0611
  3.0521
  3.0451
  3.0501
  3.0485
  3.0550
  3.0495
  3.0513
  3.0454
  3.0430
  3.0639
  3.0506
  3.0462
  3.0460
  3.0512
  3.0529
  3.0495
  3.0591
  3.0491
  3.0505
  3.0488
  3.0540
  3.0611
  3.0546
  3.0391
  3.0502
  3.0507
  3.0544
  3.0523
  3.0544
  3.0506
  3.0464
  3.0523
  3.0481
  3.0404
  3.0461
  3.0553
  3.0488
  3.0507
  3.0460
  3.0469
  3.0546
  3.0478
  3.0589
  3.0452
  3.0465
  3.0497
  3.0499
  3.0552
  3.0573
  3.0575
  3.0580
  3.0522
  3.0489
  3.0519
  3.0568
  3.0501
  3.0486
  3.0581
  3.0531
  3.0534
  3.0520
  3.0559
  3.0378
  3.0393
  3.0499
  3.0576
  3.0466
  3.0519
  3.0514
  3.0432
  3.0467
  3.0505
  3.0475
  3.0446
  3.0542
  3.0492
  3.0515
  3.0517
  3.0573
  3.0546
  3.0479
  3.0493
  3.0603
  3.0446
  3.0431
  3.0560
  3.0508
  3.0500
  3.0445
  3.0499
  3.0479
  3.0469
  3.0432
  3.0459
  3.0511
  3.0553
  3.0418
  3.0485
  3.0505
  3.0637
  3.0514
  3.0559
  3.0545
  3.0393
  3.0372
  3.0495
  3.0591
  3.0460
  3.0508
  3.0471
  3.0502
  3.0505
  3.0484
  3.0558
  3.0511
  3.0511
  3.0407
  3.0384
  3.0493
  3.0486
  3.0446
  3.0507
  3.0412
  3.0462
  3.0485
  3.0535
  3.0428
  3.0577
  3.0373
  3.0493
  3.0495
  3.0463
  3.0470
  3.0526
  3.0501
  3.0564
  3.0581
  3.0535
  3.0535
  3.0452
  3.0507
  3.0463
  3.0450
  3.0588
  3.0441
  3.0503
  3.0512
  3.0563
  3.0434
  3.0530
  3.0466
  3.0428
  3.0548
  3.0580
  3.0492
  3.0510
  3.0426
  3.0473
  3.0548
  3.0469
  3.0568
  3.0491
  3.0504
  3.0529
  3.0586
  3.0475
  3.0551
  3.0514
  3.0428
  3.0619
  3.0519
  3.0454
  3.0644
  3.0540
  3.0585
  3.0283
  3.0541
  3.0505
  3.0357
  3.0458
  3.0512
  3.0559
  3.0429
  3.0420
  3.0513
  3.0500
  3.0581
  3.0518
  3.0476
  3.0492
  3.0481
  3.0480
  3.0475
  3.0541
  3.0457
  3.0367
  3.0460
  3.0412
  3.0493
  3.0506
  3.0590
  3.0489
  3.0589
  3.0401
  3.0431
  3.0482
  3.0474
  3.0479
  3.0427
  3.0515
  3.0345
  3.0439
  3.0455
  3.0390
  3.0485
  3.0498
  3.0453
  3.0565
  3.0612
  3.0402
  3.0474
  3.0492
  3.0367
  3.0619
  3.0493
  3.0525
  3.0400
  3.0422
