C1431409.594598
Gadanki 14/03/2014 09:59:15 14/03/2014 09:59:46 0375 0079.2 0013.5 00
0000000 0020 0000600 0020 01
1 0 2 02000 1 0000 0030 00532.o 0 0 00 000 14 000600 0.500 BT0
532.000 .o analog 0 
  2.9574
 21.4904
 18.2981
 11.3396
 13.0967
 14.7775
 18.6058
 29.6583
 41.2619
 44.9702
 42.9969
 39.2431
 34.7849
 30.6917
 26.9678
 24.1248
 21.4859
 19.2914
 17.4319
 15.8694
 14.4770
 13.4371
 12.3965
 11.6172
 10.9348
 10.2359
  9.3595
  8.5109
  8.0551
  7.7985
  7.4470
  7.0298
  6.6018
  6.2474
  5.9921
  5.8923
  5.7307
  5.5589
  5.4389
  5.3175
  5.2248
  5.0888
  4.9242
  4.7953
  4.6438
  4.5750
  4.4402
  4.3538
  4.3436
  4.2584
  4.1544
  4.1297
  4.0856
  4.1106
  4.0902
  4.0220
  3.9466
  3.8977
  3.9187
  3.8825
  3.7893
  3.7176
  3.6983
  3.6862
  3.6490
  3.5835
  3.5443
  3.5608
  3.5414
  3.5038
  3.4832
  3.4456
  3.4235
  3.3888
  3.3915
  3.3796
  3.3651
  3.3408
  3.3296
  3.3288
  3.3475
  3.3673
  3.3474
  3.2746
  3.2446
  3.2333
  3.2356
  3.2115
  3.2122
  3.2080
  3.2051
  3.1840
  3.1656
  3.1780
  3.1601
  3.1631
  3.1506
  3.1598
  3.1550
  3.1452
  3.1404
  3.1360
  3.1277
  3.1257
  3.1203
  3.1277
  3.1193
  3.1095
  3.1109
  3.1048
  3.0987
  3.0975
  3.0944
  3.1010
  3.0978
  3.0936
  3.0894
  3.0828
  3.0811
  3.0851
  3.0728
  3.0760
  3.0700
  3.0615
  3.0715
  3.0646
  3.0702
  3.0612
  3.0582
  3.0523
  3.0470
  3.0442
  3.0518
  3.0527
  3.0570
  3.0475
  3.0525
  3.0582
  3.0400
  3.0481
  3.0407
  3.0527
  3.0400
  3.0458
  3.0412
  3.0214
  3.0440
  3.0426
  3.0338
  3.0302
  3.0310
  3.0308
  3.0319
  3.0291
  3.0221
  3.0385
  3.0272
  3.0244
  3.0234
  3.0154
  3.0079
  3.0156
  3.0011
  3.0293
  3.0156
  3.0109
  3.0101
  3.0191
  3.0123
  3.0074
  3.0113
  3.0144
  3.0054
  3.0146
  3.0125
  3.0105
  3.0083
  3.0222
  3.0062
  2.9998
  3.0074
  3.0025
  3.0029
  3.0023
  3.0079
  3.0058
  3.0076
  3.0029
  3.0028
  3.0113
  2.9989
  2.9907
  2.9906
  2.9978
  2.9955
  2.9939
  2.9998
  2.9993
  2.9930
  2.9872
  2.9939
  2.9863
  2.9846
  2.9913
  2.9905
  2.9859
  2.9880
  2.9974
  2.9888
  2.9895
  2.9996
  2.9932
  2.9881
  2.9843
  2.9916
  2.9866
  2.9936
  2.9818
  2.9892
  2.9862
  2.9812
  2.9897
  2.9911
  2.9826
  2.9807
  2.9860
  2.9850
  2.9922
  2.9851
  2.9896
  2.9903
  2.9834
  2.9846
  2.9836
  2.9956
  2.9842
  2.9807
  2.9851
  2.9761
  2.9847
  2.9851
  2.9783
  2.9840
  2.9866
  2.9721
  2.9877
  2.9831
  2.9804
  2.9801
  2.9811
  2.9772
  2.9781
  2.9800
  2.9819
  2.9774
  2.9745
  2.9739
  2.9734
  2.9802
  2.9734
  2.9814
  2.9739
  2.9804
  2.9761
  2.9775
  2.9822
  2.9775
  2.9689
  2.9774
  2.9770
  2.9757
  2.9753
  2.9805
  2.9723
  2.9701
  2.9696
  2.9788
  2.9831
  2.9790
  2.9665
  2.9849
  2.9702
  2.9780
  2.9703
  2.9824
  2.9820
  2.9758
  2.9660
  2.9709
  2.9697
  2.9815
  2.9702
  2.9691
  2.9769
  2.9730
  2.9832
  2.9724
  2.9747
  2.9734
  2.9752
  2.9746
  2.9640
  2.9589
  2.9798
  2.9823
  2.9686
  2.9715
  2.9741
  2.9714
  2.9707
  2.9786
  2.9751
  2.9595
  2.9857
  2.9762
  2.9650
  2.9650
  2.9703
  2.9721
  2.9692
  2.9623
  2.9655
  2.9757
  2.9781
  2.9692
  2.9700
  2.9677
  2.9805
  2.9770
  2.9739
  2.9685
  2.9698
  2.9720
  2.9683
  2.9729
  2.9767
  2.9606
  2.9709
  2.9637
  2.9816
  2.9646
  2.9760
  2.9648
  2.9822
  2.9722
  2.9746
  2.9745
  2.9696
  2.9671
  2.9729
  2.9726
  2.9678
  2.9730
  2.9768
  2.9720
  2.9744
  2.9690
  2.9767
  2.9710
  2.9657
  2.9618
  2.9764
  2.9640
  2.9737
  2.9678
  2.9766
  2.9668
  2.9684
  2.9728
  2.9555
  2.9699
  2.9704
  2.9860
  2.9676
  2.9785
  2.9554
  2.9673
  2.9721
  2.9680
  2.9677
  2.9754
  2.9781
  2.9670
  2.9612
  2.9684
  2.9647
  2.9739
  2.9759
  2.9696
  2.9754
  2.9653
  2.9690
  2.9669
  2.9616
  2.9678
  2.9735
  2.9745
  2.9584
  2.9742
  2.9677
  2.9652
  2.9729
  2.9721
  2.9751
  2.9682
  2.9620
  2.9601
  2.9591
  2.9786
  2.9699
  2.9673
  2.9708
  2.9633
  2.9748
  2.9642
  2.9770
  2.9670
  2.9672
  2.9770
  2.9687
  2.9669
  2.9651
  2.9600
  2.9712
  2.9623
  2.9724
  2.9632
  2.9660
  2.9655
  2.9713
  2.9604
  2.9675
  2.9667
  2.9626
  2.9606
  2.9656
  2.9647
  2.9721
  2.9653
  2.9700
  2.9682
  2.9737
  2.9719
  2.9724
  2.9631
  2.9695
  2.9625
  2.9632
  2.9723
  2.9685
  2.9672
  2.9664
  2.9625
  2.9652
  2.9615
  2.9689
  2.9682
  2.9742
  2.9873
  2.9718
  2.9819
  2.9604
  2.9631
  2.9589
  2.9651
  2.9666
  2.9700
  2.9625
  2.9696
  2.9609
  2.9606
  2.9587
  2.9654
  2.9660
  2.9655
  2.9706
  2.9633
  2.9765
  2.9708
  2.9604
  2.9627
  2.9617
  2.9665
  2.9709
  2.9701
  2.9714
  2.9683
  2.9740
  2.9590
  2.9582
  2.9764
  2.9720
  2.9669
  2.9695
  2.9638
  2.9584
  2.9581
  2.9657
  2.9545
  2.9654
  2.9707
  2.9704
  2.9744
  2.9616
  2.9679
  2.9617
  2.9692
  2.9619
  2.9656
  2.9685
  2.9624
  2.9801
  2.9566
  2.9594
  2.9681
  2.9624
  2.9519
  2.9652
  2.9651
  2.9678
  2.9748
  2.9787
  2.9756
  2.9718
  2.9633
  2.9656
  2.9750
  2.9578
  2.9694
  2.9609
  2.9650
  2.9538
  2.9694
  2.9620
  2.9759
  2.9619
  2.9608
  2.9606
  2.9640
  2.9588
  2.9559
  2.9607
  2.9572
  2.9738
  2.9643
  2.9604
  2.9675
  2.9673
  2.9642
  2.9616
  2.9678
  2.9613
  2.9708
  2.9721
  2.9615
  2.9647
  2.9624
  2.9604
  2.9554
  2.9597
  2.9609
  2.9652
  2.9727
  2.9654
  2.9587
  2.9495
  2.9694
  2.9602
  2.9706
  2.9653
  2.9705
  2.9640
  2.9733
  2.9671
  2.9610
  2.9630
  2.9716
  2.9660
  2.9674
  2.9846
  2.9590
  2.9647
  2.9639
  2.9569
  2.9636
  2.9650
  2.9738
  2.9669
  2.9685
  2.9724
  2.9656
  2.9649
  2.9681
  2.9578
  2.9720
  2.9670
  2.9600
  2.9614
  2.9691
  2.9529
  2.9759
  2.9661
  2.9609
  2.9568
  2.9589
  2.9694
  2.9677
  2.9653
  2.9635
  2.9696
  2.9671
  2.9685
  2.9699
  2.9628
  2.9642
  2.9593
  2.9621
  2.9721
  2.9640
  2.9618
  2.9645
  2.9719
  2.9650
  2.9691
  2.9644
  2.9619
  2.9657
  2.9653
  2.9617
  2.9758
  2.9600
  2.9655
  2.9680
  2.9591
  2.9573
  2.9686
  2.9612
  2.9790
  2.9680
  2.9648
  2.9677
  2.9615
  2.9609
  2.9592
  2.9603
  2.9670
  2.9762
  2.9650
  2.9595
  2.9618
  2.9645
  2.9683
  2.9616
  2.9744
  2.9638
  2.9809
  2.9670
  2.9623
  2.9686
  2.9577
  2.9518
  2.9659
  2.9727
  2.9578
  2.9662
  2.9692
  2.9644
  2.9696
  2.9653
  2.9542
  2.9573
  2.9662
  2.9722
  2.9642
  2.9696
  2.9608
  2.9598
  2.9610
  2.9648
  2.9612
  2.9583
  2.9668
  2.9682
  2.9608
  2.9653
  2.9593
  2.9683
  2.9636
  2.9683
  2.9704
  2.9554
  2.9700
  2.9668
  2.9721
  2.9792
  2.9683
  2.9690
  2.9597
  2.9688
  2.9674
  2.9609
  2.9440
  2.9676
  2.9537
  2.9667
  2.9622
  2.9732
  2.9547
  2.9714
  2.9553
  2.9637
  2.9666
  2.9623
  2.9562
  2.9641
  2.9665
  2.9734
  2.9709
  2.9606
  2.9627
  2.9506
  2.9619
  2.9579
  2.9616
  2.9673
  2.9660
  2.9682
  2.9591
  2.9655
  2.9737
  2.9601
  2.9638
  2.9537
  2.9716
  2.9560
  2.9647
  2.9660
  2.9596
  2.9522
  2.9665
  2.9756
  2.9713
  2.9585
  2.9657
  2.9665
  2.9753
  2.9696
  2.9647
  2.9627
  2.9598
  2.9617
  2.9685
  2.9646
  2.9560
  2.9621
  2.9663
  2.9612
  2.9600
  2.9692
  2.9536
  2.9601
  2.9705
  2.9619
  2.9670
  2.9550
  2.9654
  2.9695
  2.9665
  2.9631
  2.9675
  2.9667
  2.9647
  2.9576
  2.9604
  2.9674
  2.9752
  2.9662
  2.9622
  2.9625
  2.9698
  2.9744
  2.9659
  2.9686
  2.9642
  2.9731
  2.9661
  2.9686
  2.9665
  2.9674
  2.9714
  2.9760
  2.9602
  2.9876
  2.9767
  2.9707
  2.9665
  2.9748
  2.9659
  2.9643
  2.9618
  2.9535
  2.9681
  2.9761
  2.9685
  2.9737
  2.9595
  2.9696
  2.9653
  2.9694
  2.9703
  2.9598
  2.9631
  2.9750
  2.9677
  2.9644
  2.9604
  2.9555
  2.9592
  2.9641
  2.9585
  2.9635
  2.9734
  2.9595
  2.9626
  2.9716
  2.9651
  2.9686
  2.9691
  2.9698
  2.9760
  2.9665
  2.9610
  2.9639
  2.9694
  2.9611
  2.9677
  2.9564
  2.9644
  2.9651
  2.9630
  2.9567
  2.9696
  2.9570
  2.9665
  2.9584
  2.9662
  2.9665
  2.9670
  2.9621
  2.9696
  2.9616
  2.9711
  2.9634
  2.9626
  2.9648
  2.9662
  2.9582
  2.9644
  2.9606
  2.9559
  2.9554
  2.9736
  2.9776
  2.9653
  2.9655
  2.9649
  2.9647
  2.9612
  2.9631
  2.9610
  2.9592
  2.9593
  2.9667
  2.9661
  2.9648
  2.9694
  2.9624
  2.9626
  2.9687
  2.9561
  2.9775
  2.9677
  2.9666
  2.9604
  2.9711
  2.9624
  2.9619
  2.9581
  2.9664
  2.9614
  2.9621
  2.9568
  2.9622
  2.9664
  2.9647
  2.9642
  2.9621
  2.9693
  2.9690
  2.9661
  2.9702
  2.9656
  2.9656
  2.9722
  2.9600
  2.9564
  2.9687
  2.9644
  2.9608
  2.9597
  2.9722
  2.9662
  2.9717
  2.9586
  2.9547
  2.9690
  2.9696
  2.9618
  2.9653
  2.9592
  2.9667
  2.9617
  2.9610
  2.9607
  2.9666
  2.9623
  2.9648
  2.9569
  2.9560
  2.9655
  2.9643
  2.9624
  2.9723
  2.9729
  2.9668
  2.9531
  2.9633
  2.9634
  2.9784
  2.9635
  2.9597
  2.9615
  2.9614
  2.9661
  2.9635
  2.9678
  2.9677
  2.9682
  2.9654
  2.9703
  2.9653
  2.9625
  2.9638
  2.9603
  2.9589
  2.9606
  2.9620
  2.9668
  2.9661
  2.9562
  2.9691
  2.9646
  2.9644
  2.9639
  2.9588
  2.9637
  2.9554
  2.9608
  2.9593
  2.9642
  2.9669
  2.9625
  2.9617
  2.9603
  2.9485
  2.9559
  2.9593
  2.9691
  2.9648
  2.9547
  2.9653
  2.9625
  2.9683
  2.9689
  2.9625
  2.9747
  2.9741
  2.9552
  2.9532
  2.9561
  2.9530
  2.9712
  2.9620
  2.9580
  2.9691
  2.9598
  2.9576
  2.9542
  2.9571
  2.9660
  2.9631
  2.9608
  2.9545
  2.9631
  2.9569
  2.9613
  2.9694
  2.9610
  2.9729
  2.9566
  2.9542
  2.9728
  2.9527
  2.9587
  2.9559
  2.9669
  2.9727
  2.9537
  2.9734
  2.9659
  2.9644
  2.9668
  2.9693
  2.9610
  2.9576
  2.9616
  2.9700
  2.9683
  2.9627
  2.9633
  2.9600
  2.9612
  2.9642
  2.9767
  2.9719
  2.9577
  2.9632
  2.9533
  2.9543
  2.9624
  2.9743
  2.9666
  2.9638
  2.9610
  2.9521
  2.9636
  2.9721
  2.9667
  2.9719
  2.9611
  2.9649
  2.9692
  2.9581
  2.9607
  2.9538
  2.9580
  2.9657
  2.9614
  2.9685
  2.9630
  2.9666
  2.9603
  2.9601
  2.9538
  2.9626
  2.9588
  2.9718
  2.9557
  2.9678
  2.9648
  2.9669
  2.9719
  2.9620
  2.9568
  2.9656
  2.9561
  2.9722
  2.9671
  2.9717
  2.9665
  2.9636
  2.9700
  2.9750
  2.9632
  2.9618
  2.9634
  2.9676
  2.9679
  2.9691
  2.9610
  2.9688
  2.9634
  2.9626
  2.9534
  2.9686
  2.9638
  2.9604
  2.9658
  2.9618
  2.9709
  2.9614
  2.9587
  2.9766
  2.9678
  2.9630
  2.9640
  2.9692
  2.9641
  2.9508
  2.9668
  2.9698
  2.9624
  2.9576
  2.9676
  2.9686
  2.9558
  2.9622
  2.9660
  2.9686
  2.9667
  2.9613
  2.9700
  2.9692
  2.9646
  2.9634
  2.9592
  2.9663
  2.9703
  2.9559
  2.9621
  2.9636
  2.9625
  2.9714
  2.9651
  2.9641
  2.9679
  2.9617
  2.9718
  2.9595
  2.9526
  2.9578
  2.9694
  2.9646
  2.9663
  2.9726
  2.9702
  2.9617
  2.9692
  2.9673
  2.9631
  2.9675
  2.9535
  2.9677
  2.9734
  2.9700
  2.9601
  2.9499
  2.9616
  2.9683
  2.9578
  2.9571
  2.9736
  2.9656
  2.9718
  2.9604
  2.9606
  2.9614
  2.9682
  2.9643
  2.9660
  2.9667
  2.9637
  2.9555
  2.9592
  2.9652
  2.9661
  2.9716
  2.9710
  2.9665
  2.9624
  2.9657
  2.9652
  2.9556
  2.9665
  2.9617
  2.9567
  2.9588
  2.9658
  2.9639
  2.9585
  2.9584
  2.9619
  2.9629
  2.9648
  2.9663
  2.9602
  2.9751
  2.9568
  2.9680
  2.9601
  2.9648
  2.9669
  2.9728
  2.9663
  2.9570
  2.9663
  2.9589
  2.9599
  2.9715
  2.9650
  2.9675
  2.9625
  2.9705
  2.9665
  2.9689
  2.9704
  2.9642
  2.9798
  2.9571
  2.9625
  2.9607
  2.9652
  2.9623
  2.9647
  2.9616
  2.9636
  2.9684
  2.9772
  2.9642
  2.9611
  2.9664
  2.9549
  2.9578
  2.9686
  2.9669
  2.9674
  2.9557
  2.9608
  2.9568
  2.9562
  2.9581
  2.9682
  2.9626
  2.9747
  2.9651
  2.9570
  2.9706
  2.9661
  2.9699
  2.9608
  2.9598
  2.9670
  2.9530
  2.9585
  2.9551
  2.9619
  2.9569
  2.9505
  2.9631
  2.9637
  2.9635
  2.9631
  2.9632
  2.9695
  2.9751
  2.9699
  2.9649
  2.9544
  2.9648
  2.9569
  2.9633
  2.9622
  2.9613
  2.9667
  2.9628
  2.9594
  2.9684
  2.9513
  2.9679
  2.9675
  2.9662
  2.9624
  2.9711
  2.9695
  2.9600
  2.9680
  2.9590
  2.9591
  2.9632
  2.9637
  2.9703
  2.9580
  2.9603
  2.9584
  2.9742
  2.9580
  2.9643
  2.9596
  2.9659
  2.9633
  2.9681
  2.9696
  2.9547
  2.9596
  2.9557
  2.9666
  2.9616
  2.9722
  2.9603
  2.9647
  2.9651
  2.9714
  2.9657
  2.9609
  2.9690
  2.9674
  2.9560
  2.9622
  2.9736
  2.9637
  2.9635
  2.9677
  2.9642
  2.9595
  2.9630
  2.9588
  2.9625
  2.9632
  2.9594
  2.9522
  2.9644
  2.9471
  2.9558
  2.9668
  2.9644
  2.9497
  2.9619
  2.9628
  2.9557
  2.9583
  2.9672
  2.9720
  2.9623
  2.9592
  2.9549
  2.9600
  2.9594
  2.9600
  2.9564
  2.9691
  2.9550
  2.9584
  2.9636
  2.9673
  2.9615
  2.9524
  2.9580
  2.9679
  2.9644
  2.9706
  2.9702
  2.9643
  2.9641
  2.9666
  2.9589
  2.9528
  2.9722
  2.9673
  2.9649
  2.9674
  2.9527
  2.9733
  2.9677
  2.9498
  2.9664
  2.9694
  2.9701
  2.9690
  2.9700
  2.9683
  2.9637
  2.9614
  2.9653
  2.9638
  2.9748
  2.9634
  2.9632
  2.9579
  2.9628
  2.9601
  2.9630
  2.9564
  2.9709
  2.9736
  2.9631
  2.9631
  2.9694
  2.9529
  2.9610
  2.9715
  2.9635
  2.9597
  2.9647
  2.9655
  2.9636
  2.9590
  2.9633
  2.9672
  2.9623
  2.9727
  2.9574
  2.9612
  2.9611
  2.9671
  2.9518
  2.9684
  2.9685
  2.9565
  2.9620
  2.9635
  2.9592
  2.9502
  2.9651
  2.9653
  2.9696
  2.9601
  2.9707
  2.9694
  2.9657
  2.9721
  2.9559
  2.9705
  2.9585
  2.9575
  2.9613
  2.9512
  2.9572
  2.9696
  2.9694
  2.9677
  2.9666
  2.9645
  2.9736
  2.9585
  2.9691
  2.9600
  2.9566
  2.9648
  2.9693
  2.9628
  2.9658
  2.9739
  2.9714
  2.9643
  2.9551
  2.9648
  2.9633
  2.9581
  2.9562
  2.9632
  2.9642
  2.9783
  2.9714
  2.9632
  2.9606
  2.9615
  2.9614
  2.9759
  2.9680
  2.9529
  2.9696
  2.9615
  2.9661
  2.9580
  2.9725
  2.9670
  2.9563
  2.9564
  2.9561
  2.9645
  2.9624
  2.9555
  2.9620
  2.9637
  2.9660
  2.9605
  2.9566
  2.9653
  2.9606
  2.9639
  2.9647
  2.9689
  2.9491
  2.9572
  2.9712
  2.9577
  2.9665
  2.9759
  2.9545
  2.9613
  2.9631
  2.9700
  2.9621
  2.9692
  2.9644
  2.9586
  2.9581
  2.9546
  2.9543
  2.9579
  2.9589
  2.9598
  2.9689
  2.9611
  2.9661
  2.9610
  2.9502
  2.9635
  2.9659
  2.9694
  2.9702
  2.9584
  2.9608
  2.9644
  2.9639
  2.9638
  2.9729
  2.9541
  2.9657
  2.9602
  2.9614
  2.9545
  2.9606
  2.9743
  2.9705
  2.9673
  2.9637
  2.9617
  2.9576
  2.9560
  2.9554
  2.9543
  2.9601
  2.9702
  2.9610
  2.9531
  2.9608
  2.9572
  2.9767
  2.9618
  2.9649
  2.9664
  2.9630
  2.9519
  2.9550
  2.9608
  2.9601
  2.9686
  2.9572
  2.9673
  2.9723
  2.9566
  2.9578
  2.9725
  2.9706
  2.9608
  2.9618
  2.9637
  2.9732
  2.9714
  2.9678
  2.9723
  2.9472
  2.9650
  2.9613
  2.9597
  2.9684
  2.9624
  2.9609
  2.9688
  2.9722
  2.9621
  2.9549
  2.9688
  2.9571
  2.9601
  2.9673
  2.9710
  2.9591
  2.9674
  2.9599
  2.9573
  2.9580
  2.9514
  2.9628
  2.9667
  2.9623
  2.9541
  2.9545
  2.9689
  2.9573
  2.9550
  2.9663
  2.9687
  2.9634
  2.9588
  2.9661
  2.9804
  2.9636
  2.9652
  2.9619
  2.9607
  2.9567
  2.9577
  2.9627
  2.9602
  2.9606
  2.9659
  2.9673
  2.9748
  2.9674
  2.9576
  2.9665
  2.9629
  2.9716
  2.9667
  2.9582
  2.9694
  2.9650
  2.9707
  2.9690
  2.9663
  2.9518
  2.9669
  2.9582
  2.9609
  2.9616
  2.9667
  2.9649
  2.9537
  2.9632
  2.9662
  2.9662
  2.9698
  2.9611
  2.9589
  2.9708
  2.9642
  2.9584
  2.9587
  2.9708
  2.9728
  2.9636
  2.9678
  2.9580
  2.9568
  2.9712
  2.9606
  2.9585
  2.9675
  2.9586
  2.9578
  2.9558
  2.9640
  2.9582
  2.9651
  2.9666
  2.9519
  2.9666
  2.9606
  2.9614
  2.9703
  2.9639
  2.9618
  2.9659
  2.9560
  2.9638
  2.9591
  2.9638
  2.9651
  2.9596
  2.9560
  2.9573
  2.9544
  2.9598
  2.9681
  2.9663
  2.9673
  2.9700
  2.9602
  2.9527
  2.9617
  2.9582
  2.9631
  2.9676
  2.9654
  2.9616
  2.9745
  2.9614
  2.9664
  2.9714
  2.9602
  2.9623
  2.9560
  2.9540
  2.9537
  2.9586
  2.9616
  2.9659
  2.9607
  2.9636
  2.9644
  2.9669
  2.9682
  2.9734
  2.9597
  2.9601
  2.9695
  2.9767
  2.9577
  2.9606
  2.9580
  2.9557
  2.9633
  2.9664
  2.9687
  2.9567
  2.9601
  2.9600
  2.9564
  2.9637
  2.9598
  2.9623
  2.9600
  2.9660
  2.9655
  2.9604
  2.9719
  2.9578
  2.9656
  2.9693
  2.9734
  2.9614
  2.9549
  2.9708
  2.9597
  2.9562
  2.9554
  2.9720
  2.9751
  2.9701
  2.9653
  2.9649
  2.9636
  2.9623
  2.9607
  2.9701
  2.9660
  2.9562
  2.9462
  2.9785
  2.9640
  2.9691
  2.9618
  2.9602
  2.9682
  2.9567
  2.9680
  2.9587
  2.9721
  2.9627
  2.9642
  2.9645
  2.9691
  2.9637
  2.9598
  2.9715
  2.9686
  2.9629
  2.9530
  2.9625
  2.9622
  2.9702
  2.9628
  2.9607
  2.9677
  2.9707
  2.9615
  2.9692
  2.9609
  2.9735
  2.9574
  2.9675
  2.9752
  2.9654
  2.9738
  2.9672
  2.9657
  2.9665
  2.9702
  2.9633
  2.9635
  2.9697
  2.9500
  2.9671
  2.9596
  2.9670
  2.9608
  2.9567
  2.9657
  2.9593
  2.9539
  2.9552
  2.9630
  2.9630
  2.9664
  2.9566
  2.9614
  2.9650
  2.9687
  2.9630
  2.9627
  2.9723
  2.9603
  2.9698
  2.9587
  2.9669
  2.9642
  2.9584
  2.9733
  2.9600
  2.9671
  2.9640
  2.9692
  2.9749
  2.9598
  2.9651
  2.9612
  2.9677
  2.9698
  2.9721
  2.9674
  2.9664
  2.9754
  2.9626
  2.9657
  2.9681
  2.9632
  2.9709
  2.9566
  2.9610
  2.9674
  2.9660
  2.9593
  2.9559
  2.9568
  2.9665
  2.9547
  2.9574
  2.9555
  2.9655
  2.9542
  2.9621
  2.9600
  2.9600
  2.9617
  2.9602
  2.9665
  2.9740
  2.9589
  2.9671
  2.9661
  2.9648
  2.9678
  2.9641
  2.9679
  2.9498
  2.9590
  2.9666
  2.9700
  2.9650
  2.9684
  2.9562
  2.9649
  2.9659
  2.9642
  2.9648
  2.9673
  2.9566
  2.9566
  2.9636
  2.9686
  2.9649
  2.9683
  2.9608
  2.9615
  2.9688
  2.9751
  2.9730
  2.9602
  2.9495
  2.9648
  2.9660
  2.9641
  2.9666
  2.9642
  2.9696
  2.9706
  2.9620
  2.9568
  2.9625
  2.9622
  2.9657
  2.9708
  2.9667
  2.9619
  2.9735
  2.9603
  2.9601
  2.9812
  2.9607
  2.9637
  2.9673
  2.9590
  2.9663
  2.9737
  2.9637
  2.9641
  2.9576
  2.9573
  2.9670
  2.9620
  2.9612
  2.9620
  2.9753
  2.9679
  2.9827
  2.9612
  2.9518
  2.9560
  2.9591
  2.9618
  2.9596
  2.9647
  2.9596
  2.9732
  2.9593
  2.9639
  2.9617
  2.9675
  2.9627
  2.9786
  2.9669
  2.9695
  2.9650
  2.9636
  2.9610
  2.9580
  2.9606
  2.9606
  2.9670
  2.9597
  2.9542
  2.9639
  2.9616
  2.9674
  2.9607
  2.9572
  2.9687
  2.9549
  2.9573
  2.9667
  2.9606
  2.9674
  2.9636
  2.9681
  2.9685
  2.9604
  2.9705
  2.9562
  2.9660
  2.9616
  2.9612
  2.9671
  2.9650
  2.9596
  2.9581
  2.9576
  2.9704
  2.9490
  2.9662
  2.9664
  2.9626
  2.9689
  2.9697
  2.9642
  2.9612
  2.9656
  2.9602
  2.9681
