C1431410.153140
Gadanki 14/03/2014 10:15:01 14/03/2014 10:15:31 0375 0079.2 0013.5 00
0000000 0020 0000600 0020 01
1 0 2 02000 1 0000 0030 00532.o 0 0 00 000 14 000600 0.500 BT0
532.000 .o analog 0 
  3.1103
 21.3441
 18.5573
 11.1577
 12.2497
 13.8493
 17.4660
 27.8538
 38.4751
 41.6565
 39.6286
 36.2103
 32.7019
 29.8414
 27.1662
 24.2657
 21.4591
 19.5451
 17.7097
 16.2818
 14.9871
 13.9305
 12.9696
 12.0126
 11.3202
 10.6683
 10.0395
  9.4997
  8.9935
  8.5040
  8.0073
  7.6031
  7.3013
  7.0199
  6.7255
  6.4994
  6.1177
  5.8545
  5.5717
  5.4199
  5.2587
  5.1365
  5.0155
  4.9035
  4.8324
  4.7129
  4.5976
  4.5132
  4.4389
  4.4268
  4.3561
  4.2681
  4.1879
  4.1489
  4.1216
  4.1416
  4.1173
  4.0231
  3.9778
  4.0226
  3.9882
  3.9459
  3.8675
  3.7995
  3.8011
  3.7901
  3.7367
  3.6995
  3.7002
  3.6783
  3.6508
  3.6290
  3.6098
  3.5686
  3.5300
  3.5264
  3.5195
  3.5109
  3.4962
  3.4724
  3.4840
  3.5249
  3.5215
  3.4636
  3.4040
  3.4089
  3.4014
  3.3963
  3.3858
  3.3699
  3.3612
  3.3536
  3.3518
  3.3362
  3.3331
  3.3266
  3.3271
  3.3193
  3.3169
  3.3087
  3.3057
  3.3014
  3.3016
  3.2792
  3.2851
  3.2810
  3.2734
  3.2760
  3.2825
  3.2753
  3.2692
  3.2660
  3.2641
  3.2530
  3.2553
  3.2428
  3.2416
  3.2374
  3.2464
  3.2505
  3.2327
  3.2437
  3.2407
  3.2329
  3.2187
  3.2232
  3.2266
  3.2282
  3.2172
  3.2188
  3.2137
  3.2212
  3.2248
  3.2127
  3.2100
  3.2086
  3.2069
  3.2094
  3.2184
  3.2088
  3.2031
  3.2029
  3.1999
  3.2061
  3.2029
  3.1960
  3.1788
  3.1958
  3.1951
  3.1961
  3.1832
  3.2047
  3.1935
  3.1924
  3.1846
  3.1919
  3.1841
  3.1994
  3.1798
  3.1764
  3.1851
  3.1847
  3.1671
  3.1779
  3.1745
  3.1770
  3.1813
  3.1737
  3.1879
  3.1699
  3.1803
  3.1767
  3.1788
  3.1737
  3.1688
  3.1669
  3.1735
  3.1630
  3.1722
  3.1641
  3.1710
  3.1716
  3.1650
  3.1709
  3.1599
  3.1592
  3.1627
  3.1537
  3.1603
  3.1592
  3.1628
  3.1623
  3.1575
  3.1535
  3.1615
  3.1521
  3.1594
  3.1508
  3.1596
  3.1636
  3.1542
  3.1497
  3.1537
  3.1654
  3.1646
  3.1584
  3.1575
  3.1450
  3.1493
  3.1459
  3.1578
  3.1571
  3.1537
  3.1498
  3.1495
  3.1491
  3.1588
  3.1578
  3.1449
  3.1532
  3.1292
  3.1462
  3.1467
  3.1529
  3.1452
  3.1475
  3.1566
  3.1395
  3.1594
  3.1534
  3.1475
  3.1439
  3.1388
  3.1395
  3.1441
  3.1434
  3.1454
  3.1570
  3.1473
  3.1521
  3.1577
  3.1474
  3.1582
  3.1436
  3.1581
  3.1509
  3.1459
  3.1454
  3.1453
  3.1407
  3.1462
  3.1279
  3.1365
  3.1410
  3.1384
  3.1421
  3.1356
  3.1406
  3.1375
  3.1434
  3.1320
  3.1308
  3.1527
  3.1377
  3.1438
  3.1519
  3.1355
  3.1374
  3.1442
  3.1323
  3.1376
  3.1430
  3.1460
  3.1433
  3.1368
  3.1436
  3.1483
  3.1417
  3.1488
  3.1342
  3.1409
  3.1302
  3.1243
  3.1350
  3.1472
  3.1291
  3.1344
  3.1323
  3.1411
  3.1323
  3.1348
  3.1359
  3.1313
  3.1330
  3.1429
  3.1479
  3.1370
  3.1361
  3.1273
  3.1331
  3.1479
  3.1366
  3.1363
  3.1378
  3.1296
  3.1336
  3.1302
  3.1370
  3.1330
  3.1319
  3.1407
  3.1500
  3.1392
  3.1421
  3.1448
  3.1441
  3.1292
  3.1292
  3.1366
  3.1494
  3.1288
  3.1362
  3.1376
  3.1334
  3.1300
  3.1383
  3.1295
  3.1328
  3.1456
  3.1364
  3.1362
  3.1354
  3.1326
  3.1387
  3.1311
  3.1383
  3.1377
  3.1379
  3.1336
  3.1320
  3.1420
  3.1300
  3.1366
  3.1393
  3.1464
  3.1341
  3.1197
  3.1269
  3.1291
  3.1281
  3.1395
  3.1313
  3.1327
  3.1397
  3.1412
  3.1285
  3.1324
  3.1237
  3.1329
  3.1237
  3.1271
  3.1209
  3.1285
  3.1301
  3.1265
  3.1159
  3.1292
  3.1318
  3.1218
  3.1330
  3.1381
  3.1415
  3.1376
  3.1245
  3.1267
  3.1328
  3.1356
  3.1293
  3.1262
  3.1445
  3.1300
  3.1374
  3.1187
  3.1375
  3.1333
  3.1251
  3.1429
  3.1373
  3.1386
  3.1286
  3.1284
  3.1284
  3.1317
  3.1287
  3.1305
  3.1347
  3.1325
  3.1292
  3.1407
  3.1214
  3.1230
  3.1394
  3.1265
  3.1301
  3.1318
  3.1325
  3.1270
  3.1288
  3.1306
  3.1256
  3.1216
  3.1215
  3.1301
  3.1255
  3.1221
  3.1272
  3.1291
  3.1222
  3.1347
  3.1197
  3.1276
  3.1301
  3.1277
  3.1253
  3.1379
  3.1304
  3.1331
  3.1436
  3.1299
  3.1244
  3.1247
  3.1374
  3.1204
  3.1299
  3.1189
  3.1243
  3.1174
  3.1311
  3.1298
  3.1320
  3.1233
  3.1293
  3.1282
  3.1260
  3.1243
  3.1384
  3.1255
  3.1325
  3.1242
  3.1308
  3.1388
  3.1273
  3.1285
  3.1349
  3.1412
  3.1189
  3.1327
  3.1362
  3.1238
  3.1335
  3.1139
  3.1207
  3.1299
  3.1204
  3.1272
  3.1150
  3.1230
  3.1331
  3.1169
  3.1336
  3.1334
  3.1381
  3.1325
  3.1340
  3.1384
  3.1329
  3.1344
  3.1269
  3.1297
  3.1254
  3.1346
  3.1359
  3.1264
  3.1281
  3.1322
  3.1361
  3.1238
  3.1354
  3.1210
  3.1337
  3.1262
  3.1349
  3.1290
  3.1229
  3.1185
  3.1271
  3.1372
  3.1291
  3.1299
  3.1269
  3.1438
  3.1349
  3.1229
  3.1210
  3.1263
  3.1313
  3.1263
  3.1236
  3.1297
  3.1374
  3.1311
  3.1317
  3.1263
  3.1207
  3.1228
  3.1283
  3.1248
  3.1308
  3.1324
  3.1305
  3.1307
  3.1273
  3.1315
  3.1360
  3.1293
  3.1243
  3.1293
  3.1283
  3.1219
  3.1254
  3.1287
  3.1263
  3.1347
  3.1279
  3.1205
  3.1311
  3.1221
  3.1343
  3.1390
  3.1361
  3.1219
  3.1364
  3.1311
  3.1250
  3.1328
  3.1333
  3.1241
  3.1341
  3.1253
  3.1235
  3.1337
  3.1205
  3.1345
  3.1269
  3.1228
  3.1243
  3.1276
  3.1279
  3.1291
  3.1305
  3.1328
  3.1269
  3.1286
  3.1294
  3.1308
  3.1254
  3.1324
  3.1200
  3.1295
  3.1274
  3.1259
  3.1322
  3.1252
  3.1264
  3.1335
  3.1224
  3.1321
  3.1295
  3.1316
  3.1239
  3.1291
  3.1231
  3.1355
  3.1272
  3.1295
  3.1275
  3.1364
  3.1342
  3.1290
  3.1281
  3.1263
  3.1276
  3.1284
  3.1270
  3.1184
  3.1257
  3.1350
  3.1252
  3.1240
  3.1210
  3.1249
  3.1179
  3.1278
  3.1275
  3.1291
  3.1228
  3.1353
  3.1271
  3.1223
  3.1353
  3.1158
  3.1388
  3.1321
  3.1290
  3.1368
  3.1223
  3.1248
  3.1350
  3.1273
  3.1368
  3.1342
  3.1289
  3.1298
  3.1271
  3.1256
  3.1248
  3.1387
  3.1152
  3.1144
  3.1316
  3.1340
  3.1293
  3.1212
  3.1262
  3.1337
  3.1360
  3.1316
  3.1288
  3.1172
  3.1194
  3.1332
  3.1429
  3.1173
  3.1279
  3.1300
  3.1294
  3.1319
  3.1373
  3.1333
  3.1306
  3.1255
  3.1357
  3.1313
  3.1348
  3.1276
  3.1285
  3.1205
  3.1385
  3.1267
  3.1257
  3.1217
  3.1171
  3.1319
  3.1331
  3.1250
  3.1205
  3.1355
  3.1154
  3.1204
  3.1147
  3.1303
  3.1319
  3.1355
  3.1240
  3.1296
  3.1282
  3.1218
  3.1274
  3.1273
  3.1425
  3.1214
  3.1296
  3.1208
  3.1244
  3.1327
  3.1268
  3.1256
  3.1131
  3.1236
  3.1158
  3.1209
  3.1150
  3.1157
  3.1136
  3.1252
  3.1275
  3.1254
  3.1115
  3.1241
  3.1228
  3.1111
  3.1251
  3.1335
  3.1283
  3.1234
  3.1165
  3.1355
  3.1180
  3.1204
  3.1336
  3.1196
  3.1201
  3.1194
  3.1330
  3.1109
  3.1254
  3.1216
  3.1387
  3.1306
  3.1322
  3.1322
  3.1313
  3.1239
  3.1286
  3.1287
  3.1344
  3.1284
  3.1202
  3.1301
  3.1332
  3.1259
  3.1442
  3.1171
  3.1374
  3.1281
  3.1277
  3.1228
  3.1373
  3.1147
  3.1292
  3.1149
  3.1237
  3.1330
  3.1216
  3.1273
  3.1248
  3.1147
  3.1288
  3.1241
  3.1260
  3.1234
  3.1192
  3.1199
  3.1280
  3.1305
  3.1305
  3.1185
  3.1248
  3.1225
  3.1273
  3.1264
  3.1335
  3.1298
  3.1217
  3.1289
  3.1219
  3.1297
  3.1308
  3.1253
  3.1269
  3.1148
  3.1297
  3.1286
  3.1355
  3.1308
  3.1253
  3.1290
  3.1322
  3.1345
  3.1248
  3.1271
  3.1222
  3.1292
  3.1253
  3.1260
  3.1234
  3.1276
  3.1237
  3.1228
  3.1184
  3.1252
  3.1229
  3.1386
  3.1219
  3.1246
  3.1276
  3.1339
  3.1204
  3.1266
  3.1276
  3.1323
  3.1143
  3.1194
  3.1130
  3.1179
  3.1248
  3.1255
  3.1262
  3.1313
  3.1233
  3.1228
  3.1243
  3.1248
  3.1244
  3.1351
  3.1097
  3.1246
  3.1362
  3.1144
  3.1156
  3.1343
  3.1262
  3.1256
  3.1247
  3.1312
  3.1204
  3.1174
  3.1249
  3.1192
  3.1316
  3.1199
  3.1408
  3.1190
  3.1165
  3.1217
  3.1151
  3.1322
  3.1283
  3.1213
  3.1262
  3.1280
  3.1281
  3.1227
  3.1186
  3.1222
  3.1244
  3.1166
  3.1261
  3.1178
  3.1331
  3.1287
  3.1137
  3.1172
  3.1323
  3.1217
  3.1293
  3.1303
  3.1326
  3.1240
  3.1271
  3.1204
  3.1229
  3.1166
  3.1126
  3.1218
  3.1149
  3.1175
  3.1198
  3.1342
  3.1390
  3.1256
  3.1290
  3.1220
  3.1268
  3.1261
  3.1221
  3.1355
  3.1269
  3.1300
  3.1276
  3.1222
  3.1285
  3.1245
  3.1203
  3.1224
  3.1335
  3.1224
  3.1360
  3.1290
  3.1291
  3.1280
  3.1300
  3.1300
  3.1245
  3.1235
  3.1320
  3.1259
  3.1236
  3.1101
  3.1222
  3.1349
  3.1294
  3.1241
  3.1184
  3.1420
  3.1163
  3.1277
  3.1256
  3.1209
  3.1274
  3.1246
  3.1299
  3.1200
  3.1305
  3.1419
  3.1273
  3.1214
  3.1281
  3.1307
  3.1304
  3.1296
  3.1252
  3.1211
  3.1276
  3.1371
  3.1254
  3.1348
  3.1387
  3.1304
  3.1184
  3.1222
  3.1227
  3.1292
  3.1338
  3.1307
  3.1290
  3.1368
  3.1233
  3.1175
  3.1272
  3.1258
  3.1192
  3.1232
  3.1315
  3.1253
  3.1155
  3.1259
  3.1351
  3.1122
  3.1342
  3.1303
  3.1294
  3.1284
  3.1296
  3.1300
  3.1330
  3.1246
  3.1241
  3.1203
  3.1249
  3.1324
  3.1100
  3.1284
  3.1328
  3.1196
  3.1189
  3.1322
  3.1271
  3.1254
  3.1315
  3.1310
  3.1295
  3.1255
  3.1143
  3.1274
  3.1379
  3.1074
  3.1190
  3.1179
  3.1299
  3.1254
  3.1184
  3.1146
  3.1230
  3.1264
  3.1157
  3.1314
  3.1278
  3.1272
  3.1308
  3.1344
  3.1279
  3.1275
  3.1263
  3.1223
  3.1227
  3.1263
  3.1360
  3.1269
  3.1259
  3.1160
  3.1239
  3.1211
  3.1224
  3.1184
  3.1401
  3.1285
  3.1312
  3.1265
  3.1220
  3.1236
  3.1176
  3.1231
  3.1209
  3.1202
  3.1294
  3.1377
  3.1295
  3.1097
  3.1212
  3.1265
  3.1235
  3.1146
  3.1283
  3.1349
  3.1241
  3.1273
  3.1269
  3.1284
  3.1325
  3.1249
  3.1249
  3.1245
  3.1194
  3.1232
  3.1170
  3.1357
  3.1204
  3.1258
  3.1364
  3.1248
  3.1236
  3.1364
  3.1263
  3.1341
  3.1314
  3.1174
  3.1238
  3.1389
  3.1300
  3.1321
  3.1252
  3.1286
  3.1198
  3.1168
  3.1198
  3.1155
  3.1143
  3.1251
  3.1142
  3.1272
  3.1288
  3.1266
  3.1307
  3.1215
  3.1213
  3.1321
  3.1256
  3.1122
  3.1246
  3.1396
  3.1231
  3.1185
  3.1238
  3.1194
  3.1224
  3.1222
  3.1309
  3.1268
  3.1147
  3.1332
  3.1300
  3.1286
  3.1251
  3.1281
  3.1278
  3.1255
  3.1287
  3.1281
  3.1295
  3.1339
  3.1282
  3.1227
  3.1157
  3.1242
  3.1092
  3.1222
  3.1257
  3.1329
  3.1295
  3.1194
  3.1272
  3.1244
  3.1174
  3.1259
  3.1235
  3.1288
  3.1336
  3.1253
  3.1313
  3.1142
  3.1214
  3.1313
  3.1207
  3.1230
  3.1231
  3.1311
  3.1335
  3.1411
  3.1296
  3.1317
  3.1232
  3.1247
  3.1166
  3.1217
  3.1290
  3.1240
  3.1319
  3.1318
  3.1246
  3.1279
  3.1312
  3.1277
  3.1276
  3.1306
  3.1308
  3.1166
  3.1318
  3.1131
  3.1157
  3.1291
  3.1214
  3.1354
  3.1222
  3.1372
  3.1247
  3.1214
  3.1204
  3.1241
  3.1233
  3.1305
  3.1205
  3.1270
  3.1361
  3.1237
  3.1235
  3.1207
  3.1313
  3.1161
  3.1202
  3.1221
  3.1230
  3.1192
  3.1273
  3.1213
  3.1187
  3.1304
  3.1165
  3.1263
  3.1311
  3.1216
  3.1203
  3.1220
  3.1182
  3.1340
  3.1328
  3.1240
  3.1266
  3.1254
  3.1193
  3.1196
  3.1411
  3.1344
  3.1209
  3.1207
  3.1184
  3.1252
  3.1220
  3.1233
  3.1214
  3.1219
  3.1174
  3.1336
  3.1324
  3.1237
  3.1300
  3.1260
  3.1275
  3.1333
  3.1233
  3.1275
  3.1246
  3.1350
  3.1276
  3.1272
  3.1189
  3.1175
  3.1255
  3.1181
  3.1155
  3.1219
  3.1299
  3.1236
  3.1288
  3.1198
  3.1271
  3.1155
  3.1202
  3.1331
  3.1331
  3.1227
  3.1173
  3.1234
  3.1407
  3.1347
  3.1310
  3.1223
  3.1286
  3.1294
  3.1205
  3.1198
  3.1285
  3.1277
  3.1139
  3.1341
  3.1212
  3.1208
  3.1220
  3.1341
  3.1264
  3.1253
  3.1239
  3.1294
  3.1265
  3.1365
  3.1298
  3.1346
  3.1222
  3.1274
  3.1301
  3.1265
  3.1276
  3.1266
  3.1120
  3.1296
  3.1337
  3.1256
  3.1318
  3.1261
  3.1257
  3.1241
  3.1262
  3.1278
  3.1230
  3.1234
  3.1310
  3.1250
  3.1185
  3.1212
  3.1187
  3.1273
  3.1248
  3.1326
  3.1296
  3.1243
  3.1353
  3.1264
  3.1228
  3.1203
  3.1202
  3.1189
  3.1303
  3.1280
  3.1241
  3.1370
  3.1302
  3.1315
  3.1263
  3.1259
  3.1340
  3.1194
  3.1229
  3.1212
  3.1253
  3.1219
  3.1222
  3.1194
  3.1257
  3.1287
  3.1176
  3.1304
  3.1232
  3.1136
  3.1227
  3.1279
  3.1244
  3.1368
  3.1234
  3.1246
  3.1388
  3.1188
  3.1258
  3.1391
  3.1344
  3.1297
  3.1236
  3.1258
  3.1199
  3.1276
  3.1372
  3.1328
  3.1313
  3.1189
  3.1206
  3.1300
  3.1317
  3.1313
  3.1263
  3.1232
  3.1333
  3.1222
  3.1192
  3.1280
  3.1378
  3.1226
  3.1339
  3.1303
  3.1249
  3.1109
  3.1215
  3.1205
  3.1337
  3.1199
  3.1230
  3.1261
  3.1260
  3.1118
  3.1305
  3.1344
  3.1294
  3.1213
  3.1283
  3.1248
  3.1190
  3.1154
  3.1375
  3.1249
  3.1281
  3.1272
  3.1311
  3.1173
  3.1312
  3.1224
  3.1311
  3.1288
  3.1284
  3.1247
  3.1281
  3.1182
  3.1162
  3.1343
  3.1351
  3.1229
  3.1370
  3.1272
  3.1329
  3.1301
  3.1395
  3.1139
  3.1329
  3.1322
  3.1251
  3.1267
  3.1169
  3.1264
  3.1308
  3.1268
  3.1183
  3.1247
  3.1245
  3.1234
  3.1298
  3.1145
  3.1235
  3.1238
  3.1380
  3.1173
  3.1239
  3.1316
  3.1278
  3.1201
  3.1228
  3.1267
  3.1128
  3.1227
  3.1341
  3.1358
  3.1296
  3.1255
  3.1161
  3.1278
  3.1303
  3.1205
  3.1207
  3.1295
  3.1325
  3.1179
  3.1165
  3.1202
  3.1283
  3.1275
  3.1158
  3.1416
  3.1276
  3.1185
  3.1182
  3.1287
  3.1215
  3.1071
  3.1270
  3.1208
  3.1357
  3.1168
  3.1306
  3.1317
  3.1239
  3.1212
  3.1219
  3.1239
  3.1257
  3.1274
  3.1251
  3.1334
  3.1358
  3.1291
  3.1245
  3.1154
  3.1201
  3.1322
  3.1216
  3.1113
  3.1174
  3.1278
  3.1175
  3.1255
  3.1151
  3.1241
  3.1321
  3.1335
  3.1223
  3.1223
  3.1194
  3.1271
  3.1023
  3.1249
  3.1289
  3.1366
  3.1237
  3.1179
  3.1222
  3.1304
  3.1247
  3.1283
  3.1235
  3.1149
  3.1235
  3.1245
  3.1226
  3.1301
  3.1298
  3.1275
  3.1342
  3.1222
  3.1204
  3.1270
  3.1300
  3.1305
  3.1189
  3.1253
  3.1266
  3.1193
  3.1285
  3.1211
  3.1323
  3.1289
  3.1348
  3.1262
  3.1243
  3.1330
  3.1291
  3.1154
  3.1301
  3.1195
  3.1159
  3.1121
  3.1156
  3.1243
  3.1337
  3.1271
  3.1219
  3.1262
  3.1303
  3.1328
  3.1309
  3.1164
  3.1366
  3.1202
  3.1222
  3.1115
  3.1279
  3.1247
  3.1307
  3.1245
  3.1269
  3.1197
  3.1300
  3.1258
  3.1324
  3.1272
  3.1183
  3.1342
  3.1307
  3.1248
  3.1327
  3.1162
  3.1370
  3.1295
  3.1369
  3.1274
  3.1208
  3.1181
  3.1209
  3.1320
  3.1286
  3.1266
  3.1175
  3.1284
  3.1320
  3.1296
  3.1189
  3.1171
  3.1229
  3.1233
  3.1263
  3.1275
  3.1230
  3.1207
  3.1286
  3.1263
  3.1242
  3.1254
  3.1324
  3.1208
  3.1177
  3.1327
  3.1243
  3.1249
  3.1377
  3.1236
  3.1135
  3.1316
  3.1199
  3.1282
  3.1246
  3.1212
  3.1272
  3.1259
  3.1203
  3.1330
  3.1277
  3.1229
  3.1166
  3.1269
  3.1258
  3.1158
  3.1341
  3.1196
  3.1222
  3.1229
  3.1325
  3.1247
  3.1242
  3.1275
  3.1193
  3.1340
  3.1303
  3.1259
  3.1179
  3.1323
  3.1323
  3.1172
  3.1193
  3.1309
  3.1223
  3.1294
  3.1365
  3.1175
  3.1257
  3.1175
  3.1303
  3.1365
  3.1332
  3.1216
  3.1321
  3.1264
  3.1239
  3.1281
  3.1375
  3.1233
  3.1249
  3.1265
  3.1269
  3.1214
  3.1134
  3.1335
  3.1306
  3.1188
  3.1176
  3.1161
  3.1180
  3.1213
  3.1229
  3.1189
  3.1208
  3.1266
  3.1328
  3.1284
  3.1214
  3.1227
  3.1226
  3.1127
  3.1227
  3.1137
  3.1321
  3.1307
  3.1275
  3.1226
  3.1251
  3.1249
  3.1280
  3.1301
  3.1274
  3.1181
  3.1358
  3.1186
  3.1370
  3.1257
  3.1270
  3.1254
  3.1190
  3.1316
  3.1390
  3.1281
  3.1242
  3.1108
  3.1337
  3.1277
  3.1163
  3.1279
  3.1351
  3.1258
  3.1382
  3.1239
  3.1162
  3.1293
  3.1231
  3.1153
  3.1380
  3.1255
  3.1396
  3.1172
  3.1249
  3.1271
  3.1265
  3.1408
  3.1248
  3.1288
  3.1214
  3.1328
  3.1308
  3.1382
  3.1331
  3.1303
  3.1224
  3.1230
  3.1221
  3.1179
  3.1293
  3.1241
  3.1217
  3.1245
  3.1196
  3.1287
  3.1237
  3.1235
  3.1250
  3.1193
  3.1335
  3.1294
  3.1231
  3.1208
  3.1181
  3.1167
  3.1147
  3.1298
  3.1313
  3.1223
  3.1337
  3.1216
  3.1214
  3.1318
  3.1282
  3.1186
  3.1182
  3.1223
  3.1276
  3.1317
  3.1190
  3.1309
  3.1114
  3.1233
  3.1300
  3.1285
  3.1348
  3.1221
  3.1181
  3.1239
  3.1304
  3.1236
  3.1177
  3.1284
  3.1167
  3.1179
  3.1364
  3.1288
  3.1157
  3.1319
  3.1249
  3.1165
  3.1244
  3.1293
  3.1207
  3.1272
  3.1259
  3.1306
  3.1259
  3.1180
  3.1203
  3.1245
  3.1188
  3.1272
  3.1390
  3.1326
  3.1317
  3.1224
  3.1267
  3.1226
  3.1215
  3.1252
  3.1293
  3.1265
  3.1204
  3.1205
  3.1323
  3.1277
  3.1161
  3.1312
  3.1299
  3.1302
  3.1238
  3.1242
  3.1231
  3.1253
  3.1238
  3.1328
  3.1253
  3.1176
  3.1280
  3.1190
  3.1188
  3.1106
  3.1284
  3.1419
  3.1319
  3.1272
  3.1230
  3.1238
  3.1219
  3.1277
  3.1412
  3.1307
  3.1312
  3.1256
  3.1350
  3.1230
  3.1195
  3.1221
  3.1138
  3.1308
  3.1245
  3.1182
  3.1332
  3.1242
  3.1164
  3.1356
  3.1090
  3.1361
  3.1264
  3.1271
  3.1347
  3.1233
  3.1243
  3.1198
  3.1273
  3.1340
  3.1188
  3.1166
  3.1348
  3.1288
  3.1241
  3.1260
  3.1355
  3.1225
  3.1260
  3.1336
  3.1195
  3.1257
  3.1318
  3.1129
  3.1111
  3.1227
  3.1225
  3.1323
  3.1325
  3.1295
  3.1241
  3.1327
  3.1323
  3.1279
  3.1246
  3.1262
  3.1303
  3.1222
  3.1264
  3.1336
  3.1337
  3.1257
  3.1297
  3.1386
  3.1171
  3.1172
  3.1237
  3.1263
  3.1253
  3.1262
  3.1208
  3.1261
  3.1176
  3.1354
  3.1291
  3.1313
  3.1211
  3.1172
  3.1132
  3.1206
  3.1203
  3.1273
  3.1208
  3.1255
  3.1315
  3.1313
  3.1285
  3.1292
  3.1284
  3.1245
  3.1233
  3.1186
  3.1259
  3.1354
  3.1229
  3.1288
  3.1230
  3.1299
  3.1319
  3.1203
  3.1306
  3.1279
  3.1274
  3.1241
  3.1324
  3.1269
  3.1251
  3.1256
  3.1323
  3.1256
  3.1310
  3.1209
  3.1237
  3.1255
  3.1171
  3.1120
  3.1118
  3.1130
  3.1222
  3.1218
  3.1227
  3.1262
  3.1246
  3.1230
  3.1282
  3.1075
  3.1282
  3.1280
  3.1187
  3.1225
  3.1187
  3.1226
  3.1243
  3.1286
  3.1245
  3.1302
  3.1267
  3.1263
  3.1234
  3.1172
  3.1201
  3.1282
  3.1324
  3.1294
  3.1174
  3.1228
  3.1198
  3.1206
  3.1304
  3.1226
  3.1252
  3.1186
  3.1269
  3.1239
  3.1355
  3.1123
  3.1172
  3.1337
  3.1375
  3.1216
  3.1295
  3.1253
  3.1276
  3.1389
  3.1345
  3.1293
  3.1123
  3.1230
  3.1344
  3.1150
  3.1224
  3.1169
  3.1268
  3.1086
  3.1291
  3.1256
  3.1272
  3.1205
  3.1156
  3.1156
  3.1400
  3.1145
  3.1224
  3.1172
  3.1316
  3.1253
  3.1111
  3.1208
  3.1206
  3.1307
  3.1214
  3.1244
  3.1371
  3.1115
  3.1235
  3.1238
  3.1258
  3.1080
  3.1251
  3.1272
  3.1251
  3.1153
  3.1226
  3.1260
  3.1304
