C1431410.115786
Gadanki 14/03/2014 10:11:27 14/03/2014 10:11:58 0375 0079.2 0013.5 00
0000000 0020 0000600 0020 01
1 0 2 02000 1 0000 0030 00532.o 0 0 00 000 14 000600 0.500 BT0
532.000 .o analog 0 
  3.0374
 21.2416
 18.5079
 11.0798
 12.5125
 14.0878
 17.8214
 28.7354
 39.3105
 42.1082
 40.1422
 36.5885
 33.0062
 29.5425
 26.2226
 23.6808
 21.2640
 19.1871
 17.5710
 16.2281
 14.9629
 13.8744
 12.9132
 12.0068
 11.0932
 10.3668
  9.7506
  9.1790
  8.4597
  7.8529
  7.4147
  7.0480
  6.7331
  6.4727
  6.2771
  6.0075
  5.7964
  5.6196
  5.4893
  5.3563
  5.2277
  5.0972
  4.9916
  4.9015
  4.7802
  4.6932
  4.5795
  4.4577
  4.3958
  4.3799
  4.3009
  4.1854
  4.1190
  4.1174
  4.1286
  4.0944
  4.0273
  3.9438
  3.9541
  3.9787
  3.9355
  3.8461
  3.7753
  3.7604
  3.7461
  3.6945
  3.6501
  3.6318
  3.6238
  3.5892
  3.5688
  3.5380
  3.5300
  3.5004
  3.4756
  3.4500
  3.4522
  3.4415
  3.4335
  3.4155
  3.4508
  3.4577
  3.4378
  3.3607
  3.3254
  3.3345
  3.3185
  3.3277
  3.3141
  3.3008
  3.3017
  3.2716
  3.2769
  3.2685
  3.2569
  3.2640
  3.2508
  3.2501
  3.2322
  3.2375
  3.2320
  3.2264
  3.2100
  3.2107
  3.2183
  3.2117
  3.2147
  3.2131
  3.2124
  3.1986
  3.2070
  3.1843
  3.1870
  3.1870
  3.1801
  3.1739
  3.1740
  3.1652
  3.1642
  3.1663
  3.1614
  3.1632
  3.1532
  3.1569
  3.1409
  3.1478
  3.1448
  3.1443
  3.1383
  3.1446
  3.1418
  3.1447
  3.1388
  3.1385
  3.1341
  3.1415
  3.1205
  3.1243
  3.1219
  3.1224
  3.1362
  3.1277
  3.1306
  3.1299
  3.1107
  3.1318
  3.1237
  3.1264
  3.1172
  3.1151
  3.1144
  3.1186
  3.1053
  3.1129
  3.1150
  3.1127
  3.1134
  3.1184
  3.1167
  3.1034
  3.0981
  3.0947
  3.0884
  3.1090
  3.1085
  3.0951
  3.1035
  3.1003
  3.0935
  3.1111
  3.0950
  3.0873
  3.0998
  3.0934
  3.0963
  3.0891
  3.0941
  3.0911
  3.0817
  3.1052
  3.0898
  3.0897
  3.0989
  3.0984
  3.0868
  3.0885
  3.0960
  3.0812
  3.0914
  3.0854
  3.0831
  3.0919
  3.0855
  3.0828
  3.0862
  3.0838
  3.0831
  3.0792
  3.0783
  3.0778
  3.0833
  3.0727
  3.0766
  3.0798
  3.0764
  3.0795
  3.0805
  3.0823
  3.0725
  3.0845
  3.0664
  3.0654
  3.0813
  3.0826
  3.0696
  3.0832
  3.0780
  3.0698
  3.0628
  3.0656
  3.0904
  3.0775
  3.0764
  3.0795
  3.0815
  3.0838
  3.0717
  3.0770
  3.0796
  3.0726
  3.0747
  3.0691
  3.0714
  3.0694
  3.0711
  3.0752
  3.0748
  3.0635
  3.0703
  3.0690
  3.0717
  3.0721
  3.0682
  3.0658
  3.0727
  3.0631
  3.0699
  3.0760
  3.0713
  3.0625
  3.0733
  3.0643
  3.0584
  3.0723
  3.0692
  3.0636
  3.0615
  3.0616
  3.0699
  3.0717
  3.0568
  3.0553
  3.0650
  3.0710
  3.0651
  3.0588
  3.0721
  3.0703
  3.0665
  3.0739
  3.0601
  3.0687
  3.0514
  3.0579
  3.0618
  3.0615
  3.0553
  3.0614
  3.0579
  3.0573
  3.0508
  3.0654
  3.0551
  3.0683
  3.0600
  3.0622
  3.0727
  3.0623
  3.0675
  3.0626
  3.0554
  3.0552
  3.0623
  3.0619
  3.0558
  3.0587
  3.0517
  3.0544
  3.0512
  3.0514
  3.0594
  3.0560
  3.0444
  3.0592
  3.0724
  3.0588
  3.0588
  3.0623
  3.0642
  3.0628
  3.0701
  3.0533
  3.0605
  3.0474
  3.0556
  3.0546
  3.0605
  3.0628
  3.0574
  3.0514
  3.0681
  3.0571
  3.0445
  3.0567
  3.0537
  3.0621
  3.0590
  3.0479
  3.0602
  3.0612
  3.0523
  3.0543
  3.0608
  3.0516
  3.0479
  3.0521
  3.0525
  3.0467
  3.0583
  3.0530
  3.0597
  3.0697
  3.0644
  3.0614
  3.0601
  3.0539
  3.0610
  3.0620
  3.0539
  3.0683
  3.0577
  3.0662
  3.0566
  3.0515
  3.0689
  3.0554
  3.0614
  3.0582
  3.0523
  3.0481
  3.0720
  3.0563
  3.0558
  3.0553
  3.0537
  3.0617
  3.0465
  3.0574
  3.0598
  3.0549
  3.0675
  3.0505
  3.0432
  3.0629
  3.0591
  3.0684
  3.0565
  3.0561
  3.0611
  3.0541
  3.0530
  3.0580
  3.0589
  3.0432
  3.0564
  3.0655
  3.0527
  3.0552
  3.0614
  3.0622
  3.0522
  3.0573
  3.0508
  3.0539
  3.0493
  3.0531
  3.0516
  3.0472
  3.0608
  3.0448
  3.0639
  3.0593
  3.0599
  3.0548
  3.0447
  3.0508
  3.0568
  3.0494
  3.0526
  3.0389
  3.0600
  3.0481
  3.0663
  3.0535
  3.0618
  3.0563
  3.0639
  3.0616
  3.0451
  3.0549
  3.0638
  3.0607
  3.0427
  3.0623
  3.0563
  3.0456
  3.0534
  3.0511
  3.0573
  3.0492
  3.0623
  3.0590
  3.0489
  3.0731
  3.0491
  3.0561
  3.0637
  3.0484
  3.0461
  3.0565
  3.0517
  3.0676
  3.0426
  3.0592
  3.0675
  3.0375
  3.0492
  3.0535
  3.0516
  3.0634
  3.0538
  3.0515
  3.0485
  3.0539
  3.0528
  3.0575
  3.0622
  3.0581
  3.0620
  3.0485
  3.0488
  3.0552
  3.0510
  3.0613
  3.0523
  3.0544
  3.0628
  3.0450
  3.0563
  3.0633
  3.0450
  3.0400
  3.0540
  3.0573
  3.0532
  3.0614
  3.0546
  3.0468
  3.0499
  3.0640
  3.0377
  3.0555
  3.0609
  3.0404
  3.0542
  3.0516
  3.0581
  3.0525
  3.0488
  3.0490
  3.0485
  3.0489
  3.0524
  3.0519
  3.0568
  3.0495
  3.0584
  3.0553
  3.0509
  3.0536
  3.0490
  3.0492
  3.0546
  3.0557
  3.0588
  3.0517
  3.0549
  3.0509
  3.0564
  3.0618
  3.0613
  3.0629
  3.0507
  3.0499
  3.0612
  3.0548
  3.0498
  3.0505
  3.0479
  3.0485
  3.0570
  3.0489
  3.0444
  3.0572
  3.0527
  3.0549
  3.0471
  3.0530
  3.0522
  3.0470
  3.0421
  3.0503
  3.0450
  3.0587
  3.0505
  3.0464
  3.0555
  3.0627
  3.0553
  3.0593
  3.0488
  3.0455
  3.0492
  3.0493
  3.0494
  3.0627
  3.0510
  3.0599
  3.0488
  3.0651
  3.0505
  3.0452
  3.0459
  3.0569
  3.0526
  3.0441
  3.0467
  3.0582
  3.0573
  3.0552
  3.0415
  3.0458
  3.0503
  3.0537
  3.0533
  3.0434
  3.0579
  3.0469
  3.0510
  3.0464
  3.0489
  3.0464
  3.0488
  3.0612
  3.0606
  3.0552
  3.0498
  3.0497
  3.0499
  3.0610
  3.0475
  3.0622
  3.0384
  3.0435
  3.0532
  3.0561
  3.0513
  3.0529
  3.0444
  3.0541
  3.0489
  3.0444
  3.0636
  3.0504
  3.0460
  3.0467
  3.0627
  3.0541
  3.0383
  3.0539
  3.0435
  3.0607
  3.0457
  3.0517
  3.0518
  3.0583
  3.0488
  3.0514
  3.0562
  3.0529
  3.0512
  3.0485
  3.0469
  3.0397
  3.0414
  3.0436
  3.0501
  3.0589
  3.0509
  3.0503
  3.0509
  3.0521
  3.0510
  3.0600
  3.0465
  3.0460
  3.0418
  3.0446
  3.0496
  3.0616
  3.0581
  3.0563
  3.0547
  3.0375
  3.0423
  3.0481
  3.0430
  3.0482
  3.0529
  3.0475
  3.0521
  3.0488
  3.0566
  3.0603
  3.0582
  3.0526
  3.0533
  3.0521
  3.0509
  3.0599
  3.0523
  3.0549
  3.0468
  3.0622
  3.0448
  3.0554
  3.0561
  3.0504
  3.0505
  3.0565
  3.0493
  3.0418
  3.0498
  3.0398
  3.0429
  3.0433
  3.0409
  3.0481
  3.0505
  3.0578
  3.0536
  3.0518
  3.0518
  3.0458
  3.0496
  3.0570
  3.0504
  3.0428
  3.0440
  3.0560
  3.0665
  3.0527
  3.0471
  3.0497
  3.0496
  3.0471
  3.0480
  3.0462
  3.0572
  3.0582
  3.0542
  3.0482
  3.0410
  3.0428
  3.0514
  3.0496
  3.0500
  3.0545
  3.0459
  3.0476
  3.0505
  3.0552
  3.0469
  3.0476
  3.0506
  3.0323
  3.0359
  3.0535
  3.0537
  3.0551
  3.0448
  3.0482
  3.0468
  3.0498
  3.0537
  3.0519
  3.0508
  3.0479
  3.0548
  3.0431
  3.0352
  3.0489
  3.0466
  3.0517
  3.0526
  3.0507
  3.0426
  3.0477
  3.0562
  3.0431
  3.0579
  3.0489
  3.0476
  3.0592
  3.0559
  3.0377
  3.0469
  3.0538
  3.0422
  3.0534
  3.0607
  3.0505
  3.0525
  3.0468
  3.0553
  3.0505
  3.0581
  3.0620
  3.0562
  3.0556
  3.0637
  3.0435
  3.0609
  3.0555
  3.0398
  3.0481
  3.0491
  3.0424
  3.0595
  3.0552
  3.0545
  3.0473
  3.0498
  3.0602
  3.0524
  3.0498
  3.0533
  3.0532
  3.0501
  3.0440
  3.0460
  3.0508
  3.0557
  3.0599
  3.0619
  3.0504
  3.0475
  3.0534
  3.0556
  3.0466
  3.0487
  3.0432
  3.0535
  3.0531
  3.0440
  3.0548
  3.0469
  3.0479
  3.0494
  3.0461
  3.0581
  3.0523
  3.0491
  3.0428
  3.0514
  3.0434
  3.0489
  3.0432
  3.0490
  3.0458
  3.0379
  3.0522
  3.0489
  3.0557
  3.0516
  3.0476
  3.0502
  3.0487
  3.0471
  3.0612
  3.0576
  3.0657
  3.0472
  3.0515
  3.0461
  3.0441
  3.0428
  3.0601
  3.0433
  3.0459
  3.0432
  3.0489
  3.0605
  3.0520
  3.0524
  3.0389
  3.0509
  3.0519
  3.0555
  3.0492
  3.0530
  3.0500
  3.0524
  3.0463
  3.0533
  3.0412
  3.0472
  3.0544
  3.0446
  3.0501
  3.0500
  3.0496
  3.0508
  3.0464
  3.0545
  3.0640
  3.0515
  3.0581
  3.0686
  3.0444
  3.0455
  3.0433
  3.0517
  3.0465
  3.0523
  3.0517
  3.0541
  3.0441
  3.0527
  3.0564
  3.0515
  3.0565
  3.0568
  3.0459
  3.0497
  3.0387
  3.0532
  3.0488
  3.0497
  3.0478
  3.0462
  3.0482
  3.0446
  3.0517
  3.0467
  3.0512
  3.0472
  3.0512
  3.0592
  3.0453
  3.0547
  3.0463
  3.0550
  3.0491
  3.0529
  3.0597
  3.0525
  3.0557
  3.0494
  3.0482
  3.0515
  3.0495
  3.0523
  3.0449
  3.0564
  3.0529
  3.0468
  3.0515
  3.0545
  3.0558
  3.0661
  3.0443
  3.0547
  3.0588
  3.0558
  3.0483
  3.0451
  3.0550
  3.0576
  3.0509
  3.0496
  3.0472
  3.0504
  3.0529
  3.0540
  3.0411
  3.0542
  3.0511
  3.0460
  3.0609
  3.0613
  3.0443
  3.0486
  3.0543
  3.0485
  3.0520
  3.0512
  3.0452
  3.0518
  3.0515
  3.0523
  3.0593
  3.0524
  3.0682
  3.0513
  3.0540
  3.0485
  3.0466
  3.0576
  3.0636
  3.0499
  3.0555
  3.0596
  3.0556
  3.0473
  3.0499
  3.0546
  3.0597
  3.0444
  3.0471
  3.0523
  3.0535
  3.0549
  3.0485
  3.0530
  3.0524
  3.0376
  3.0387
  3.0520
  3.0603
  3.0506
  3.0503
  3.0471
  3.0573
  3.0463
  3.0407
  3.0613
  3.0526
  3.0423
  3.0476
  3.0485
  3.0428
  3.0500
  3.0411
  3.0424
  3.0593
  3.0488
  3.0413
  3.0461
  3.0442
  3.0490
  3.0545
  3.0529
  3.0508
  3.0438
  3.0592
  3.0432
  3.0418
  3.0360
  3.0447
  3.0516
  3.0536
  3.0426
  3.0461
  3.0516
  3.0530
  3.0515
  3.0512
  3.0608
  3.0538
  3.0487
  3.0449
  3.0435
  3.0455
  3.0522
  3.0417
  3.0514
  3.0525
  3.0470
  3.0562
  3.0577
  3.0651
  3.0344
  3.0452
  3.0496
  3.0552
  3.0575
  3.0410
  3.0477
  3.0636
  3.0587
  3.0530
  3.0572
  3.0492
  3.0539
  3.0529
  3.0460
  3.0550
  3.0552
  3.0422
  3.0510
  3.0409
  3.0501
  3.0533
  3.0485
  3.0559
  3.0593
  3.0539
  3.0488
  3.0557
  3.0431
  3.0464
  3.0452
  3.0535
  3.0399
  3.0460
  3.0528
  3.0503
  3.0552
  3.0540
  3.0584
  3.0522
  3.0503
  3.0516
  3.0552
  3.0466
  3.0615
  3.0566
  3.0416
  3.0526
  3.0608
  3.0591
  3.0493
  3.0563
  3.0501
  3.0415
  3.0412
  3.0545
  3.0507
  3.0414
  3.0407
  3.0424
  3.0532
  3.0503
  3.0514
  3.0544
  3.0509
  3.0488
  3.0510
  3.0556
  3.0495
  3.0490
  3.0434
  3.0541
  3.0458
  3.0607
  3.0471
  3.0510
  3.0508
  3.0530
  3.0472
  3.0528
  3.0411
  3.0578
  3.0411
  3.0508
  3.0518
  3.0559
  3.0473
  3.0405
  3.0429
  3.0475
  3.0465
  3.0441
  3.0503
  3.0453
  3.0535
  3.0459
  3.0431
  3.0399
  3.0424
  3.0409
  3.0520
  3.0503
  3.0497
  3.0475
  3.0565
  3.0574
  3.0501
  3.0423
  3.0563
  3.0439
  3.0452
  3.0422
  3.0480
  3.0497
  3.0471
  3.0580
  3.0527
  3.0461
  3.0442
  3.0454
  3.0439
  3.0513
  3.0561
  3.0546
  3.0348
  3.0536
  3.0499
  3.0512
  3.0460
  3.0364
  3.0479
  3.0561
  3.0614
  3.0492
  3.0536
  3.0569
  3.0562
  3.0411
  3.0438
  3.0537
  3.0525
  3.0500
  3.0464
  3.0465
  3.0447
  3.0498
  3.0464
  3.0474
  3.0512
  3.0533
  3.0692
  3.0494
  3.0524
  3.0537
  3.0492
  3.0546
  3.0551
  3.0525
  3.0527
  3.0552
  3.0453
  3.0437
  3.0559
  3.0416
  3.0408
  3.0467
  3.0518
  3.0549
  3.0581
  3.0585
  3.0420
  3.0601
  3.0437
  3.0568
  3.0498
  3.0549
  3.0534
  3.0428
  3.0480
  3.0490
  3.0544
  3.0507
  3.0494
  3.0487
  3.0551
  3.0460
  3.0530
  3.0541
  3.0524
  3.0546
  3.0557
  3.0408
  3.0516
  3.0447
  3.0496
  3.0459
  3.0497
  3.0544
  3.0466
  3.0524
  3.0468
  3.0496
  3.0414
  3.0444
  3.0494
  3.0512
  3.0472
  3.0447
  3.0525
  3.0506
  3.0455
  3.0534
  3.0458
  3.0519
  3.0437
  3.0466
  3.0489
  3.0445
  3.0506
  3.0493
  3.0416
  3.0608
  3.0482
  3.0578
  3.0512
  3.0487
  3.0552
  3.0571
  3.0608
  3.0499
  3.0484
  3.0538
  3.0522
  3.0522
  3.0443
  3.0512
  3.0552
  3.0424
  3.0536
  3.0452
  3.0462
  3.0592
  3.0525
  3.0468
  3.0400
  3.0492
  3.0521
  3.0461
  3.0436
  3.0422
  3.0502
  3.0450
  3.0436
  3.0489
  3.0517
  3.0527
  3.0474
  3.0500
  3.0551
  3.0495
  3.0401
  3.0519
  3.0372
  3.0494
  3.0451
  3.0524
  3.0527
  3.0521
  3.0572
  3.0576
  3.0527
  3.0551
  3.0503
  3.0589
  3.0596
  3.0566
  3.0430
  3.0524
  3.0497
  3.0522
  3.0486
  3.0517
  3.0505
  3.0559
  3.0554
  3.0559
  3.0561
  3.0530
  3.0399
  3.0539
  3.0490
  3.0557
  3.0506
  3.0588
  3.0592
  3.0476
  3.0667
  3.0433
  3.0388
  3.0578
  3.0547
  3.0552
  3.0441
  3.0458
  3.0471
  3.0500
  3.0523
  3.0521
  3.0501
  3.0492
  3.0445
  3.0495
  3.0345
  3.0526
  3.0494
  3.0503
  3.0589
  3.0549
  3.0516
  3.0512
  3.0510
  3.0475
  3.0430
  3.0467
  3.0492
  3.0412
  3.0416
  3.0403
  3.0416
  3.0499
  3.0651
  3.0570
  3.0446
  3.0438
  3.0519
  3.0516
  3.0478
  3.0488
  3.0488
  3.0380
  3.0519
  3.0465
  3.0635
  3.0453
  3.0609
  3.0540
  3.0445
  3.0571
  3.0517
  3.0430
  3.0522
  3.0446
  3.0505
  3.0581
  3.0528
  3.0601
  3.0514
  3.0531
  3.0450
  3.0430
  3.0480
  3.0558
  3.0484
  3.0513
  3.0527
  3.0574
  3.0447
  3.0441
  3.0545
  3.0585
  3.0495
  3.0453
  3.0471
  3.0528
  3.0441
  3.0473
  3.0523
  3.0423
  3.0526
  3.0549
  3.0593
  3.0645
  3.0432
  3.0549
  3.0582
  3.0465
  3.0552
  3.0509
  3.0498
  3.0518
  3.0550
  3.0482
  3.0583
  3.0460
  3.0504
  3.0524
  3.0563
  3.0505
  3.0531
  3.0504
  3.0479
  3.0546
  3.0540
  3.0490
  3.0465
  3.0478
  3.0428
  3.0490
  3.0512
  3.0501
  3.0540
  3.0417
  3.0500
  3.0553
  3.0294
  3.0459
  3.0541
  3.0543
  3.0511
  3.0551
  3.0473
  3.0487
  3.0476
  3.0601
  3.0504
  3.0424
  3.0503
  3.0408
  3.0554
  3.0542
  3.0570
  3.0512
  3.0519
  3.0529
  3.0521
  3.0474
  3.0535
  3.0500
  3.0552
  3.0501
  3.0547
  3.0580
  3.0428
  3.0469
  3.0485
  3.0555
  3.0444
  3.0492
  3.0395
  3.0382
  3.0534
  3.0570
  3.0434
  3.0483
  3.0602
  3.0460
  3.0431
  3.0409
  3.0549
  3.0491
  3.0466
  3.0417
  3.0495
  3.0480
  3.0381
  3.0407
  3.0520
  3.0588
  3.0392
  3.0464
  3.0552
  3.0539
  3.0510
  3.0506
  3.0552
  3.0550
  3.0441
  3.0409
  3.0544
  3.0530
  3.0437
  3.0383
  3.0469
  3.0492
  3.0461
  3.0391
  3.0458
  3.0448
  3.0413
  3.0495
  3.0479
  3.0496
  3.0452
  3.0555
  3.0558
  3.0576
  3.0484
  3.0440
  3.0546
  3.0549
  3.0414
  3.0410
  3.0425
  3.0469
  3.0545
  3.0538
  3.0493
  3.0579
  3.0415
  3.0455
  3.0497
  3.0564
  3.0496
  3.0575
  3.0520
  3.0438
  3.0503
  3.0442
  3.0517
  3.0460
  3.0516
  3.0457
  3.0474
  3.0470
  3.0576
  3.0477
  3.0517
  3.0446
  3.0489
  3.0385
  3.0463
  3.0515
  3.0630
  3.0502
  3.0453
  3.0422
  3.0302
  3.0481
  3.0449
  3.0510
  3.0469
  3.0571
  3.0477
  3.0413
  3.0530
  3.0520
  3.0465
  3.0603
  3.0417
  3.0582
  3.0524
  3.0505
  3.0497
  3.0392
  3.0365
  3.0460
  3.0516
  3.0552
  3.0398
  3.0541
  3.0504
  3.0562
  3.0606
  3.0507
  3.0543
  3.0552
  3.0609
  3.0431
  3.0521
  3.0477
  3.0482
  3.0548
  3.0562
  3.0462
  3.0565
  3.0538
  3.0547
  3.0582
  3.0476
  3.0423
  3.0494
  3.0515
  3.0445
  3.0415
  3.0468
  3.0455
  3.0549
  3.0404
  3.0471
  3.0476
  3.0407
  3.0506
  3.0525
  3.0518
  3.0551
  3.0462
  3.0488
  3.0456
  3.0545
  3.0515
  3.0455
  3.0374
  3.0504
  3.0400
  3.0531
  3.0523
  3.0477
  3.0457
  3.0577
  3.0478
  3.0452
  3.0488
  3.0482
  3.0527
  3.0544
  3.0455
  3.0421
  3.0583
  3.0500
  3.0504
  3.0391
  3.0476
  3.0597
  3.0562
  3.0591
  3.0555
  3.0481
  3.0565
  3.0553
  3.0421
  3.0588
  3.0476
  3.0476
  3.0587
  3.0427
  3.0560
  3.0543
  3.0520
  3.0490
  3.0467
  3.0532
  3.0536
  3.0457
  3.0415
  3.0401
  3.0504
  3.0491
  3.0545
  3.0548
  3.0493
  3.0570
  3.0565
  3.0534
  3.0454
  3.0452
  3.0567
  3.0485
  3.0391
  3.0481
  3.0486
  3.0559
  3.0543
  3.0589
  3.0517
  3.0469
  3.0494
  3.0450
  3.0543
  3.0462
  3.0553
  3.0464
  3.0477
  3.0553
  3.0606
  3.0543
  3.0502
  3.0515
  3.0460
  3.0501
  3.0529
  3.0502
  3.0488
  3.0466
  3.0493
  3.0575
  3.0528
  3.0505
  3.0516
  3.0538
  3.0555
  3.0482
  3.0564
  3.0452
  3.0426
  3.0535
  3.0494
  3.0550
  3.0490
  3.0477
  3.0470
  3.0519
  3.0510
  3.0555
  3.0467
  3.0473
  3.0502
  3.0419
  3.0460
  3.0489
  3.0462
  3.0455
  3.0597
  3.0483
  3.0448
  3.0557
  3.0548
  3.0446
  3.0412
  3.0512
  3.0548
  3.0503
  3.0487
  3.0525
  3.0512
  3.0503
  3.0426
  3.0547
  3.0475
  3.0528
  3.0479
  3.0473
  3.0518
  3.0550
  3.0450
  3.0559
  3.0404
  3.0479
  3.0409
  3.0558
  3.0447
  3.0638
  3.0480
  3.0422
  3.0494
  3.0498
  3.0480
  3.0466
  3.0583
  3.0443
  3.0528
  3.0483
  3.0506
  3.0515
  3.0499
  3.0525
  3.0505
  3.0527
  3.0529
  3.0532
  3.0514
  3.0460
  3.0455
  3.0502
  3.0546
  3.0484
  3.0489
  3.0437
  3.0467
  3.0492
  3.0470
  3.0468
  3.0550
  3.0444
  3.0456
  3.0470
  3.0544
  3.0568
  3.0561
  3.0545
  3.0430
  3.0501
  3.0502
  3.0436
  3.0475
  3.0360
  3.0415
  3.0360
  3.0480
  3.0439
  3.0523
  3.0517
  3.0566
  3.0485
  3.0487
  3.0460
  3.0521
  3.0582
  3.0471
  3.0485
  3.0496
  3.0493
  3.0456
  3.0466
  3.0522
  3.0597
  3.0565
  3.0432
  3.0462
  3.0609
  3.0451
  3.0579
  3.0478
  3.0490
  3.0503
  3.0596
  3.0442
  3.0420
  3.0472
  3.0462
  3.0457
  3.0493
  3.0489
  3.0619
  3.0490
  3.0467
  3.0430
  3.0536
  3.0622
  3.0537
  3.0494
  3.0453
  3.0524
  3.0431
  3.0515
  3.0460
  3.0482
  3.0416
  3.0574
  3.0555
  3.0461
  3.0538
  3.0444
  3.0423
  3.0574
  3.0440
  3.0505
  3.0535
  3.0510
  3.0573
  3.0456
  3.0611
  3.0546
  3.0429
  3.0399
  3.0396
  3.0469
  3.0462
  3.0501
  3.0411
  3.0451
  3.0594
  3.0535
  3.0556
  3.0460
  3.0673
  3.0489
  3.0556
  3.0624
  3.0467
  3.0501
  3.0515
  3.0488
  3.0482
  3.0493
  3.0544
  3.0517
  3.0481
  3.0526
  3.0497
  3.0630
  3.0497
  3.0581
  3.0475
  3.0400
  3.0461
  3.0504
  3.0596
  3.0467
  3.0596
  3.0415
  3.0504
  3.0488
  3.0493
  3.0596
  3.0559
  3.0523
  3.0400
  3.0555
  3.0510
  3.0553
  3.0509
  3.0540
  3.0473
  3.0464
  3.0634
  3.0422
  3.0421
  3.0534
  3.0537
  3.0456
  3.0372
  3.0525
  3.0438
  3.0519
  3.0599
  3.0470
  3.0552
  3.0474
  3.0471
  3.0485
  3.0520
  3.0456
  3.0482
  3.0571
  3.0565
  3.0588
  3.0469
  3.0487
  3.0555
  3.0548
  3.0389
  3.0547
  3.0553
  3.0613
  3.0414
  3.0365
  3.0565
  3.0398
  3.0444
  3.0534
  3.0637
  3.0477
  3.0633
  3.0414
  3.0526
  3.0546
  3.0459
  3.0554
  3.0465
  3.0521
  3.0467
  3.0550
  3.0477
  3.0458
  3.0600
  3.0644
  3.0562
  3.0518
  3.0544
  3.0507
  3.0457
  3.0408
  3.0446
  3.0435
  3.0478
  3.0452
  3.0586
  3.0522
  3.0487
  3.0526
  3.0569
  3.0426
  3.0535
  3.0389
  3.0530
  3.0540
  3.0492
  3.0482
  3.0377
  3.0587
  3.0570
  3.0527
  3.0535
  3.0422
  3.0530
  3.0577
  3.0532
  3.0492
