C1431410.163241
Gadanki 14/03/2014 10:16:02 14/03/2014 10:16:32 0375 0079.2 0013.5 00
0000000 0020 0000600 0020 01
1 0 2 02000 1 0000 0030 00532.o 0 0 00 000 14 000600 0.500 BT0
532.000 .o analog 0 
  3.1184
 21.3364
 18.6788
 11.2569
 12.5020
 13.8459
 16.8989
 26.8600
 37.4619
 40.8881
 39.1258
 35.8756
 32.2285
 28.6596
 25.5339
 22.7037
 20.5193
 18.7410
 16.9363
 15.4497
 14.1469
 13.1453
 12.2206
 11.3982
 10.7927
 10.2106
  9.8055
  9.4438
  9.0334
  8.6640
  8.2268
  7.8285
  7.4945
  7.1468
  6.7665
  6.5037
  6.2939
  6.0505
  5.6933
  5.4837
  5.2920
  5.1566
  5.0375
  4.9464
  4.8379
  4.7437
  4.6391
  4.5357
  4.4598
  4.4563
  4.3530
  4.2662
  4.1755
  4.1652
  4.1684
  4.1589
  4.1006
  4.0138
  4.0117
  4.0341
  4.0207
  3.9611
  3.8516
  3.8255
  3.8040
  3.7802
  3.7106
  3.7130
  3.6872
  3.6843
  3.6422
  3.6338
  3.5973
  3.5700
  3.5479
  3.5462
  3.5241
  3.5067
  3.5046
  3.4730
  3.4793
  3.5051
  3.5281
  3.5091
  3.4428
  3.4046
  3.4004
  3.3995
  3.3810
  3.3677
  3.3715
  3.3457
  3.3457
  3.3507
  3.3468
  3.3317
  3.3205
  3.3232
  3.3157
  3.3096
  3.3171
  3.3078
  3.2949
  3.3014
  3.2824
  3.2830
  3.2780
  3.2879
  3.2824
  3.2745
  3.2715
  3.2765
  3.2660
  3.2730
  3.2618
  3.2635
  3.2547
  3.2503
  3.2541
  3.2463
  3.2487
  3.2397
  3.2350
  3.2385
  3.2296
  3.2372
  3.2196
  3.2219
  3.2194
  3.2318
  3.2114
  3.2203
  3.2211
  3.2250
  3.2124
  3.2114
  3.2212
  3.2279
  3.2126
  3.2042
  3.2047
  3.2024
  3.2206
  3.2040
  3.2085
  3.1992
  3.1961
  3.2033
  3.2090
  3.1917
  3.1952
  3.1964
  3.1847
  3.1936
  3.1859
  3.1827
  3.1916
  3.1959
  3.1863
  3.1753
  3.1781
  3.1889
  3.1817
  3.1839
  3.1797
  3.1879
  3.1801
  3.1893
  3.1679
  3.1674
  3.1783
  3.1707
  3.1835
  3.1824
  3.1801
  3.1678
  3.1632
  3.1730
  3.1730
  3.1681
  3.1754
  3.1572
  3.1599
  3.1657
  3.1561
  3.1670
  3.1587
  3.1742
  3.1573
  3.1617
  3.1664
  3.1637
  3.1684
  3.1615
  3.1561
  3.1570
  3.1490
  3.1538
  3.1545
  3.1563
  3.1559
  3.1623
  3.1496
  3.1611
  3.1586
  3.1691
  3.1581
  3.1563
  3.1675
  3.1431
  3.1449
  3.1660
  3.1610
  3.1611
  3.1498
  3.1555
  3.1609
  3.1334
  3.1518
  3.1555
  3.1460
  3.1585
  3.1519
  3.1534
  3.1580
  3.1540
  3.1510
  3.1494
  3.1492
  3.1546
  3.1552
  3.1429
  3.1520
  3.1504
  3.1384
  3.1440
  3.1371
  3.1347
  3.1508
  3.1489
  3.1544
  3.1542
  3.1410
  3.1481
  3.1516
  3.1464
  3.1434
  3.1352
  3.1416
  3.1415
  3.1400
  3.1492
  3.1576
  3.1569
  3.1401
  3.1402
  3.1419
  3.1439
  3.1581
  3.1407
  3.1462
  3.1366
  3.1453
  3.1384
  3.1299
  3.1421
  3.1395
  3.1468
  3.1458
  3.1418
  3.1512
  3.1438
  3.1338
  3.1346
  3.1335
  3.1316
  3.1297
  3.1362
  3.1431
  3.1423
  3.1470
  3.1275
  3.1370
  3.1385
  3.1396
  3.1400
  3.1441
  3.1384
  3.1451
  3.1384
  3.1388
  3.1320
  3.1365
  3.1522
  3.1382
  3.1381
  3.1323
  3.1528
  3.1355
  3.1479
  3.1299
  3.1259
  3.1352
  3.1328
  3.1357
  3.1270
  3.1351
  3.1250
  3.1343
  3.1293
  3.1482
  3.1345
  3.1409
  3.1331
  3.1365
  3.1396
  3.1447
  3.1394
  3.1412
  3.1407
  3.1373
  3.1449
  3.1300
  3.1337
  3.1353
  3.1398
  3.1347
  3.1370
  3.1314
  3.1445
  3.1383
  3.1421
  3.1357
  3.1437
  3.1379
  3.1388
  3.1382
  3.1286
  3.1339
  3.1394
  3.1423
  3.1405
  3.1419
  3.1395
  3.1323
  3.1346
  3.1348
  3.1336
  3.1387
  3.1364
  3.1434
  3.1369
  3.1344
  3.1383
  3.1344
  3.1227
  3.1383
  3.1365
  3.1295
  3.1318
  3.1325
  3.1230
  3.1399
  3.1396
  3.1418
  3.1405
  3.1367
  3.1343
  3.1415
  3.1441
  3.1367
  3.1368
  3.1355
  3.1347
  3.1318
  3.1372
  3.1353
  3.1290
  3.1254
  3.1343
  3.1346
  3.1349
  3.1339
  3.1292
  3.1339
  3.1303
  3.1277
  3.1320
  3.1335
  3.1252
  3.1377
  3.1286
  3.1214
  3.1313
  3.1393
  3.1294
  3.1400
  3.1275
  3.1311
  3.1256
  3.1291
  3.1326
  3.1306
  3.1231
  3.1346
  3.1369
  3.1396
  3.1318
  3.1306
  3.1293
  3.1350
  3.1237
  3.1359
  3.1398
  3.1323
  3.1359
  3.1347
  3.1483
  3.1209
  3.1441
  3.1322
  3.1334
  3.1271
  3.1326
  3.1270
  3.1242
  3.1315
  3.1315
  3.1296
  3.1246
  3.1427
  3.1355
  3.1285
  3.1331
  3.1323
  3.1264
  3.1340
  3.1270
  3.1238
  3.1430
  3.1340
  3.1341
  3.1301
  3.1384
  3.1212
  3.1335
  3.1357
  3.1289
  3.1316
  3.1322
  3.1332
  3.1317
  3.1405
  3.1420
  3.1321
  3.1267
  3.1166
  3.1329
  3.1469
  3.1304
  3.1366
  3.1220
  3.1349
  3.1337
  3.1436
  3.1347
  3.1466
  3.1202
  3.1366
  3.1267
  3.1336
  3.1269
  3.1438
  3.1264
  3.1415
  3.1252
  3.1294
  3.1303
  3.1308
  3.1332
  3.1308
  3.1369
  3.1257
  3.1257
  3.1286
  3.1263
  3.1352
  3.1294
  3.1402
  3.1258
  3.1289
  3.1327
  3.1300
  3.1296
  3.1317
  3.1252
  3.1355
  3.1396
  3.1299
  3.1333
  3.1251
  3.1251
  3.1356
  3.1344
  3.1330
  3.1337
  3.1257
  3.1349
  3.1252
  3.1307
  3.1281
  3.1255
  3.1196
  3.1346
  3.1300
  3.1224
  3.1401
  3.1429
  3.1276
  3.1365
  3.1352
  3.1238
  3.1308
  3.1391
  3.1387
  3.1362
  3.1314
  3.1358
  3.1243
  3.1350
  3.1281
  3.1213
  3.1284
  3.1248
  3.1298
  3.1246
  3.1401
  3.1292
  3.1212
  3.1298
  3.1335
  3.1401
  3.1261
  3.1246
  3.1377
  3.1261
  3.1318
  3.1352
  3.1299
  3.1392
  3.1297
  3.1228
  3.1392
  3.1293
  3.1395
  3.1218
  3.1312
  3.1403
  3.1326
  3.1393
  3.1375
  3.1298
  3.1455
  3.1229
  3.1280
  3.1212
  3.1177
  3.1316
  3.1349
  3.1308
  3.1399
  3.1263
  3.1376
  3.1325
  3.1201
  3.1204
  3.1270
  3.1324
  3.1457
  3.1312
  3.1322
  3.1218
  3.1266
  3.1357
  3.1281
  3.1291
  3.1301
  3.1327
  3.1275
  3.1298
  3.1323
  3.1244
  3.1198
  3.1352
  3.1245
  3.1217
  3.1293
  3.1334
  3.1384
  3.1243
  3.1453
  3.1276
  3.1390
  3.1276
  3.1404
  3.1293
  3.1184
  3.1254
  3.1289
  3.1256
  3.1229
  3.1286
  3.1217
  3.1291
  3.1196
  3.1125
  3.1328
  3.1275
  3.1270
  3.1249
  3.1267
  3.1205
  3.1294
  3.1173
  3.1248
  3.1289
  3.1300
  3.1244
  3.1311
  3.1360
  3.1350
  3.1287
  3.1317
  3.1330
  3.1270
  3.1205
  3.1185
  3.1270
  3.1326
  3.1333
  3.1323
  3.1395
  3.1273
  3.1264
  3.1293
  3.1236
  3.1336
  3.1277
  3.1358
  3.1292
  3.1238
  3.1261
  3.1255
  3.1217
  3.1304
  3.1209
  3.1237
  3.1216
  3.1168
  3.1335
  3.1354
  3.1292
  3.1330
  3.1229
  3.1309
  3.1296
  3.1384
  3.1282
  3.1389
  3.1301
  3.1249
  3.1194
  3.1302
  3.1181
  3.1307
  3.1379
  3.1205
  3.1290
  3.1242
  3.1318
  3.1291
  3.1319
  3.1336
  3.1176
  3.1289
  3.1362
  3.1223
  3.1362
  3.1268
  3.1257
  3.1320
  3.1379
  3.1238
  3.1170
  3.1121
  3.1303
  3.1162
  3.1355
  3.1232
  3.1286
  3.1356
  3.1387
  3.1178
  3.1187
  3.1270
  3.1292
  3.1298
  3.1298
  3.1360
  3.1271
  3.1294
  3.1316
  3.1344
  3.1440
  3.1257
  3.1157
  3.1324
  3.1357
  3.1314
  3.1256
  3.1244
  3.1354
  3.1377
  3.1337
  3.1327
  3.1371
  3.1278
  3.1275
  3.1323
  3.1382
  3.1211
  3.1270
  3.1385
  3.1270
  3.1158
  3.1232
  3.1335
  3.1183
  3.1289
  3.1367
  3.1299
  3.1206
  3.1263
  3.1348
  3.1293
  3.1297
  3.1339
  3.1265
  3.1367
  3.1240
  3.1328
  3.1304
  3.1413
  3.1429
  3.1310
  3.1183
  3.1211
  3.1376
  3.1299
  3.1216
  3.1241
  3.1261
  3.1256
  3.1351
  3.1259
  3.1193
  3.1367
  3.1289
  3.1321
  3.1292
  3.1303
  3.1240
  3.1267
  3.1208
  3.1290
  3.1295
  3.1323
  3.1232
  3.1187
  3.1221
  3.1280
  3.1337
  3.1303
  3.1119
  3.1370
  3.1446
  3.1171
  3.1269
  3.1255
  3.1224
  3.1317
  3.1372
  3.1432
  3.1257
  3.1233
  3.1386
  3.1392
  3.1340
  3.1292
  3.1257
  3.1235
  3.1251
  3.1295
  3.1213
  3.1301
  3.1229
  3.1292
  3.1353
  3.1292
  3.1356
  3.1321
  3.1262
  3.1334
  3.1322
  3.1392
  3.1219
  3.1374
  3.1291
  3.1283
  3.1353
  3.1240
  3.1309
  3.1281
  3.1413
  3.1418
  3.1163
  3.1354
  3.1291
  3.1271
  3.1171
  3.1289
  3.1232
  3.1278
  3.1241
  3.1292
  3.1337
  3.1346
  3.1358
  3.1314
  3.1279
  3.1304
  3.1310
  3.1263
  3.1242
  3.1287
  3.1273
  3.1235
  3.1173
  3.1252
  3.1329
  3.1366
  3.1261
  3.1306
  3.1266
  3.1347
  3.1319
  3.1283
  3.1227
  3.1312
  3.1235
  3.1127
  3.1318
  3.1221
  3.1328
  3.1287
  3.1464
  3.1109
  3.1252
  3.1284
  3.1293
  3.1263
  3.1295
  3.1296
  3.1442
  3.1270
  3.1339
  3.1178
  3.1410
  3.1299
  3.1295
  3.1286
  3.1333
  3.1209
  3.1399
  3.1265
  3.1278
  3.1346
  3.1281
  3.1292
  3.1325
  3.1419
  3.1226
  3.1143
  3.1224
  3.1168
  3.1279
  3.1197
  3.1196
  3.1339
  3.1291
  3.1391
  3.1222
  3.1308
  3.1306
  3.1266
  3.1407
  3.1415
  3.1190
  3.1165
  3.1318
  3.1230
  3.1316
  3.1302
  3.1160
  3.1307
  3.1238
  3.1354
  3.1275
  3.1252
  3.1225
  3.1316
  3.1332
  3.1296
  3.1402
  3.1251
  3.1269
  3.1164
  3.1181
  3.1289
  3.1236
  3.1252
  3.1272
  3.1322
  3.1276
  3.1267
  3.1267
  3.1251
  3.1224
  3.1341
  3.1286
  3.1287
  3.1198
  3.1277
  3.1225
  3.1281
  3.1291
  3.1197
  3.1231
  3.1239
  3.1274
  3.1224
  3.1295
  3.1316
  3.1292
  3.1210
  3.1240
  3.1209
  3.1313
  3.1264
  3.1249
  3.1243
  3.1314
  3.1240
  3.1276
  3.1157
  3.1216
  3.1346
  3.1267
  3.1163
  3.1366
  3.1281
  3.1300
  3.1304
  3.1312
  3.1247
  3.1315
  3.1319
  3.1178
  3.1204
  3.1193
  3.1255
  3.1369
  3.1314
  3.1359
  3.1209
  3.1414
  3.1297
  3.1282
  3.1367
  3.1340
  3.1257
  3.1265
  3.1227
  3.1395
  3.1314
  3.1237
  3.1266
  3.1290
  3.1268
  3.1190
  3.1191
  3.1197
  3.1381
  3.1192
  3.1260
  3.1307
  3.1203
  3.1243
  3.1256
  3.1228
  3.1418
  3.1214
  3.1321
  3.1287
  3.1371
  3.1175
  3.1291
  3.1233
  3.1303
  3.1328
  3.1232
  3.1263
  3.1294
  3.1370
  3.1232
  3.1212
  3.1269
  3.1276
  3.1295
  3.1363
  3.1315
  3.1221
  3.1124
  3.1294
  3.1310
  3.1238
  3.1325
  3.1276
  3.1249
  3.1313
  3.1297
  3.1222
  3.1149
  3.1270
  3.1316
  3.1322
  3.1384
  3.1244
  3.1365
  3.1203
  3.1323
  3.1232
  3.1236
  3.1420
  3.1265
  3.1180
  3.1229
  3.1355
  3.1120
  3.1312
  3.1142
  3.1358
  3.1107
  3.1300
  3.1258
  3.1222
  3.1318
  3.1271
  3.1284
  3.1212
  3.1207
  3.1337
  3.1371
  3.1157
  3.1373
  3.1193
  3.1294
  3.1265
  3.1361
  3.1222
  3.1266
  3.1281
  3.1331
  3.1295
  3.1316
  3.1269
  3.1331
  3.1288
  3.1314
  3.1203
  3.1347
  3.1237
  3.1340
  3.1198
  3.1339
  3.1399
  3.1228
  3.1169
  3.1332
  3.1318
  3.1272
  3.1340
  3.1248
  3.1365
  3.1345
  3.1192
  3.1392
  3.1241
  3.1281
  3.1191
  3.1246
  3.1277
  3.1419
  3.1256
  3.1293
  3.1279
  3.1343
  3.1263
  3.1216
  3.1264
  3.1239
  3.1282
  3.1332
  3.1339
  3.1327
  3.1321
  3.1339
  3.1227
  3.1188
  3.1308
  3.1279
  3.1221
  3.1261
  3.1239
  3.1221
  3.1292
  3.1325
  3.1262
  3.1386
  3.1311
  3.1180
  3.1192
  3.1231
  3.1347
  3.1242
  3.1244
  3.1349
  3.1282
  3.1284
  3.1322
  3.1286
  3.1310
  3.1208
  3.1268
  3.1322
  3.1291
  3.1418
  3.1284
  3.1288
  3.1361
  3.1268
  3.1204
  3.1361
  3.1353
  3.1297
  3.1262
  3.1287
  3.1366
  3.1272
  3.1168
  3.1199
  3.1291
  3.1328
  3.1230
  3.1315
  3.1134
  3.1249
  3.1322
  3.1350
  3.1217
  3.1230
  3.1298
  3.1358
  3.1239
  3.1301
  3.1235
  3.1328
  3.1406
  3.1349
  3.1439
  3.1367
  3.1265
  3.1232
  3.1198
  3.1226
  3.1322
  3.1293
  3.1365
  3.1258
  3.1153
  3.1302
  3.1185
  3.1296
  3.1287
  3.1251
  3.1285
  3.1276
  3.1318
  3.1377
  3.1304
  3.1243
  3.1302
  3.1324
  3.1236
  3.1313
  3.1226
  3.1182
  3.1340
  3.1337
  3.1238
  3.1276
  3.1205
  3.1340
  3.1218
  3.1447
  3.1351
  3.1378
  3.1298
  3.1315
  3.1235
  3.1294
  3.1255
  3.1264
  3.1169
  3.1369
  3.1282
  3.1289
  3.1276
  3.1331
  3.1331
  3.1260
  3.1282
  3.1193
  3.1243
  3.1260
  3.1292
  3.1238
  3.1274
  3.1245
  3.1290
  3.1133
  3.1276
  3.1221
  3.1275
  3.1243
  3.1247
  3.1304
  3.1327
  3.1327
  3.1255
  3.1257
  3.1230
  3.1296
  3.1217
  3.1277
  3.1295
  3.1314
  3.1293
  3.1172
  3.1322
  3.1301
  3.1286
  3.1221
  3.1248
  3.1247
  3.1249
  3.1202
  3.1308
  3.1221
  3.1166
  3.1249
  3.1360
  3.1203
  3.1330
  3.1443
  3.1352
  3.1251
  3.1242
  3.1375
  3.1177
  3.1348
  3.1308
  3.1294
  3.1389
  3.1344
  3.1321
  3.1271
  3.1320
  3.1515
  3.1142
  3.1260
  3.1308
  3.1245
  3.1384
  3.1286
  3.1259
  3.1304
  3.1283
  3.1219
  3.1223
  3.1376
  3.1310
  3.1305
  3.1234
  3.1178
  3.1333
  3.1362
  3.1259
  3.1227
  3.1257
  3.1401
  3.1337
  3.1427
  3.1292
  3.1283
  3.1258
  3.1313
  3.1309
  3.1165
  3.1421
  3.1241
  3.1298
  3.1393
  3.1342
  3.1228
  3.1323
  3.1292
  3.1307
  3.1323
  3.1247
  3.1279
  3.1179
  3.1334
  3.1248
  3.1311
  3.1328
  3.1247
  3.1260
  3.1257
  3.1318
  3.1348
  3.1371
  3.1383
  3.1339
  3.1264
  3.1329
  3.1241
  3.1283
  3.1159
  3.1380
  3.1361
  3.1352
  3.1203
  3.1242
  3.1259
  3.1197
  3.1217
  3.1138
  3.1307
  3.1202
  3.1295
  3.1302
  3.1286
  3.1482
  3.1299
  3.1362
  3.1316
  3.1246
  3.1188
  3.1240
  3.1276
  3.1226
  3.1331
  3.1455
  3.1171
  3.1264
  3.1229
  3.1267
  3.1347
  3.1300
  3.1318
  3.1344
  3.1305
  3.1233
  3.1360
  3.1299
  3.1139
  3.1276
  3.1325
  3.1321
  3.1315
  3.1246
  3.1238
  3.1135
  3.1319
  3.1239
  3.1299
  3.1293
  3.1266
  3.1241
  3.1309
  3.1293
  3.1268
  3.1217
  3.1322
  3.1334
  3.1236
  3.1357
  3.1290
  3.1372
  3.1316
  3.1274
  3.1212
  3.1288
  3.1283
  3.1258
  3.1231
  3.1246
  3.1229
  3.1343
  3.1278
  3.1257
  3.1252
  3.1298
  3.1300
  3.1271
  3.1290
  3.1265
  3.1301
  3.1281
  3.1281
  3.1212
  3.1302
  3.1306
  3.1272
  3.1297
  3.1384
  3.1284
  3.1214
  3.1294
  3.1288
  3.1316
  3.1350
  3.1329
  3.1314
  3.1279
  3.1287
  3.1291
  3.1270
  3.1263
  3.1329
  3.1389
  3.1347
  3.1334
  3.1382
  3.1310
  3.1083
  3.1307
  3.1336
  3.1138
  3.1255
  3.1307
  3.1282
  3.1285
  3.1408
  3.1336
  3.1247
  3.1269
  3.1281
  3.1216
  3.1337
  3.1334
  3.1304
  3.1345
  3.1232
  3.1196
  3.1285
  3.1405
  3.1194
  3.1327
  3.1214
  3.1236
  3.1208
  3.1328
  3.1285
  3.1360
  3.1315
  3.1268
  3.1270
  3.1207
  3.1239
  3.1285
  3.1371
  3.1325
  3.1209
  3.1271
  3.1235
  3.1272
  3.1195
  3.1400
  3.1270
  3.1286
  3.1346
  3.1342
  3.1290
  3.1374
  3.1210
  3.1207
  3.1222
  3.1263
  3.1290
  3.1263
  3.1337
  3.1275
  3.1243
  3.1255
  3.1104
  3.1260
  3.1255
  3.1301
  3.1210
  3.1181
  3.1230
  3.1239
  3.1264
  3.1372
  3.1410
  3.1328
  3.1363
  3.1384
  3.1235
  3.1337
  3.1289
  3.1267
  3.1313
  3.1158
  3.1237
  3.1251
  3.1166
  3.1301
  3.1362
  3.1308
  3.1205
  3.1340
  3.1296
  3.1301
  3.1295
  3.1276
  3.1247
  3.1160
  3.1283
  3.1190
  3.1326
  3.1301
  3.1364
  3.1340
  3.1334
  3.1359
  3.1253
  3.1314
  3.1230
  3.1180
  3.1315
  3.1406
  3.1311
  3.1311
  3.1237
  3.1350
  3.1235
  3.1207
  3.1323
  3.1431
  3.1374
  3.1248
  3.1319
  3.1207
  3.1317
  3.1281
  3.1261
  3.1178
  3.1194
  3.1213
  3.1192
  3.1275
  3.1199
  3.1240
  3.1233
  3.1402
  3.1258
  3.1167
  3.1259
  3.1283
  3.1229
  3.1289
  3.1258
  3.1343
  3.1205
  3.1417
  3.1278
  3.1135
  3.1333
  3.1339
  3.1348
  3.1248
  3.1292
  3.1241
  3.1260
  3.1348
  3.1192
  3.1180
  3.1316
  3.1302
  3.1293
  3.1426
  3.1357
  3.1238
  3.1211
  3.1230
  3.1318
  3.1356
  3.1303
  3.1300
  3.1293
  3.1365
  3.1286
  3.1374
  3.1352
  3.1199
  3.1396
  3.1360
  3.1256
  3.1225
  3.1224
  3.1323
  3.1391
  3.1275
  3.1247
  3.1303
  3.1241
  3.1286
  3.1300
  3.1224
  3.1239
  3.1385
  3.1333
  3.1238
  3.1308
  3.1370
  3.1360
  3.1284
  3.1342
  3.1340
  3.1278
  3.1276
  3.1313
  3.1362
  3.1295
  3.1248
  3.1367
  3.1320
  3.1236
  3.1199
  3.1268
  3.1293
  3.1303
  3.1215
  3.1372
  3.1192
  3.1298
  3.1325
  3.1278
  3.1320
  3.1287
  3.1311
  3.1257
  3.1263
  3.1293
  3.1266
  3.1291
  3.1185
  3.1370
  3.1272
  3.1374
  3.1298
  3.1239
  3.1116
  3.1197
  3.1331
  3.1220
  3.1312
  3.1315
  3.1357
  3.1321
  3.1252
  3.1418
  3.1317
  3.1250
  3.1267
  3.1267
  3.1201
  3.1357
  3.1279
  3.1135
  3.1266
  3.1303
  3.1223
  3.1335
  3.1221
  3.1370
  3.1267
  3.1233
  3.1227
  3.1150
  3.1183
  3.1303
  3.1334
  3.1289
  3.1314
  3.1215
  3.1262
  3.1286
  3.1253
  3.1258
  3.1283
  3.1180
  3.1301
  3.1226
  3.1259
  3.1313
  3.1246
  3.1304
  3.1168
  3.1278
  3.1303
  3.1173
  3.1387
  3.1369
  3.1333
  3.1334
  3.1195
  3.1280
  3.1147
  3.1359
  3.1305
  3.1321
  3.1311
  3.1241
  3.1274
  3.1285
  3.1283
  3.1248
  3.1389
  3.1321
  3.1197
  3.1328
  3.1264
  3.1262
  3.1381
  3.1314
  3.1170
  3.1271
  3.1319
  3.1331
  3.1242
  3.1242
  3.1176
  3.1200
  3.1205
  3.1276
  3.1328
  3.1327
  3.1248
  3.1297
  3.1239
  3.1289
  3.1224
  3.1308
  3.1370
  3.1295
  3.1194
  3.1291
  3.1226
  3.1387
  3.1207
  3.1364
  3.1315
  3.1305
  3.1280
  3.1332
  3.1406
  3.1315
  3.1302
  3.1271
  3.1287
  3.1254
  3.1398
  3.1345
  3.1329
  3.1318
  3.1272
  3.1365
  3.1312
  3.1304
  3.1325
  3.1276
  3.1183
  3.1203
  3.1341
  3.1336
  3.1241
  3.1234
  3.1358
  3.1329
  3.1203
  3.1254
  3.1279
  3.1187
  3.1384
  3.1366
  3.1327
  3.1279
  3.1286
  3.1282
  3.1375
  3.1314
  3.1197
  3.1245
  3.1232
  3.1232
  3.1418
  3.1350
  3.1348
  3.1288
  3.1239
  3.1224
  3.1272
  3.1274
  3.1128
  3.1303
  3.1248
  3.1220
  3.1233
  3.1221
  3.1237
  3.1231
  3.1244
  3.1218
  3.1235
  3.1224
  3.1267
  3.1361
  3.1192
  3.1357
  3.1309
  3.1280
  3.1256
  3.1326
  3.1381
  3.1267
  3.1267
  3.1334
  3.1315
  3.1275
  3.1206
  3.1302
  3.1265
  3.1302
  3.1301
  3.1288
  3.1345
  3.1257
  3.1330
  3.1227
  3.1383
  3.1257
  3.1356
  3.1369
  3.1212
  3.1324
  3.1341
  3.1243
  3.1210
  3.1259
  3.1302
  3.1297
  3.1383
  3.1324
  3.1227
  3.1212
  3.1262
  3.1321
  3.1292
  3.1272
  3.1234
  3.1317
  3.1216
  3.1218
  3.1113
  3.1192
  3.1272
  3.1387
  3.1420
  3.1296
  3.1232
  3.1278
  3.1269
  3.1212
  3.1275
  3.1347
  3.1234
  3.1262
  3.1249
  3.1399
  3.1239
  3.1338
  3.1312
  3.1192
  3.1249
  3.1328
  3.1316
  3.1268
  3.1378
  3.1352
  3.1229
  3.1261
  3.1304
  3.1260
  3.1395
  3.1221
  3.1263
  3.1372
  3.1362
  3.1281
  3.1151
  3.1212
  3.1256
  3.1205
  3.1272
  3.1287
  3.1340
  3.1318
  3.1365
  3.1218
  3.1314
  3.1310
  3.1292
  3.1214
  3.1280
  3.1317
  3.1325
  3.1310
  3.1241
  3.1221
  3.1287
  3.1273
  3.1217
  3.1339
  3.1328
  3.1264
  3.1311
  3.1207
  3.1290
  3.1238
  3.1272
  3.1188
  3.1106
  3.1451
  3.1354
  3.1289
  3.1215
  3.1250
  3.1221
  3.1445
  3.1246
  3.1266
  3.1253
  3.1344
  3.1316
  3.1239
  3.1301
  3.1246
  3.1252
  3.1301
  3.1239
  3.1398
  3.1207
  3.1293
  3.1237
  3.1298
  3.1207
