C1431409.591522
Gadanki 14/03/2014 09:58:45 14/03/2014 09:59:15 0375 0079.2 0013.5 00
0000000 0020 0000600 0020 01
1 0 2 02000 1 0000 0030 00532.o 0 0 00 000 14 000600 0.500 BT0
532.000 .o analog 0 
  2.9296
 21.3306
 17.9489
 10.8007
 12.6777
 14.6531
 18.8518
 30.4442
 41.5646
 44.0247
 41.6922
 37.6210
 33.7735
 30.3715
 27.1878
 24.1976
 21.5458
 19.1445
 17.0669
 15.4128
 13.9671
 12.9317
 12.0396
 11.3842
 10.6802
  9.6942
  8.7075
  8.1440
  7.7944
  7.4569
  7.2286
  6.8745
  6.4371
  6.1480
  6.0081
  5.8642
  5.7085
  5.5308
  5.3968
  5.3052
  5.2187
  5.0698
  4.8877
  4.7821
  4.6421
  4.5508
  4.4257
  4.3372
  4.3257
  4.2440
  4.1180
  4.1096
  4.0513
  4.0931
  4.0611
  4.0032
  3.9162
  3.8669
  3.8694
  3.8394
  3.7621
  3.6729
  3.6546
  3.6504
  3.6197
  3.5567
  3.5275
  3.5111
  3.5313
  3.4894
  3.4605
  3.4408
  3.3974
  3.3769
  3.3678
  3.3386
  3.3326
  3.3185
  3.3127
  3.2923
  3.3178
  3.3282
  3.3177
  3.2382
  3.2230
  3.2214
  3.2167
  3.1912
  3.1943
  3.1712
  3.1754
  3.1678
  3.1541
  3.1582
  3.1475
  3.1377
  3.1366
  3.1300
  3.1241
  3.1197
  3.1224
  3.1315
  3.1080
  3.1136
  3.1055
  3.0970
  3.0934
  3.0839
  3.0694
  3.1039
  3.0806
  3.0811
  3.0723
  3.0719
  3.0675
  3.0681
  3.0545
  3.0544
  3.0609
  3.0569
  3.0482
  3.0621
  3.0456
  3.0397
  3.0472
  3.0458
  3.0322
  3.0384
  3.0339
  3.0357
  3.0393
  3.0262
  3.0301
  3.0335
  3.0264
  3.0259
  3.0260
  3.0193
  3.0244
  3.0269
  3.0326
  3.0163
  3.0135
  3.0087
  3.0094
  3.0091
  3.0083
  3.0081
  3.0064
  3.0187
  3.0048
  3.0084
  3.0033
  2.9978
  3.0059
  3.0057
  2.9978
  2.9948
  3.0036
  2.9994
  2.9889
  2.9987
  2.9884
  3.0009
  3.0005
  2.9874
  2.9903
  3.0016
  2.9972
  2.9889
  2.9724
  2.9920
  2.9776
  2.9778
  2.9743
  2.9871
  2.9725
  2.9862
  2.9863
  2.9805
  2.9789
  2.9896
  2.9924
  2.9808
  2.9868
  2.9759
  2.9785
  2.9770
  2.9702
  2.9705
  2.9782
  2.9713
  2.9635
  2.9648
  2.9754
  2.9775
  2.9723
  2.9667
  2.9813
  2.9634
  2.9635
  2.9762
  2.9674
  2.9698
  2.9709
  2.9662
  2.9733
  2.9747
  2.9660
  2.9779
  2.9721
  2.9617
  2.9577
  2.9657
  2.9666
  2.9614
  2.9557
  2.9689
  2.9558
  2.9588
  2.9636
  2.9646
  2.9731
  2.9618
  2.9556
  2.9617
  2.9622
  2.9657
  2.9673
  2.9552
  2.9531
  2.9677
  2.9559
  2.9574
  2.9627
  2.9520
  2.9510
  2.9649
  2.9546
  2.9590
  2.9636
  2.9569
  2.9659
  2.9624
  2.9674
  2.9627
  2.9652
  2.9503
  2.9566
  2.9472
  2.9529
  2.9618
  2.9627
  2.9627
  2.9578
  2.9565
  2.9435
  2.9512
  2.9485
  2.9537
  2.9573
  2.9581
  2.9567
  2.9469
  2.9524
  2.9439
  2.9379
  2.9573
  2.9537
  2.9512
  2.9418
  2.9594
  2.9536
  2.9644
  2.9480
  2.9577
  2.9551
  2.9533
  2.9552
  2.9586
  2.9534
  2.9520
  2.9634
  2.9463
  2.9486
  2.9529
  2.9575
  2.9421
  2.9478
  2.9500
  2.9545
  2.9513
  2.9533
  2.9501
  2.9490
  2.9531
  2.9549
  2.9466
  2.9340
  2.9460
  2.9512
  2.9457
  2.9644
  2.9478
  2.9491
  2.9531
  2.9515
  2.9467
  2.9498
  2.9497
  2.9527
  2.9530
  2.9495
  2.9480
  2.9488
  2.9542
  2.9498
  2.9526
  2.9455
  2.9560
  2.9482
  2.9485
  2.9484
  2.9465
  2.9622
  2.9505
  2.9559
  2.9500
  2.9498
  2.9400
  2.9412
  2.9460
  2.9513
  2.9477
  2.9497
  2.9418
  2.9357
  2.9509
  2.9544
  2.9471
  2.9441
  2.9452
  2.9487
  2.9391
  2.9509
  2.9415
  2.9491
  2.9464
  2.9434
  2.9503
  2.9434
  2.9482
  2.9463
  2.9480
  2.9454
  2.9464
  2.9462
  2.9468
  2.9362
  2.9450
  2.9551
  2.9487
  2.9505
  2.9427
  2.9364
  2.9415
  2.9528
  2.9475
  2.9432
  2.9496
  2.9388
  2.9546
  2.9438
  2.9427
  2.9415
  2.9435
  2.9424
  2.9500
  2.9445
  2.9395
  2.9453
  2.9502
  2.9440
  2.9483
  2.9525
  2.9424
  2.9482
  2.9567
  2.9495
  2.9448
  2.9454
  2.9499
  2.9533
  2.9448
  2.9473
  2.9387
  2.9474
  2.9425
  2.9526
  2.9493
  2.9428
  2.9435
  2.9488
  2.9534
  2.9382
  2.9372
  2.9376
  2.9491
  2.9442
  2.9461
  2.9458
  2.9320
  2.9497
  2.9424
  2.9429
  2.9455
  2.9421
  2.9457
  2.9432
  2.9466
  2.9368
  2.9451
  2.9395
  2.9472
  2.9486
  2.9468
  2.9449
  2.9419
  2.9397
  2.9404
  2.9371
  2.9428
  2.9499
  2.9409
  2.9369
  2.9483
  2.9486
  2.9437
  2.9533
  2.9417
  2.9371
  2.9520
  2.9358
  2.9430
  2.9436
  2.9389
  2.9464
  2.9530
  2.9313
  2.9392
  2.9386
  2.9416
  2.9428
  2.9456
  2.9386
  2.9430
  2.9519
  2.9473
  2.9415
  2.9490
  2.9335
  2.9443
  2.9287
  2.9424
  2.9448
  2.9434
  2.9362
  2.9493
  2.9405
  2.9419
  2.9377
  2.9398
  2.9490
  2.9410
  2.9424
  2.9436
  2.9326
  2.9479
  2.9393
  2.9407
  2.9415
  2.9471
  2.9409
  2.9424
  2.9429
  2.9416
  2.9434
  2.9448
  2.9376
  2.9355
  2.9386
  2.9517
  2.9405
  2.9415
  2.9354
  2.9496
  2.9450
  2.9546
  2.9517
  2.9359
  2.9492
  2.9392
  2.9432
  2.9544
  2.9446
  2.9346
  2.9405
  2.9417
  2.9391
  2.9443
  2.9376
  2.9429
  2.9455
  2.9311
  2.9459
  2.9411
  2.9355
  2.9350
  2.9342
  2.9527
  2.9384
  2.9475
  2.9337
  2.9411
  2.9498
  2.9384
  2.9385
  2.9385
  2.9433
  2.9468
  2.9262
  2.9363
  2.9318
  2.9414
  2.9377
  2.9434
  2.9378
  2.9473
  2.9442
  2.9390
  2.9420
  2.9418
  2.9404
  2.9373
  2.9513
  2.9448
  2.9405
  2.9381
  2.9294
  2.9477
  2.9378
  2.9413
  2.9359
  2.9426
  2.9381
  2.9374
  2.9303
  2.9390
  2.9442
  2.9455
  2.9328
  2.9462
  2.9348
  2.9432
  2.9448
  2.9293
  2.9474
  2.9316
  2.9365
  2.9424
  2.9364
  2.9366
  2.9442
  2.9421
  2.9427
  2.9330
  2.9390
  2.9368
  2.9445
  2.9410
  2.9349
  2.9412
  2.9320
  2.9424
  2.9528
  2.9392
  2.9473
  2.9460
  2.9426
  2.9251
  2.9389
  2.9517
  2.9413
  2.9274
  2.9454
  2.9475
  2.9367
  2.9310
  2.9301
  2.9417
  2.9397
  2.9395
  2.9340
  2.9359
  2.9462
  2.9393
  2.9445
  2.9373
  2.9457
  2.9432
  2.9379
  2.9447
  2.9440
  2.9352
  2.9420
  2.9398
  2.9416
  2.9486
  2.9412
  2.9392
  2.9396
  2.9413
  2.9484
  2.9343
  2.9371
  2.9506
  2.9531
  2.9394
  2.9397
  2.9356
  2.9423
  2.9462
  2.9442
  2.9307
  2.9394
  2.9403
  2.9377
  2.9384
  2.9351
  2.9570
  2.9405
  2.9470
  2.9412
  2.9361
  2.9311
  2.9438
  2.9461
  2.9434
  2.9458
  2.9524
  2.9382
  2.9417
  2.9403
  2.9364
  2.9319
  2.9330
  2.9462
  2.9373
  2.9550
  2.9512
  2.9427
  2.9459
  2.9326
  2.9350
  2.9453
  2.9355
  2.9442
  2.9497
  2.9443
  2.9414
  2.9357
  2.9438
  2.9475
  2.9468
  2.9406
  2.9445
  2.9438
  2.9411
  2.9430
  2.9410
  2.9427
  2.9500
  2.9340
  2.9348
  2.9268
  2.9434
  2.9443
  2.9408
  2.9438
  2.9330
  2.9447
  2.9451
  2.9384
  2.9384
  2.9388
  2.9377
  2.9494
  2.9375
  2.9363
  2.9349
  2.9531
  2.9368
  2.9364
  2.9407
  2.9298
  2.9471
  2.9548
  2.9406
  2.9395
  2.9391
  2.9332
  2.9338
  2.9369
  2.9448
  2.9419
  2.9437
  2.9423
  2.9466
  2.9366
  2.9392
  2.9416
  2.9381
  2.9355
  2.9400
  2.9437
  2.9363
  2.9499
  2.9441
  2.9510
  2.9419
  2.9538
  2.9448
  2.9479
  2.9375
  2.9503
  2.9355
  2.9412
  2.9399
  2.9419
  2.9417
  2.9435
  2.9333
  2.9417
  2.9377
  2.9535
  2.9441
  2.9443
  2.9438
  2.9437
  2.9447
  2.9493
  2.9382
  2.9441
  2.9358
  2.9489
  2.9417
  2.9399
  2.9368
  2.9437
  2.9382
  2.9432
  2.9463
  2.9502
  2.9395
  2.9316
  2.9389
  2.9409
  2.9477
  2.9400
  2.9373
  2.9460
  2.9381
  2.9365
  2.9407
  2.9475
  2.9453
  2.9367
  2.9438
  2.9362
  2.9367
  2.9306
  2.9412
  2.9448
  2.9433
  2.9474
  2.9466
  2.9445
  2.9441
  2.9398
  2.9437
  2.9430
  2.9413
  2.9477
  2.9472
  2.9372
  2.9401
  2.9402
  2.9459
  2.9441
  2.9281
  2.9312
  2.9290
  2.9357
  2.9285
  2.9331
  2.9435
  2.9407
  2.9317
  2.9323
  2.9471
  2.9435
  2.9448
  2.9369
  2.9442
  2.9350
  2.9435
  2.9505
  2.9390
  2.9469
  2.9452
  2.9422
  2.9350
  2.9384
  2.9266
  2.9470
  2.9296
  2.9480
  2.9488
  2.9333
  2.9490
  2.9487
  2.9459
  2.9296
  2.9436
  2.9250
  2.9362
  2.9414
  2.9388
  2.9415
  2.9364
  2.9399
  2.9364
  2.9415
  2.9499
  2.9313
  2.9437
  2.9490
  2.9404
  2.9348
  2.9387
  2.9453
  2.9402
  2.9368
  2.9378
  2.9506
  2.9408
  2.9305
  2.9431
  2.9307
  2.9310
  2.9404
  2.9378
  2.9364
  2.9442
  2.9458
  2.9353
  2.9458
  2.9461
  2.9369
  2.9344
  2.9339
  2.9402
  2.9416
  2.9416
  2.9373
  2.9446
  2.9377
  2.9482
  2.9524
  2.9403
  2.9427
  2.9421
  2.9299
  2.9385
  2.9455
  2.9428
  2.9411
  2.9428
  2.9453
  2.9372
  2.9338
  2.9433
  2.9277
  2.9399
  2.9417
  2.9451
  2.9418
  2.9460
  2.9449
  2.9410
  2.9409
  2.9439
  2.9419
  2.9327
  2.9380
  2.9378
  2.9232
  2.9324
  2.9376
  2.9430
  2.9294
  2.9347
  2.9339
  2.9388
  2.9449
  2.9457
  2.9412
  2.9395
  2.9365
  2.9403
  2.9304
  2.9426
  2.9546
  2.9454
  2.9445
  2.9438
  2.9395
  2.9381
  2.9454
  2.9424
  2.9432
  2.9401
  2.9439
  2.9478
  2.9343
  2.9332
  2.9404
  2.9327
  2.9433
  2.9278
  2.9360
  2.9410
  2.9519
  2.9316
  2.9300
  2.9406
  2.9467
  2.9474
  2.9410
  2.9369
  2.9454
  2.9354
  2.9339
  2.9442
  2.9370
  2.9438
  2.9424
  2.9369
  2.9343
  2.9423
  2.9297
  2.9401
  2.9389
  2.9425
  2.9383
  2.9419
  2.9442
  2.9412
  2.9534
  2.9409
  2.9332
  2.9430
  2.9419
  2.9398
  2.9346
  2.9287
  2.9373
  2.9467
  2.9339
  2.9319
  2.9372
  2.9433
  2.9347
  2.9418
  2.9345
  2.9415
  2.9363
  2.9430
  2.9419
  2.9197
  2.9247
  2.9353
  2.9451
  2.9391
  2.9369
  2.9490
  2.9442
  2.9336
  2.9365
  2.9429
  2.9449
  2.9465
  2.9466
  2.9462
  2.9416
  2.9411
  2.9378
  2.9313
  2.9434
  2.9357
  2.9433
  2.9376
  2.9408
  2.9436
  2.9346
  2.9443
  2.9377
  2.9426
  2.9264
  2.9379
  2.9357
  2.9365
  2.9388
  2.9485
  2.9370
  2.9379
  2.9449
  2.9356
  2.9349
  2.9462
  2.9459
  2.9463
  2.9371
  2.9376
  2.9366
  2.9394
  2.9447
  2.9350
  2.9445
  2.9408
  2.9252
  2.9335
  2.9452
  2.9444
  2.9417
  2.9505
  2.9380
  2.9509
  2.9395
  2.9420
  2.9356
  2.9345
  2.9474
  2.9344
  2.9417
  2.9401
  2.9479
  2.9504
  2.9389
  2.9432
  2.9357
  2.9384
  2.9482
  2.9306
  2.9447
  2.9395
  2.9425
  2.9413
  2.9392
  2.9410
  2.9379
  2.9382
  2.9509
  2.9299
  2.9330
  2.9502
  2.9349
  2.9505
  2.9413
  2.9489
  2.9456
  2.9320
  2.9437
  2.9357
  2.9415
  2.9359
  2.9341
  2.9337
  2.9481
  2.9320
  2.9445
  2.9483
  2.9280
  2.9435
  2.9354
  2.9410
  2.9503
  2.9352
  2.9413
  2.9431
  2.9357
  2.9439
  2.9386
  2.9350
  2.9354
  2.9401
  2.9438
  2.9379
  2.9454
  2.9476
  2.9482
  2.9477
  2.9329
  2.9519
  2.9294
  2.9314
  2.9366
  2.9401
  2.9485
  2.9473
  2.9483
  2.9449
  2.9383
  2.9432
  2.9423
  2.9344
  2.9471
  2.9482
  2.9343
  2.9434
  2.9330
  2.9381
  2.9311
  2.9333
  2.9295
  2.9486
  2.9501
  2.9382
  2.9366
  2.9486
  2.9412
  2.9352
  2.9404
  2.9403
  2.9411
  2.9437
  2.9399
  2.9467
  2.9462
  2.9342
  2.9474
  2.9383
  2.9376
  2.9379
  2.9514
  2.9432
  2.9447
  2.9270
  2.9448
  2.9365
  2.9356
  2.9353
  2.9446
  2.9502
  2.9398
  2.9314
  2.9391
  2.9452
  2.9460
  2.9453
  2.9376
  2.9386
  2.9402
  2.9318
  2.9420
  2.9410
  2.9480
  2.9479
  2.9376
  2.9321
  2.9337
  2.9379
  2.9475
  2.9424
  2.9392
  2.9403
  2.9308
  2.9353
  2.9406
  2.9342
  2.9370
  2.9371
  2.9357
  2.9404
  2.9491
  2.9380
  2.9409
  2.9331
  2.9500
  2.9449
  2.9396
  2.9397
  2.9413
  2.9488
  2.9390
  2.9462
  2.9382
  2.9398
  2.9398
  2.9506
  2.9467
  2.9411
  2.9326
  2.9466
  2.9433
  2.9491
  2.9427
  2.9381
  2.9351
  2.9315
  2.9392
  2.9310
  2.9403
  2.9445
  2.9360
  2.9391
  2.9378
  2.9349
  2.9321
  2.9326
  2.9369
  2.9378
  2.9356
  2.9425
  2.9398
  2.9475
  2.9399
  2.9345
  2.9347
  2.9347
  2.9456
  2.9537
  2.9350
  2.9464
  2.9333
  2.9416
  2.9515
  2.9378
  2.9466
  2.9538
  2.9372
  2.9420
  2.9296
  2.9443
  2.9477
  2.9365
  2.9460
  2.9349
  2.9446
  2.9402
  2.9448
  2.9423
  2.9336
  2.9434
  2.9343
  2.9563
  2.9426
  2.9432
  2.9291
  2.9387
  2.9418
  2.9350
  2.9271
  2.9430
  2.9424
  2.9340
  2.9258
  2.9557
  2.9491
  2.9327
  2.9388
  2.9416
  2.9345
  2.9501
  2.9475
  2.9427
  2.9465
  2.9319
  2.9414
  2.9376
  2.9406
  2.9370
  2.9438
  2.9447
  2.9313
  2.9314
  2.9320
  2.9333
  2.9401
  2.9378
  2.9412
  2.9408
  2.9448
  2.9424
  2.9360
  2.9379
  2.9401
  2.9375
  2.9362
  2.9382
  2.9416
  2.9470
  2.9450
  2.9253
  2.9332
  2.9386
  2.9422
  2.9344
  2.9407
  2.9340
  2.9413
  2.9550
  2.9299
  2.9392
  2.9417
  2.9369
  2.9427
  2.9296
  2.9403
  2.9360
  2.9370
  2.9371
  2.9464
  2.9466
  2.9382
  2.9394
  2.9376
  2.9383
  2.9376
  2.9408
  2.9490
  2.9446
  2.9421
  2.9426
  2.9298
  2.9401
  2.9526
  2.9418
  2.9333
  2.9428
  2.9337
  2.9367
  2.9373
  2.9276
  2.9473
  2.9345
  2.9359
  2.9352
  2.9294
  2.9400
  2.9284
  2.9502
  2.9475
  2.9281
  2.9428
  2.9404
  2.9322
  2.9449
  2.9358
  2.9308
  2.9332
  2.9302
  2.9389
  2.9272
  2.9323
  2.9452
  2.9370
  2.9380
  2.9339
  2.9400
  2.9380
  2.9348
  2.9525
  2.9396
  2.9305
  2.9366
  2.9374
  2.9374
  2.9435
  2.9403
  2.9355
  2.9412
  2.9437
  2.9386
  2.9385
  2.9355
  2.9477
  2.9420
  2.9504
  2.9425
  2.9451
  2.9479
  2.9484
  2.9360
  2.9291
  2.9349
  2.9469
  2.9335
  2.9486
  2.9424
  2.9311
  2.9340
  2.9344
  2.9414
  2.9346
  2.9290
  2.9448
  2.9451
  2.9453
  2.9304
  2.9444
  2.9335
  2.9286
  2.9343
  2.9407
  2.9479
  2.9355
  2.9331
  2.9429
  2.9396
  2.9378
  2.9460
  2.9435
  2.9374
  2.9336
  2.9335
  2.9415
  2.9376
  2.9357
  2.9479
  2.9453
  2.9389
  2.9382
  2.9412
  2.9404
  2.9349
  2.9486
  2.9369
  2.9417
  2.9342
  2.9350
  2.9430
  2.9465
  2.9368
  2.9378
  2.9290
  2.9290
  2.9383
  2.9441
  2.9372
  2.9340
  2.9406
  2.9380
  2.9435
  2.9498
  2.9537
  2.9408
  2.9359
  2.9450
  2.9306
  2.9378
  2.9443
  2.9375
  2.9349
  2.9332
  2.9343
  2.9374
  2.9382
  2.9438
  2.9503
  2.9371
  2.9387
  2.9399
  2.9354
  2.9435
  2.9493
  2.9440
  2.9372
  2.9451
  2.9497
  2.9431
  2.9460
  2.9477
  2.9402
  2.9469
  2.9382
  2.9376
  2.9502
  2.9374
  2.9402
  2.9315
  2.9232
  2.9420
  2.9419
  2.9424
  2.9440
  2.9453
  2.9325
  2.9283
  2.9333
  2.9429
  2.9299
  2.9457
  2.9420
  2.9434
  2.9335
  2.9359
  2.9389
  2.9264
  2.9398
  2.9394
  2.9484
  2.9337
  2.9439
  2.9372
  2.9457
  2.9492
  2.9339
  2.9459
  2.9398
  2.9443
  2.9375
  2.9372
  2.9424
  2.9389
  2.9337
  2.9314
  2.9402
  2.9356
  2.9397
  2.9445
  2.9432
  2.9412
  2.9407
  2.9326
  2.9403
  2.9409
  2.9315
  2.9434
  2.9370
  2.9366
  2.9392
  2.9451
  2.9474
  2.9472
  2.9386
  2.9396
  2.9400
  2.9433
  2.9337
  2.9465
  2.9451
  2.9421
  2.9409
  2.9437
  2.9392
  2.9412
  2.9362
  2.9270
  2.9413
  2.9318
  2.9455
  2.9371
  2.9357
  2.9449
  2.9375
  2.9368
  2.9240
  2.9367
  2.9351
  2.9469
  2.9408
  2.9443
  2.9370
  2.9369
  2.9425
  2.9408
  2.9399
  2.9483
  2.9371
  2.9479
  2.9409
  2.9376
  2.9382
  2.9408
  2.9426
  2.9441
  2.9344
  2.9406
  2.9342
  2.9410
  2.9473
  2.9475
  2.9476
  2.9281
  2.9329
  2.9458
  2.9391
  2.9414
  2.9429
  2.9358
  2.9418
  2.9383
  2.9447
  2.9351
  2.9298
  2.9389
  2.9405
  2.9402
  2.9446
  2.9403
  2.9253
  2.9407
  2.9352
  2.9268
  2.9338
  2.9445
  2.9402
  2.9400
  2.9351
  2.9465
  2.9329
  2.9363
  2.9375
  2.9402
  2.9391
  2.9366
  2.9430
  2.9391
  2.9418
  2.9360
  2.9359
  2.9378
  2.9342
  2.9363
  2.9400
  2.9424
  2.9456
  2.9426
  2.9416
  2.9425
  2.9401
  2.9387
  2.9418
  2.9418
  2.9385
  2.9390
  2.9390
  2.9408
  2.9412
  2.9314
  2.9441
  2.9392
  2.9515
  2.9361
  2.9313
  2.9348
  2.9425
  2.9416
  2.9303
  2.9386
  2.9385
  2.9362
  2.9396
  2.9383
  2.9297
  2.9373
  2.9291
  2.9411
  2.9453
  2.9451
  2.9353
  2.9264
  2.9432
  2.9427
  2.9509
  2.9399
  2.9365
  2.9446
  2.9399
  2.9352
  2.9385
  2.9376
  2.9438
  2.9389
  2.9379
  2.9534
  2.9476
  2.9364
  2.9442
  2.9392
  2.9403
  2.9328
  2.9436
  2.9327
  2.9313
  2.9407
  2.9415
  2.9402
  2.9468
  2.9398
  2.9497
  2.9404
  2.9510
  2.9458
  2.9472
  2.9429
  2.9516
  2.9404
  2.9406
  2.9423
  2.9375
  2.9496
  2.9459
  2.9316
  2.9409
  2.9444
  2.9434
  2.9340
  2.9337
  2.9424
  2.9478
  2.9436
  2.9405
  2.9382
  2.9389
  2.9501
  2.9362
  2.9409
  2.9380
  2.9404
  2.9347
  2.9370
  2.9447
  2.9324
  2.9401
  2.9358
  2.9470
  2.9389
  2.9274
  2.9427
  2.9369
  2.9480
  2.9376
  2.9403
  2.9451
  2.9401
  2.9358
  2.9410
  2.9408
  2.9365
  2.9371
  2.9310
  2.9383
  2.9442
  2.9434
  2.9470
  2.9418
  2.9400
  2.9459
  2.9354
  2.9326
  2.9427
  2.9387
  2.9424
  2.9484
  2.9323
  2.9345
  2.9428
  2.9422
  2.9375
  2.9475
  2.9486
  2.9356
  2.9382
  2.9222
  2.9334
  2.9457
  2.9429
  2.9466
  2.9419
  2.9452
  2.9440
  2.9478
  2.9431
  2.9408
  2.9370
  2.9444
  2.9461
  2.9318
  2.9267
  2.9406
  2.9378
  2.9251
  2.9456
  2.9347
  2.9367
  2.9291
  2.9569
  2.9343
  2.9356
  2.9402
  2.9363
  2.9486
  2.9384
  2.9490
  2.9434
  2.9374
  2.9339
  2.9384
  2.9343
  2.9495
  2.9427
  2.9379
  2.9410
  2.9360
  2.9456
  2.9341
  2.9398
  2.9327
  2.9349
  2.9454
  2.9332
  2.9414
  2.9424
  2.9517
  2.9349
  2.9325
  2.9357
  2.9585
  2.9357
  2.9486
  2.9312
  2.9349
  2.9316
  2.9401
  2.9360
  2.9402
  2.9406
  2.9460
  2.9404
  2.9399
  2.9406
  2.9396
  2.9465
  2.9360
  2.9389
  2.9396
  2.9426
  2.9391
  2.9402
  2.9369
  2.9411
  2.9398
  2.9394
  2.9445
  2.9406
  2.9388
  2.9427
  2.9460
  2.9384
  2.9375
  2.9350
  2.9396
  2.9326
  2.9353
  2.9300
  2.9386
  2.9460
  2.9414
  2.9408
  2.9485
  2.9332
  2.9350
  2.9402
  2.9391
  2.9408
  2.9477
  2.9388
  2.9427
  2.9325
  2.9423
  2.9322
  2.9431
  2.9375
  2.9491
  2.9309
  2.9226
  2.9432
  2.9418
  2.9367
  2.9485
  2.9411
  2.9355
  2.9426
  2.9366
  2.9489
  2.9458
  2.9353
  2.9351
  2.9509
  2.9460
  2.9449
  2.9340
  2.9399
  2.9321
  2.9434
  2.9451
  2.9408
  2.9363
  2.9402
  2.9446
  2.9366
  2.9433
  2.9364
  2.9347
  2.9379
  2.9387
  2.9464
  2.9429
  2.9333
  2.9421
  2.9403
  2.9336
  2.9443
  2.9393
  2.9331
  2.9386
  2.9323
  2.9316
  2.9410
  2.9412
  2.9407
  2.9448
  2.9269
  2.9425
  2.9356
  2.9391
  2.9415
  2.9414
  2.9416
  2.9397
  2.9380
  2.9505
  2.9357
  2.9330
  2.9420
  2.9456
  2.9349
  2.9341
  2.9303
  2.9283
  2.9347
  2.9431
  2.9421
  2.9441
  2.9517
  2.9285
  2.9387
  2.9420
  2.9353
  2.9407
  2.9381
  2.9384
  2.9480
  2.9314
  2.9406
  2.9415
  2.9436
  2.9367
  2.9408
  2.9329
  2.9421
  2.9398
  2.9317
  2.9383
  2.9402
  2.9391
  2.9356
  2.9332
  2.9359
  2.9448
  2.9440
  2.9467
  2.9400
  2.9556
  2.9380
  2.9377
  2.9467
  2.9508
