C1431410.160190
Gadanki 14/03/2014 10:15:31 14/03/2014 10:16:02 0375 0079.2 0013.5 00
0000000 0020 0000600 0020 01
1 0 2 02000 1 0000 0030 00532.o 0 0 00 000 14 000600 0.500 BT0
532.000 .o analog 0 
  3.1286
 21.6358
 18.3646
 11.2237
 12.6383
 14.1239
 17.1614
 26.9901
 37.4903
 41.4448
 39.9951
 36.5085
 33.0672
 29.7136
 26.6350
 23.5173
 21.0963
 18.9153
 17.0837
 15.6518
 14.4674
 13.2768
 12.3203
 11.6051
 11.0788
 10.5602
 10.0609
  9.5900
  9.0986
  8.6805
  8.2444
  7.8429
  7.4982
  7.0714
  6.7801
  6.4668
  6.1929
  5.9383
  5.7476
  5.4727
  5.2992
  5.1515
  5.0369
  4.9360
  4.8512
  4.7253
  4.6423
  4.5288
  4.4735
  4.4349
  4.3583
  4.2822
  4.1939
  4.1493
  4.1248
  4.1529
  4.1276
  4.0209
  3.9905
  4.0310
  4.0043
  3.9713
  3.8702
  3.8240
  3.8086
  3.7808
  3.7259
  3.7073
  3.6836
  3.6979
  3.6538
  3.6354
  3.6104
  3.5709
  3.5669
  3.5393
  3.5243
  3.5094
  3.4940
  3.4916
  3.5040
  3.5211
  3.5310
  3.5043
  3.4320
  3.4043
  3.3922
  3.4003
  3.3818
  3.3809
  3.3679
  3.3531
  3.3504
  3.3445
  3.3470
  3.3282
  3.3400
  3.3299
  3.3236
  3.3164
  3.3059
  3.3017
  3.3071
  3.3058
  3.2885
  3.2899
  3.2789
  3.2839
  3.2800
  3.2757
  3.2682
  3.2664
  3.2598
  3.2640
  3.2586
  3.2619
  3.2546
  3.2522
  3.2606
  3.2531
  3.2496
  3.2454
  3.2511
  3.2446
  3.2427
  3.2308
  3.2398
  3.2380
  3.2297
  3.2340
  3.2271
  3.2291
  3.2233
  3.2267
  3.2188
  3.2178
  3.2207
  3.2204
  3.2049
  3.2073
  3.2009
  3.2071
  3.2127
  3.2143
  3.2023
  3.2069
  3.2074
  3.2066
  3.2006
  3.1936
  3.2026
  3.2003
  3.1988
  3.1775
  3.1947
  3.2020
  3.1945
  3.1846
  3.1929
  3.1794
  3.1826
  3.1956
  3.1934
  3.1889
  3.1972
  3.1895
  3.1907
  3.1851
  3.1825
  3.1826
  3.1731
  3.1815
  3.1872
  3.1896
  3.1851
  3.1816
  3.1707
  3.1762
  3.1766
  3.1646
  3.1637
  3.1737
  3.1768
  3.1675
  3.1694
  3.1672
  3.1612
  3.1621
  3.1780
  3.1669
  3.1773
  3.1694
  3.1679
  3.1700
  3.1607
  3.1615
  3.1721
  3.1625
  3.1654
  3.1611
  3.1595
  3.1613
  3.1553
  3.1600
  3.1628
  3.1657
  3.1570
  3.1658
  3.1522
  3.1629
  3.1655
  3.1587
  3.1679
  3.1498
  3.1624
  3.1684
  3.1750
  3.1650
  3.1610
  3.1581
  3.1543
  3.1640
  3.1548
  3.1530
  3.1575
  3.1656
  3.1460
  3.1528
  3.1453
  3.1523
  3.1598
  3.1529
  3.1539
  3.1544
  3.1595
  3.1572
  3.1521
  3.1648
  3.1566
  3.1566
  3.1606
  3.1514
  3.1605
  3.1489
  3.1425
  3.1520
  3.1423
  3.1449
  3.1490
  3.1347
  3.1513
  3.1526
  3.1558
  3.1518
  3.1391
  3.1420
  3.1419
  3.1332
  3.1480
  3.1410
  3.1596
  3.1582
  3.1550
  3.1509
  3.1535
  3.1518
  3.1446
  3.1503
  3.1496
  3.1433
  3.1386
  3.1413
  3.1608
  3.1408
  3.1435
  3.1437
  3.1555
  3.1458
  3.1387
  3.1514
  3.1369
  3.1430
  3.1499
  3.1427
  3.1436
  3.1429
  3.1535
  3.1438
  3.1404
  3.1341
  3.1577
  3.1372
  3.1491
  3.1415
  3.1438
  3.1479
  3.1467
  3.1422
  3.1459
  3.1467
  3.1478
  3.1428
  3.1401
  3.1441
  3.1362
  3.1403
  3.1534
  3.1408
  3.1488
  3.1385
  3.1476
  3.1443
  3.1393
  3.1530
  3.1481
  3.1443
  3.1436
  3.1459
  3.1434
  3.1403
  3.1426
  3.1357
  3.1464
  3.1266
  3.1521
  3.1310
  3.1467
  3.1292
  3.1306
  3.1358
  3.1463
  3.1469
  3.1467
  3.1393
  3.1295
  3.1310
  3.1341
  3.1425
  3.1446
  3.1470
  3.1482
  3.1431
  3.1378
  3.1372
  3.1419
  3.1301
  3.1285
  3.1377
  3.1480
  3.1416
  3.1353
  3.1477
  3.1394
  3.1389
  3.1395
  3.1398
  3.1384
  3.1474
  3.1386
  3.1466
  3.1404
  3.1355
  3.1361
  3.1541
  3.1442
  3.1347
  3.1415
  3.1479
  3.1465
  3.1444
  3.1411
  3.1260
  3.1347
  3.1412
  3.1504
  3.1388
  3.1369
  3.1438
  3.1330
  3.1399
  3.1365
  3.1405
  3.1334
  3.1366
  3.1416
  3.1494
  3.1444
  3.1317
  3.1179
  3.1426
  3.1375
  3.1475
  3.1243
  3.1307
  3.1487
  3.1468
  3.1396
  3.1317
  3.1409
  3.1497
  3.1477
  3.1247
  3.1419
  3.1328
  3.1413
  3.1477
  3.1359
  3.1477
  3.1358
  3.1407
  3.1272
  3.1490
  3.1429
  3.1472
  3.1402
  3.1455
  3.1338
  3.1487
  3.1460
  3.1377
  3.1358
  3.1307
  3.1501
  3.1301
  3.1429
  3.1318
  3.1508
  3.1406
  3.1355
  3.1437
  3.1302
  3.1401
  3.1332
  3.1342
  3.1398
  3.1490
  3.1263
  3.1434
  3.1497
  3.1303
  3.1299
  3.1290
  3.1385
  3.1402
  3.1461
  3.1268
  3.1344
  3.1353
  3.1352
  3.1308
  3.1452
  3.1380
  3.1430
  3.1473
  3.1256
  3.1367
  3.1459
  3.1245
  3.1375
  3.1460
  3.1375
  3.1273
  3.1385
  3.1399
  3.1529
  3.1419
  3.1323
  3.1378
  3.1370
  3.1429
  3.1452
  3.1402
  3.1350
  3.1408
  3.1464
  3.1388
  3.1374
  3.1311
  3.1324
  3.1331
  3.1496
  3.1284
  3.1436
  3.1372
  3.1415
  3.1352
  3.1330
  3.1344
  3.1439
  3.1437
  3.1374
  3.1311
  3.1464
  3.1388
  3.1367
  3.1296
  3.1466
  3.1339
  3.1251
  3.1396
  3.1343
  3.1380
  3.1359
  3.1211
  3.1277
  3.1384
  3.1315
  3.1382
  3.1395
  3.1341
  3.1285
  3.1309
  3.1362
  3.1474
  3.1428
  3.1352
  3.1315
  3.1253
  3.1351
  3.1300
  3.1436
  3.1345
  3.1376
  3.1318
  3.1345
  3.1336
  3.1492
  3.1322
  3.1401
  3.1406
  3.1349
  3.1247
  3.1343
  3.1360
  3.1388
  3.1329
  3.1373
  3.1387
  3.1335
  3.1454
  3.1463
  3.1232
  3.1235
  3.1312
  3.1368
  3.1393
  3.1299
  3.1338
  3.1351
  3.1325
  3.1320
  3.1371
  3.1357
  3.1399
  3.1258
  3.1189
  3.1186
  3.1442
  3.1321
  3.1321
  3.1310
  3.1282
  3.1450
  3.1434
  3.1410
  3.1358
  3.1400
  3.1400
  3.1355
  3.1270
  3.1461
  3.1371
  3.1288
  3.1370
  3.1405
  3.1346
  3.1375
  3.1339
  3.1279
  3.1448
  3.1313
  3.1327
  3.1346
  3.1432
  3.1256
  3.1219
  3.1422
  3.1226
  3.1297
  3.1245
  3.1256
  3.1402
  3.1437
  3.1330
  3.1314
  3.1425
  3.1249
  3.1340
  3.1315
  3.1386
  3.1452
  3.1386
  3.1259
  3.1324
  3.1276
  3.1391
  3.1250
  3.1371
  3.1277
  3.1336
  3.1296
  3.1377
  3.1389
  3.1365
  3.1261
  3.1235
  3.1283
  3.1261
  3.1265
  3.1356
  3.1313
  3.1357
  3.1276
  3.1437
  3.1359
  3.1351
  3.1410
  3.1383
  3.1360
  3.1299
  3.1385
  3.1278
  3.1312
  3.1271
  3.1442
  3.1364
  3.1400
  3.1354
  3.1429
  3.1217
  3.1358
  3.1283
  3.1253
  3.1370
  3.1266
  3.1293
  3.1390
  3.1296
  3.1335
  3.1307
  3.1287
  3.1407
  3.1314
  3.1264
  3.1293
  3.1320
  3.1365
  3.1362
  3.1208
  3.1357
  3.1255
  3.1459
  3.1372
  3.1244
  3.1384
  3.1374
  3.1295
  3.1415
  3.1323
  3.1314
  3.1398
  3.1455
  3.1337
  3.1262
  3.1275
  3.1288
  3.1344
  3.1453
  3.1332
  3.1335
  3.1222
  3.1401
  3.1408
  3.1341
  3.1403
  3.1316
  3.1449
  3.1372
  3.1365
  3.1371
  3.1258
  3.1306
  3.1301
  3.1342
  3.1284
  3.1363
  3.1268
  3.1279
  3.1337
  3.1371
  3.1298
  3.1466
  3.1372
  3.1300
  3.1361
  3.1472
  3.1415
  3.1327
  3.1301
  3.1494
  3.1410
  3.1350
  3.1310
  3.1417
  3.1336
  3.1397
  3.1372
  3.1446
  3.1423
  3.1395
  3.1407
  3.1434
  3.1474
  3.1326
  3.1381
  3.1394
  3.1373
  3.1369
  3.1479
  3.1364
  3.1364
  3.1364
  3.1229
  3.1354
  3.1377
  3.1297
  3.1231
  3.1517
  3.1161
  3.1221
  3.1315
  3.1272
  3.1331
  3.1276
  3.1361
  3.1346
  3.1424
  3.1232
  3.1459
  3.1353
  3.1449
  3.1506
  3.1416
  3.1374
  3.1441
  3.1219
  3.1241
  3.1375
  3.1344
  3.1357
  3.1306
  3.1500
  3.1263
  3.1344
  3.1356
  3.1261
  3.1345
  3.1417
  3.1358
  3.1261
  3.1348
  3.1396
  3.1343
  3.1339
  3.1320
  3.1302
  3.1273
  3.1318
  3.1228
  3.1242
  3.1253
  3.1352
  3.1412
  3.1500
  3.1276
  3.1409
  3.1344
  3.1374
  3.1340
  3.1271
  3.1417
  3.1316
  3.1420
  3.1357
  3.1285
  3.1420
  3.1361
  3.1323
  3.1356
  3.1266
  3.1326
  3.1315
  3.1409
  3.1298
  3.1356
  3.1449
  3.1316
  3.1437
  3.1379
  3.1444
  3.1340
  3.1387
  3.1390
  3.1436
  3.1383
  3.1477
  3.1328
  3.1413
  3.1306
  3.1367
  3.1371
  3.1508
  3.1252
  3.1300
  3.1340
  3.1391
  3.1335
  3.1354
  3.1440
  3.1410
  3.1375
  3.1316
  3.1281
  3.1305
  3.1350
  3.1550
  3.1390
  3.1291
  3.1285
  3.1303
  3.1415
  3.1418
  3.1401
  3.1497
  3.1431
  3.1409
  3.1336
  3.1189
  3.1382
  3.1437
  3.1393
  3.1347
  3.1318
  3.1367
  3.1297
  3.1317
  3.1336
  3.1341
  3.1492
  3.1503
  3.1306
  3.1338
  3.1395
  3.1394
  3.1205
  3.1266
  3.1285
  3.1347
  3.1363
  3.1232
  3.1355
  3.1356
  3.1369
  3.1334
  3.1404
  3.1168
  3.1359
  3.1477
  3.1307
  3.1432
  3.1367
  3.1349
  3.1366
  3.1320
  3.1369
  3.1401
  3.1269
  3.1389
  3.1295
  3.1274
  3.1364
  3.1373
  3.1395
  3.1293
  3.1307
  3.1391
  3.1421
  3.1308
  3.1391
  3.1470
  3.1378
  3.1380
  3.1349
  3.1406
  3.1454
  3.1380
  3.1302
  3.1271
  3.1256
  3.1363
  3.1391
  3.1365
  3.1372
  3.1419
  3.1340
  3.1366
  3.1352
  3.1367
  3.1392
  3.1353
  3.1443
  3.1326
  3.1308
  3.1349
  3.1425
  3.1390
  3.1345
  3.1412
  3.1257
  3.1348
  3.1324
  3.1323
  3.1392
  3.1336
  3.1317
  3.1327
  3.1356
  3.1334
  3.1229
  3.1344
  3.1448
  3.1345
  3.1402
  3.1477
  3.1319
  3.1308
  3.1421
  3.1301
  3.1329
  3.1409
  3.1236
  3.1370
  3.1364
  3.1389
  3.1380
  3.1457
  3.1382
  3.1422
  3.1400
  3.1296
  3.1300
  3.1233
  3.1336
  3.1286
  3.1300
  3.1299
  3.1301
  3.1403
  3.1400
  3.1299
  3.1213
  3.1264
  3.1368
  3.1396
  3.1401
  3.1274
  3.1388
  3.1391
  3.1367
  3.1401
  3.1451
  3.1435
  3.1418
  3.1316
  3.1301
  3.1332
  3.1358
  3.1398
  3.1409
  3.1352
  3.1229
  3.1287
  3.1347
  3.1320
  3.1377
  3.1301
  3.1382
  3.1326
  3.1265
  3.1388
  3.1423
  3.1394
  3.1262
  3.1302
  3.1239
  3.1361
  3.1340
  3.1366
  3.1272
  3.1325
  3.1389
  3.1437
  3.1315
  3.1349
  3.1286
  3.1382
  3.1243
  3.1349
  3.1366
  3.1308
  3.1378
  3.1261
  3.1322
  3.1310
  3.1431
  3.1430
  3.1279
  3.1264
  3.1283
  3.1257
  3.1282
  3.1434
  3.1302
  3.1412
  3.1334
  3.1236
  3.1391
  3.1371
  3.1434
  3.1297
  3.1366
  3.1266
  3.1469
  3.1257
  3.1349
  3.1304
  3.1395
  3.1365
  3.1437
  3.1398
  3.1346
  3.1364
  3.1313
  3.1375
  3.1323
  3.1326
  3.1354
  3.1395
  3.1279
  3.1260
  3.1402
  3.1367
  3.1426
  3.1202
  3.1243
  3.1367
  3.1383
  3.1350
  3.1389
  3.1359
  3.1198
  3.1414
  3.1137
  3.1378
  3.1266
  3.1447
  3.1366
  3.1324
  3.1329
  3.1392
  3.1288
  3.1381
  3.1343
  3.1251
  3.1218
  3.1397
  3.1423
  3.1307
  3.1362
  3.1275
  3.1431
  3.1310
  3.1369
  3.1355
  3.1295
  3.1236
  3.1368
  3.1331
  3.1330
  3.1375
  3.1241
  3.1331
  3.1336
  3.1324
  3.1375
  3.1380
  3.1196
  3.1368
  3.1399
  3.1269
  3.1372
  3.1291
  3.1315
  3.1374
  3.1287
  3.1383
  3.1366
  3.1341
  3.1312
  3.1246
  3.1396
  3.1351
  3.1323
  3.1385
  3.1303
  3.1297
  3.1240
  3.1304
  3.1308
  3.1295
  3.1252
  3.1374
  3.1376
  3.1329
  3.1287
  3.1293
  3.1410
  3.1321
  3.1329
  3.1349
  3.1343
  3.1410
  3.1156
  3.1352
  3.1421
  3.1347
  3.1311
  3.1364
  3.1411
  3.1323
  3.1371
  3.1392
  3.1467
  3.1405
  3.1292
  3.1440
  3.1348
  3.1313
  3.1301
  3.1393
  3.1316
  3.1387
  3.1321
  3.1364
  3.1444
  3.1316
  3.1454
  3.1368
  3.1354
  3.1271
  3.1366
  3.1427
  3.1295
  3.1283
  3.1318
  3.1319
  3.1319
  3.1382
  3.1395
  3.1238
  3.1388
  3.1318
  3.1304
  3.1305
  3.1398
  3.1396
  3.1344
  3.1377
  3.1274
  3.1320
  3.1265
  3.1380
  3.1320
  3.1300
  3.1360
  3.1299
  3.1365
  3.1323
  3.1311
  3.1345
  3.1402
  3.1377
  3.1304
  3.1257
  3.1224
  3.1250
  3.1314
  3.1451
  3.1343
  3.1406
  3.1338
  3.1360
  3.1405
  3.1319
  3.1236
  3.1303
  3.1413
  3.1391
  3.1298
  3.1268
  3.1360
  3.1268
  3.1311
  3.1434
  3.1466
  3.1371
  3.1353
  3.1346
  3.1354
  3.1333
  3.1348
  3.1393
  3.1432
  3.1418
  3.1286
  3.1480
  3.1400
  3.1214
  3.1327
  3.1289
  3.1399
  3.1383
  3.1263
  3.1171
  3.1333
  3.1316
  3.1366
  3.1470
  3.1400
  3.1371
  3.1460
  3.1377
  3.1454
  3.1212
  3.1361
  3.1351
  3.1376
  3.1249
  3.1326
  3.1282
  3.1421
  3.1351
  3.1440
  3.1252
  3.1364
  3.1281
  3.1329
  3.1251
  3.1469
  3.1414
  3.1210
  3.1249
  3.1353
  3.1277
  3.1287
  3.1394
  3.1302
  3.1356
  3.1349
  3.1431
  3.1295
  3.1372
  3.1402
  3.1401
  3.1329
  3.1183
  3.1318
  3.1378
  3.1355
  3.1301
  3.1282
  3.1312
  3.1346
  3.1275
  3.1370
  3.1304
  3.1290
  3.1272
  3.1299
  3.1267
  3.1336
  3.1336
  3.1405
  3.1229
  3.1444
  3.1318
  3.1394
  3.1327
  3.1237
  3.1266
  3.1256
  3.1311
  3.1285
  3.1422
  3.1347
  3.1310
  3.1392
  3.1340
  3.1391
  3.1214
  3.1309
  3.1307
  3.1478
  3.1349
  3.1176
  3.1442
  3.1227
  3.1208
  3.1502
  3.1417
  3.1392
  3.1422
  3.1330
  3.1387
  3.1363
  3.1370
  3.1435
  3.1354
  3.1402
  3.1293
  3.1273
  3.1262
  3.1248
  3.1314
  3.1403
  3.1329
  3.1445
  3.1419
  3.1351
  3.1347
  3.1274
  3.1439
  3.1312
  3.1196
  3.1217
  3.1242
  3.1362
  3.1369
  3.1348
  3.1234
  3.1377
  3.1402
  3.1370
  3.1260
  3.1293
  3.1262
  3.1279
  3.1348
  3.1257
  3.1319
  3.1300
  3.1406
  3.1301
  3.1351
  3.1428
  3.1342
  3.1327
  3.1322
  3.1245
  3.1276
  3.1337
  3.1295
  3.1313
  3.1306
  3.1357
  3.1475
  3.1380
  3.1290
  3.1271
  3.1313
  3.1377
  3.1292
  3.1298
  3.1361
  3.1387
  3.1369
  3.1426
  3.1226
  3.1388
  3.1399
  3.1335
  3.1329
  3.1303
  3.1411
  3.1332
  3.1405
  3.1214
  3.1285
  3.1281
  3.1259
  3.1370
  3.1415
  3.1456
  3.1301
  3.1419
  3.1316
  3.1360
  3.1269
  3.1427
  3.1345
  3.1404
  3.1300
  3.1421
  3.1391
  3.1251
  3.1333
  3.1292
  3.1293
  3.1307
  3.1391
  3.1330
  3.1349
  3.1320
  3.1313
  3.1310
  3.1297
  3.1334
  3.1341
  3.1405
  3.1421
  3.1271
  3.1321
  3.1327
  3.1314
  3.1298
  3.1413
  3.1316
  3.1271
  3.1267
  3.1229
  3.1380
  3.1283
  3.1312
  3.1455
  3.1332
  3.1258
  3.1308
  3.1369
  3.1353
  3.1225
  3.1307
  3.1269
  3.1311
  3.1406
  3.1206
  3.1250
  3.1310
  3.1325
  3.1377
  3.1322
  3.1331
  3.1448
  3.1303
  3.1422
  3.1403
  3.1262
  3.1335
  3.1323
  3.1294
  3.1356
  3.1396
  3.1311
  3.1328
  3.1349
  3.1302
  3.1287
  3.1217
  3.1358
  3.1287
  3.1313
  3.1434
  3.1370
  3.1399
  3.1200
  3.1292
  3.1424
  3.1298
  3.1406
  3.1239
  3.1258
  3.1376
  3.1335
  3.1307
  3.1326
  3.1282
  3.1317
  3.1357
  3.1333
  3.1324
  3.1345
  3.1362
  3.1376
  3.1261
  3.1308
  3.1349
  3.1311
  3.1469
  3.1292
  3.1185
  3.1246
  3.1448
  3.1380
  3.1311
  3.1242
  3.1391
  3.1385
  3.1314
  3.1373
  3.1361
  3.1291
  3.1329
  3.1281
  3.1390
  3.1353
  3.1368
  3.1393
  3.1442
  3.1358
  3.1310
  3.1442
  3.1317
  3.1364
  3.1367
  3.1432
  3.1347
  3.1317
  3.1372
  3.1318
  3.1318
  3.1284
  3.1358
  3.1315
  3.1343
  3.1308
  3.1269
  3.1381
  3.1344
  3.1389
  3.1190
  3.1432
  3.1371
  3.1256
  3.1350
  3.1260
  3.1376
  3.1376
  3.1261
  3.1382
  3.1370
  3.1293
  3.1192
  3.1325
  3.1357
  3.1295
  3.1387
  3.1299
  3.1463
  3.1327
  3.1283
  3.1298
  3.1402
  3.1370
  3.1225
  3.1243
  3.1225
  3.1377
  3.1196
  3.1393
  3.1346
  3.1445
  3.1402
  3.1348
  3.1390
  3.1382
  3.1336
  3.1434
  3.1348
  3.1337
  3.1218
  3.1290
  3.1192
  3.1385
  3.1382
  3.1316
  3.1291
  3.1291
  3.1303
  3.1313
  3.1448
  3.1308
  3.1371
  3.1263
  3.1332
  3.1352
  3.1356
  3.1300
  3.1378
  3.1219
  3.1347
  3.1371
  3.1358
  3.1445
  3.1458
  3.1434
  3.1262
  3.1317
  3.1200
  3.1363
  3.1322
  3.1272
  3.1384
  3.1258
  3.1311
  3.1323
  3.1394
  3.1332
  3.1335
  3.1341
  3.1349
  3.1314
  3.1311
  3.1329
  3.1422
  3.1230
  3.1361
  3.1329
  3.1340
  3.1212
  3.1366
  3.1422
  3.1268
  3.1303
  3.1317
  3.1323
  3.1334
  3.1240
  3.1386
  3.1383
  3.1335
  3.1444
  3.1262
  3.1292
  3.1255
  3.1240
  3.1374
  3.1274
  3.1426
  3.1386
  3.1343
  3.1328
  3.1489
  3.1379
  3.1458
  3.1285
  3.1373
  3.1262
  3.1441
  3.1366
  3.1446
  3.1473
  3.1235
  3.1323
  3.1388
  3.1426
  3.1399
  3.1303
  3.1277
  3.1316
  3.1308
  3.1304
  3.1463
  3.1412
  3.1288
  3.1238
  3.1444
  3.1447
  3.1461
  3.1350
  3.1325
  3.1461
  3.1294
  3.1292
  3.1285
  3.1241
  3.1326
  3.1384
  3.1213
  3.1310
  3.1316
  3.1431
  3.1433
  3.1377
  3.1301
  3.1323
  3.1216
  3.1405
  3.1404
  3.1301
  3.1345
  3.1408
  3.1303
  3.1342
  3.1473
  3.1198
  3.1418
  3.1287
  3.1333
  3.1196
  3.1296
  3.1336
  3.1336
  3.1386
  3.1205
  3.1384
  3.1325
  3.1434
  3.1337
  3.1321
  3.1335
  3.1333
  3.1357
  3.1232
  3.1390
  3.1310
  3.1289
  3.1358
  3.1354
  3.1447
  3.1463
  3.1385
  3.1238
  3.1263
  3.1169
  3.1352
  3.1301
  3.1371
  3.1227
  3.1254
  3.1375
  3.1348
  3.1377
  3.1205
  3.1226
  3.1312
  3.1328
  3.1347
  3.1199
  3.1260
  3.1434
  3.1249
  3.1226
  3.1325
  3.1390
  3.1351
  3.1319
  3.1311
  3.1256
  3.1300
  3.1412
  3.1366
  3.1319
  3.1353
  3.1300
  3.1406
  3.1411
  3.1347
  3.1332
  3.1285
  3.1421
  3.1311
  3.1305
  3.1434
  3.1402
  3.1282
  3.1383
  3.1272
  3.1340
  3.1372
  3.1353
  3.1293
  3.1411
  3.1449
  3.1267
  3.1343
  3.1401
  3.1345
  3.1424
  3.1211
  3.1235
  3.1306
  3.1327
  3.1302
  3.1361
  3.1428
  3.1368
  3.1320
  3.1363
  3.1257
  3.1438
  3.1291
  3.1267
  3.1337
  3.1380
  3.1359
  3.1395
  3.1408
  3.1424
  3.1317
  3.1314
  3.1292
  3.1360
  3.1307
  3.1319
  3.1307
  3.1235
  3.1218
  3.1360
  3.1212
  3.1443
  3.1269
  3.1357
  3.1311
  3.1304
  3.1388
  3.1294
  3.1317
  3.1366
  3.1408
  3.1353
  3.1406
  3.1274
  3.1393
  3.1359
  3.1313
  3.1287
  3.1290
  3.1409
  3.1234
  3.1302
  3.1431
  3.1336
  3.1480
  3.1262
  3.1363
  3.1369
  3.1415
  3.1385
  3.1419
  3.1299
  3.1268
  3.1408
  3.1206
  3.1270
  3.1275
  3.1375
  3.1230
  3.1280
  3.1444
  3.1326
  3.1355
  3.1363
  3.1294
  3.1367
  3.1246
  3.1441
  3.1403
  3.1425
  3.1387
  3.1228
  3.1271
  3.1398
  3.1317
  3.1265
  3.1351
  3.1273
  3.1335
  3.1371
  3.1339
  3.1348
  3.1448
  3.1302
  3.1301
  3.1342
  3.1268
  3.1324
  3.1367
  3.1432
  3.1229
  3.1338
  3.1321
  3.1253
  3.1428
  3.1187
  3.1270
  3.1288
  3.1395
  3.1353
  3.1385
  3.1346
  3.1385
  3.1445
  3.1359
  3.1259
  3.1349
  3.1416
  3.1313
  3.1377
  3.1335
  3.1286
  3.1361
  3.1442
  3.1267
  3.1381
  3.1426
  3.1353
  3.1352
  3.1338
  3.1195
  3.1356
  3.1322
  3.1391
  3.1290
  3.1390
  3.1282
  3.1285
  3.1413
  3.1194
  3.1436
  3.1382
  3.1433
  3.1283
  3.1374
  3.1393
  3.1235
  3.1395
  3.1292
  3.1393
  3.1258
  3.1357
  3.1320
  3.1271
  3.1414
  3.1457
  3.1292
  3.1189
  3.1327
  3.1285
  3.1446
  3.1331
  3.1385
  3.1347
  3.1361
  3.1296
  3.1438
  3.1327
  3.1332
  3.1437
  3.1381
  3.1261
  3.1353
  3.1343
  3.1431
  3.1299
  3.1336
  3.1265
  3.1251
  3.1252
  3.1192
  3.1277
  3.1323
  3.1315
  3.1307
  3.1374
  3.1333
  3.1342
  3.1388
  3.1263
  3.1306
  3.1319
  3.1310
