C1431410.034977
Gadanki 14/03/2014 10:03:19 14/03/2014 10:03:50 0375 0079.2 0013.5 00
0000000 0020 0000600 0020 01
1 0 2 02000 1 0000 0030 00532.o 0 0 00 000 14 000600 0.500 BT0
532.000 .o analog 0 
  2.9579
 21.4316
 18.4090
 10.8194
 12.1009
 13.4488
 16.4595
 26.2084
 36.5868
 39.5686
 37.8878
 34.6192
 31.0298
 27.6703
 24.6571
 22.0282
 19.7667
 17.9359
 16.3876
 14.9894
 13.7425
 12.6944
 11.7365
 10.9125
 10.1484
  9.4780
  9.0180
  8.9137
  8.6422
  8.2593
  7.8419
  7.4850
  7.1075
  6.7421
  6.3818
  5.9930
  5.7340
  5.5733
  5.4233
  5.3094
  5.2119
  5.0917
  5.0038
  4.8909
  4.7449
  4.6130
  4.5277
  4.4175
  4.3211
  4.2684
  4.2301
  4.1228
  4.0647
  4.0394
  4.0613
  4.0346
  3.9692
  3.8847
  3.8695
  3.8975
  3.8587
  3.7717
  3.6977
  3.6799
  3.6610
  3.6094
  3.5529
  3.5376
  3.5460
  3.5114
  3.4926
  3.4561
  3.4368
  3.4068
  3.3931
  3.3718
  3.3681
  3.3538
  3.3393
  3.3680
  3.3494
  3.3847
  3.3431
  3.2684
  3.2515
  3.2385
  3.2438
  3.2420
  3.2140
  3.2161
  3.1977
  3.1882
  3.1921
  3.1862
  3.1860
  3.1746
  3.1621
  3.1607
  3.1584
  3.1593
  3.1501
  3.1468
  3.1375
  3.1249
  3.1288
  3.1297
  3.1261
  3.1207
  3.1130
  3.1134
  3.1045
  3.0944
  3.0989
  3.0911
  3.0961
  3.0843
  3.0873
  3.0805
  3.0820
  3.0860
  3.0687
  3.0814
  3.0773
  3.0643
  3.0667
  3.0611
  3.0650
  3.0651
  3.0660
  3.0587
  3.0484
  3.0471
  3.0598
  3.0480
  3.0494
  3.0427
  3.0509
  3.0353
  3.0446
  3.0392
  3.0386
  3.0468
  3.0330
  3.0491
  3.0470
  3.0253
  3.0291
  3.0296
  3.0349
  3.0359
  3.0312
  3.0321
  3.0237
  3.0270
  3.0158
  3.0252
  3.0232
  3.0219
  3.0191
  3.0132
  3.0192
  3.0254
  3.0211
  3.0127
  3.0230
  3.0160
  3.0275
  3.0226
  3.0178
  3.0071
  3.0040
  3.0107
  2.9983
  2.9968
  3.0021
  2.9963
  3.0069
  3.0013
  2.9971
  3.0018
  2.9940
  3.0076
  3.0143
  3.0008
  2.9885
  3.0004
  2.9970
  2.9935
  3.0053
  2.9955
  2.9979
  2.9993
  2.9973
  2.9975
  3.0005
  3.0026
  2.9933
  2.9937
  2.9911
  2.9879
  2.9961
  2.9805
  2.9855
  2.9841
  2.9771
  2.9793
  2.9914
  2.9893
  2.9946
  2.9975
  2.9849
  2.9877
  2.9829
  3.0002
  2.9905
  2.9821
  2.9873
  2.9832
  2.9838
  2.9806
  2.9796
  2.9823
  2.9828
  2.9704
  2.9871
  2.9950
  2.9799
  3.0102
  2.9789
  2.9883
  2.9856
  2.9876
  2.9834
  2.9653
  2.9830
  2.9925
  2.9736
  2.9818
  2.9968
  2.9984
  2.9758
  2.9749
  2.9861
  2.9867
  2.9816
  2.9742
  2.9766
  2.9812
  2.9800
  2.9619
  2.9764
  2.9797
  2.9801
  2.9801
  2.9860
  2.9725
  2.9849
  2.9778
  2.9966
  2.9768
  2.9764
  2.9902
  2.9754
  2.9750
  2.9796
  2.9781
  2.9765
  2.9729
  2.9640
  2.9767
  2.9782
  2.9892
  2.9750
  2.9759
  2.9784
  2.9812
  2.9763
  2.9788
  2.9734
  2.9750
  2.9731
  2.9679
  2.9771
  2.9655
  2.9727
  2.9763
  2.9809
  2.9727
  2.9832
  2.9804
  2.9669
  2.9818
  2.9652
  2.9672
  2.9741
  2.9785
  2.9776
  2.9827
  2.9758
  2.9849
  2.9793
  2.9706
  2.9668
  2.9765
  2.9709
  2.9763
  2.9755
  2.9672
  2.9806
  2.9717
  2.9749
  2.9604
  2.9680
  2.9648
  2.9607
  2.9706
  2.9664
  2.9744
  2.9712
  2.9497
  2.9602
  2.9699
  2.9729
  2.9661
  2.9714
  2.9632
  2.9686
  2.9704
  2.9743
  2.9715
  2.9648
  2.9722
  2.9754
  2.9690
  2.9597
  2.9712
  2.9680
  2.9659
  2.9672
  2.9767
  2.9662
  2.9645
  2.9729
  2.9760
  2.9673
  2.9700
  2.9694
  2.9722
  2.9659
  2.9698
  2.9657
  2.9744
  2.9487
  2.9699
  2.9613
  2.9743
  2.9718
  2.9618
  2.9655
  2.9735
  2.9623
  2.9635
  2.9652
  2.9638
  2.9645
  2.9605
  2.9702
  2.9686
  2.9642
  2.9636
  2.9696
  2.9704
  2.9667
  2.9738
  2.9707
  2.9664
  2.9609
  2.9671
  2.9660
  2.9596
  2.9709
  2.9627
  2.9675
  2.9656
  2.9805
  2.9748
  2.9688
  2.9566
  2.9654
  2.9633
  2.9594
  2.9624
  2.9630
  2.9702
  2.9703
  2.9695
  2.9735
  2.9675
  2.9696
  2.9729
  2.9795
  2.9799
  2.9660
  2.9603
  2.9705
  2.9543
  2.9807
  2.9588
  2.9652
  2.9650
  2.9627
  2.9796
  2.9705
  2.9648
  2.9612
  2.9737
  2.9574
  2.9677
  2.9625
  2.9633
  2.9692
  2.9736
  2.9633
  2.9650
  2.9738
  2.9662
  2.9662
  2.9720
  2.9681
  2.9727
  2.9661
  2.9613
  2.9605
  2.9606
  2.9684
  2.9546
  2.9639
  2.9692
  2.9589
  2.9691
  2.9682
  2.9596
  2.9684
  2.9617
  2.9606
  2.9774
  2.9623
  2.9777
  2.9654
  2.9682
  2.9653
  2.9675
  2.9696
  2.9580
  2.9549
  2.9554
  2.9744
  2.9661
  2.9701
  2.9631
  2.9720
  2.9715
  2.9621
  2.9728
  2.9642
  2.9669
  2.9778
  2.9654
  2.9733
  2.9622
  2.9577
  2.9678
  2.9641
  2.9577
  2.9697
  2.9554
  2.9551
  2.9716
  2.9635
  2.9702
  2.9757
  2.9626
  2.9713
  2.9596
  2.9741
  2.9655
  2.9582
  2.9643
  2.9651
  2.9646
  2.9695
  2.9578
  2.9585
  2.9669
  2.9726
  2.9543
  2.9635
  2.9608
  2.9632
  2.9592
  2.9685
  2.9609
  2.9696
  2.9572
  2.9693
  2.9729
  2.9721
  2.9656
  2.9538
  2.9583
  2.9600
  2.9697
  2.9679
  2.9685
  2.9576
  2.9640
  2.9618
  2.9637
  2.9754
  2.9703
  2.9721
  2.9672
  2.9649
  2.9659
  2.9642
  2.9583
  2.9739
  2.9738
  2.9744
  2.9639
  2.9636
  2.9616
  2.9732
  2.9536
  2.9604
  2.9618
  2.9685
  2.9544
  2.9719
  2.9656
  2.9653
  2.9562
  2.9555
  2.9580
  2.9621
  2.9686
  2.9542
  2.9763
  2.9647
  2.9648
  2.9659
  2.9707
  2.9660
  2.9763
  2.9673
  2.9631
  2.9658
  2.9616
  2.9709
  2.9720
  2.9578
  2.9609
  2.9610
  2.9624
  2.9534
  2.9582
  2.9639
  2.9591
  2.9595
  2.9626
  2.9602
  2.9628
  2.9653
  2.9650
  2.9583
  2.9645
  2.9636
  2.9694
  2.9562
  2.9634
  2.9604
  2.9655
  2.9733
  2.9571
  2.9622
  2.9647
  2.9700
  2.9667
  2.9585
  2.9580
  2.9661
  2.9580
  2.9689
  2.9569
  2.9541
  2.9637
  2.9581
  2.9601
  2.9619
  2.9604
  2.9627
  2.9608
  2.9643
  2.9617
  2.9633
  2.9553
  2.9679
  2.9634
  2.9598
  2.9582
  2.9660
  2.9684
  2.9600
  2.9587
  2.9642
  2.9647
  2.9558
  2.9554
  2.9656
  2.9653
  2.9624
  2.9547
  2.9730
  2.9631
  2.9512
  2.9629
  2.9622
  2.9608
  2.9653
  2.9637
  2.9527
  2.9558
  2.9758
  2.9612
  2.9529
  2.9689
  2.9682
  2.9709
  2.9623
  2.9582
  2.9594
  2.9699
  2.9774
  2.9545
  2.9615
  2.9564
  2.9609
  2.9754
  2.9732
  2.9762
  2.9607
  2.9698
  2.9726
  2.9641
  2.9613
  2.9612
  2.9631
  2.9585
  2.9689
  2.9537
  2.9578
  2.9622
  2.9707
  2.9712
  2.9671
  2.9666
  2.9663
  2.9652
  2.9671
  2.9607
  2.9755
  2.9667
  2.9611
  2.9619
  2.9792
  2.9753
  2.9638
  2.9654
  2.9666
  2.9646
  2.9738
  2.9530
  2.9656
  2.9608
  2.9572
  2.9626
  2.9702
  2.9635
  2.9578
  2.9618
  2.9526
  2.9663
  2.9714
  2.9630
  2.9697
  2.9611
  2.9670
  2.9676
  2.9644
  2.9687
  2.9519
  2.9635
  2.9577
  2.9681
  2.9612
  2.9645
  2.9699
  2.9542
  2.9595
  2.9637
  2.9620
  2.9534
  2.9550
  2.9700
  2.9610
  2.9671
  2.9697
  2.9708
  2.9617
  2.9631
  2.9604
  2.9692
  2.9642
  2.9554
  2.9582
  2.9548
  2.9710
  2.9626
  2.9704
  2.9624
  2.9653
  2.9589
  2.9611
  2.9624
  2.9593
  2.9604
  2.9588
  2.9640
  2.9614
  2.9526
  2.9610
  2.9586
  2.9695
  2.9670
  2.9636
  2.9667
  2.9587
  2.9604
  2.9657
  2.9524
  2.9569
  2.9629
  2.9622
  2.9635
  2.9618
  2.9537
  2.9727
  2.9658
  2.9663
  2.9585
  2.9593
  2.9685
  2.9638
  2.9699
  2.9690
  2.9731
  2.9542
  2.9457
  2.9595
  2.9660
  2.9681
  2.9706
  2.9668
  2.9699
  2.9740
  2.9625
  2.9652
  2.9768
  2.9622
  2.9743
  2.9541
  2.9567
  2.9539
  2.9544
  2.9596
  2.9631
  2.9680
  2.9823
  2.9649
  2.9623
  2.9669
  2.9523
  2.9595
  2.9570
  2.9616
  2.9619
  2.9581
  2.9619
  2.9737
  2.9621
  2.9640
  2.9577
  2.9684
  2.9668
  2.9556
  2.9466
  2.9577
  2.9696
  2.9564
  2.9563
  2.9686
  2.9609
  2.9611
  2.9662
  2.9573
  2.9610
  2.9567
  2.9656
  2.9540
  2.9470
  2.9655
  2.9612
  2.9590
  2.9647
  2.9583
  2.9573
  2.9686
  2.9652
  2.9565
  2.9684
  2.9594
  2.9738
  2.9597
  2.9640
  2.9648
  2.9571
  2.9617
  2.9676
  2.9585
  2.9606
  2.9611
  2.9759
  2.9552
  2.9652
  2.9683
  2.9661
  2.9541
  2.9608
  2.9554
  2.9656
  2.9603
  2.9562
  2.9554
  2.9529
  2.9619
  2.9693
  2.9654
  2.9656
  2.9631
  2.9657
  2.9613
  2.9576
  2.9697
  2.9660
  2.9633
  2.9693
  2.9635
  2.9609
  2.9581
  2.9473
  2.9680
  2.9635
  2.9608
  2.9580
  2.9592
  2.9574
  2.9668
  2.9627
  2.9611
  2.9607
  2.9592
  2.9664
  2.9671
  2.9703
  2.9582
  2.9650
  2.9631
  2.9482
  2.9593
  2.9683
  2.9744
  2.9672
  2.9706
  2.9608
  2.9565
  2.9576
  2.9728
  2.9694
  2.9614
  2.9581
  2.9613
  2.9674
  2.9624
  2.9580
  2.9558
  2.9547
  2.9575
  2.9538
  2.9594
  2.9648
  2.9718
  2.9538
  2.9635
  2.9630
  2.9643
  2.9611
  2.9673
  2.9592
  2.9653
  2.9555
  2.9687
  2.9664
  2.9638
  2.9667
  2.9700
  2.9586
  2.9614
  2.9560
  2.9603
  2.9651
  2.9766
  2.9656
  2.9685
  2.9605
  2.9524
  2.9590
  2.9585
  2.9651
  2.9613
  2.9588
  2.9763
  2.9667
  2.9637
  2.9672
  2.9686
  2.9624
  2.9526
  2.9742
  2.9612
  2.9652
  2.9755
  2.9553
  2.9606
  2.9585
  2.9697
  2.9691
  2.9457
  2.9627
  2.9582
  2.9655
  2.9592
  2.9650
  2.9639
  2.9592
  2.9686
  2.9520
  2.9602
  2.9610
  2.9686
  2.9633
  2.9651
  2.9637
  2.9644
  2.9630
  2.9537
  2.9623
  2.9723
  2.9641
  2.9690
  2.9591
  2.9546
  2.9615
  2.9558
  2.9659
  2.9744
  2.9704
  2.9699
  2.9618
  2.9600
  2.9626
  2.9609
  2.9676
  2.9679
  2.9565
  2.9710
  2.9697
  2.9579
  2.9618
  2.9569
  2.9639
  2.9639
  2.9554
  2.9696
  2.9695
  2.9637
  2.9579
  2.9662
  2.9566
  2.9556
  2.9535
  2.9569
  2.9703
  2.9589
  2.9642
  2.9662
  2.9665
  2.9595
  2.9590
  2.9672
  2.9623
  2.9618
  2.9586
  2.9599
  2.9713
  2.9646
  2.9618
  2.9614
  2.9719
  2.9592
  2.9659
  2.9523
  2.9535
  2.9637
  2.9610
  2.9656
  2.9624
  2.9603
  2.9643
  2.9608
  2.9611
  2.9656
  2.9690
  2.9718
  2.9638
  2.9583
  2.9641
  2.9600
  2.9503
  2.9612
  2.9645
  2.9668
  2.9675
  2.9644
  2.9684
  2.9562
  2.9609
  2.9656
  2.9690
  2.9597
  2.9517
  2.9626
  2.9513
  2.9706
  2.9645
  2.9529
  2.9683
  2.9706
  2.9567
  2.9512
  2.9653
  2.9685
  2.9617
  2.9587
  2.9516
  2.9764
  2.9688
  2.9580
  2.9657
  2.9651
  2.9595
  2.9527
  2.9611
  2.9657
  2.9637
  2.9588
  2.9685
  2.9604
  2.9555
  2.9640
  2.9636
  2.9697
  2.9727
  2.9635
  2.9654
  2.9667
  2.9650
  2.9514
  2.9738
  2.9621
  2.9675
  2.9561
  2.9626
  2.9588
  2.9714
  2.9680
  2.9579
  2.9620
  2.9655
  2.9580
  2.9640
  2.9579
  2.9659
  2.9658
  2.9642
  2.9499
  2.9623
  2.9558
  2.9617
  2.9610
  2.9581
  2.9556
  2.9725
  2.9718
  2.9705
  2.9640
  2.9690
  2.9652
  2.9647
  2.9709
  2.9616
  2.9651
  2.9612
  2.9545
  2.9738
  2.9682
  2.9681
  2.9562
  2.9649
  2.9616
  2.9571
  2.9617
  2.9647
  2.9641
  2.9718
  2.9640
  2.9667
  2.9647
  2.9583
  2.9639
  2.9615
  2.9658
  2.9694
  2.9591
  2.9637
  2.9724
  2.9672
  2.9591
  2.9662
  2.9761
  2.9639
  2.9685
  2.9597
  2.9608
  2.9613
  2.9618
  2.9682
  2.9648
  2.9706
  2.9632
  2.9641
  2.9608
  2.9553
  2.9607
  2.9737
  2.9661
  2.9589
  2.9714
  2.9697
  2.9644
  2.9622
  2.9555
  2.9623
  2.9646
  2.9670
  2.9663
  2.9681
  2.9594
  2.9567
  2.9596
  2.9500
  2.9524
  2.9591
  2.9542
  2.9675
  2.9561
  2.9627
  2.9769
  2.9619
  2.9653
  2.9694
  2.9596
  2.9650
  2.9563
  2.9670
  2.9608
  2.9627
  2.9687
  2.9616
  2.9680
  2.9702
  2.9626
  2.9631
  2.9591
  2.9555
  2.9567
  2.9590
  2.9659
  2.9640
  2.9696
  2.9591
  2.9769
  2.9604
  2.9574
  2.9668
  2.9700
  2.9569
  2.9611
  2.9698
  2.9608
  2.9694
  2.9523
  2.9626
  2.9600
  2.9693
  2.9508
  2.9612
  2.9585
  2.9598
  2.9703
  2.9639
  2.9521
  2.9573
  2.9695
  2.9632
  2.9626
  2.9662
  2.9692
  2.9682
  2.9519
  2.9493
  2.9605
  2.9661
  2.9587
  2.9617
  2.9605
  2.9494
  2.9544
  2.9568
  2.9592
  2.9612
  2.9693
  2.9638
  2.9648
  2.9635
  2.9542
  2.9616
  2.9585
  2.9558
  2.9518
  2.9555
  2.9535
  2.9608
  2.9545
  2.9646
  2.9642
  2.9600
  2.9509
  2.9577
  2.9542
  2.9702
  2.9636
  2.9663
  2.9616
  2.9693
  2.9733
  2.9669
  2.9682
  2.9629
  2.9536
  2.9519
  2.9619
  2.9579
  2.9617
  2.9648
  2.9520
  2.9613
  2.9630
  2.9584
  2.9633
  2.9634
  2.9611
  2.9664
  2.9637
  2.9657
  2.9606
  2.9601
  2.9553
  2.9653
  2.9540
  2.9672
  2.9686
  2.9537
  2.9625
  2.9517
  2.9619
  2.9672
  2.9621
  2.9611
  2.9545
  2.9652
  2.9676
  2.9650
  2.9592
  2.9638
  2.9607
  2.9616
  2.9572
  2.9584
  2.9656
  2.9568
  2.9698
  2.9569
  2.9606
  2.9636
  2.9637
  2.9536
  2.9543
  2.9583
  2.9658
  2.9704
  2.9571
  2.9656
  2.9643
  2.9679
  2.9666
  2.9703
  2.9693
  2.9644
  2.9523
  2.9660
  2.9625
  2.9642
  2.9616
  2.9676
  2.9601
  2.9648
  2.9660
  2.9674
  2.9619
  2.9592
  2.9678
  2.9572
  2.9617
  2.9719
  2.9603
  2.9609
  2.9727
  2.9640
  2.9599
  2.9556
  2.9635
  2.9623
  2.9613
  2.9605
  2.9633
  2.9656
  2.9640
  2.9548
  2.9632
  2.9626
  2.9702
  2.9718
  2.9630
  2.9628
  2.9615
  2.9593
  2.9603
  2.9739
  2.9624
  2.9711
  2.9639
  2.9657
  2.9560
  2.9608
  2.9664
  2.9698
  2.9620
  2.9682
  2.9715
  2.9514
  2.9702
  2.9783
  2.9603
  2.9598
  2.9596
  2.9604
  2.9545
  2.9686
  2.9715
  2.9675
  2.9624
  2.9581
  2.9612
  2.9548
  2.9686
  2.9616
  2.9724
  2.9602
  2.9555
  2.9708
  2.9605
  2.9626
  2.9563
  2.9626
  2.9629
  2.9532
  2.9730
  2.9577
  2.9650
  2.9684
  2.9540
  2.9650
  2.9468
  2.9682
  2.9718
  2.9628
  2.9586
  2.9638
  2.9596
  2.9577
  2.9622
  2.9628
  2.9580
  2.9586
  2.9609
  2.9577
  2.9559
  2.9540
  2.9503
  2.9622
  2.9650
  2.9644
  2.9554
  2.9508
  2.9635
  2.9578
  2.9652
  2.9562
  2.9582
  2.9609
  2.9573
  2.9657
  2.9678
  2.9664
  2.9616
  2.9501
  2.9620
  2.9602
  2.9594
  2.9658
  2.9608
  2.9550
  2.9621
  2.9510
  2.9654
  2.9696
  2.9671
  2.9519
  2.9650
  2.9627
  2.9653
  2.9661
  2.9624
  2.9651
  2.9654
  2.9615
  2.9554
  2.9658
  2.9562
  2.9642
  2.9657
  2.9662
  2.9568
  2.9691
  2.9615
  2.9661
  2.9622
  2.9702
  2.9493
  2.9620
  2.9666
  2.9694
  2.9588
  2.9687
  2.9504
  2.9559
  2.9594
  2.9610
  2.9595
  2.9614
  2.9674
  2.9578
  2.9725
  2.9640
  2.9578
  2.9611
  2.9705
  2.9597
  2.9583
  2.9627
  2.9669
  2.9560
  2.9631
  2.9515
  2.9656
  2.9590
  2.9659
  2.9575
  2.9620
  2.9685
  2.9695
  2.9555
  2.9642
  2.9620
  2.9652
  2.9597
  2.9532
  2.9594
  2.9646
  2.9571
  2.9699
  2.9572
  2.9572
  2.9449
  2.9641
  2.9649
  2.9624
  2.9634
  2.9584
  2.9697
  2.9624
  2.9504
  2.9543
  2.9528
  2.9614
  2.9611
  2.9613
  2.9585
  2.9667
  2.9638
  2.9626
  2.9623
  2.9648
  2.9657
  2.9734
  2.9642
  2.9659
  2.9636
  2.9570
  2.9532
  2.9637
  2.9467
  2.9560
  2.9563
  2.9607
  2.9614
  2.9726
  2.9585
  2.9664
  2.9593
  2.9637
  2.9679
  2.9592
  2.9573
  2.9589
  2.9639
  2.9649
  2.9689
  2.9581
  2.9549
  2.9675
  2.9545
  2.9570
  2.9619
  2.9579
  2.9649
  2.9571
  2.9469
  2.9589
  2.9520
  2.9667
  2.9577
  2.9533
  2.9616
  2.9708
  2.9699
  2.9704
  2.9663
  2.9696
  2.9591
  2.9649
  2.9687
  2.9617
  2.9630
  2.9674
  2.9687
  2.9739
  2.9600
  2.9663
  2.9700
  2.9687
  2.9562
  2.9700
  2.9601
  2.9526
  2.9470
  2.9636
  2.9661
  2.9664
  2.9713
  2.9722
  2.9710
  2.9596
  2.9689
  2.9596
  2.9735
  2.9636
  2.9498
  2.9602
  2.9618
  2.9726
  2.9625
  2.9677
  2.9662
  2.9668
  2.9665
  2.9601
  2.9670
  2.9552
  2.9562
  2.9539
  2.9615
  2.9617
  2.9711
  2.9686
  2.9511
  2.9604
  2.9604
  2.9595
  2.9644
  2.9627
  2.9648
  2.9680
  2.9591
  2.9542
  2.9580
  2.9660
  2.9525
  2.9574
  2.9574
  2.9689
  2.9602
  2.9600
  2.9683
  2.9684
  2.9557
  2.9617
  2.9601
  2.9585
  2.9647
  2.9644
  2.9564
  2.9707
  2.9632
  2.9604
  2.9628
  2.9702
  2.9625
  2.9652
  2.9659
  2.9739
  2.9616
  2.9627
  2.9584
  2.9576
  2.9679
  2.9593
  2.9528
  2.9630
  2.9668
  2.9711
  2.9553
  2.9550
  2.9632
  2.9555
  2.9579
  2.9527
  2.9583
  2.9600
  2.9521
  2.9500
  2.9612
  2.9698
  2.9641
  2.9656
  2.9627
  2.9590
  2.9594
  2.9700
  2.9596
  2.9699
  2.9500
  2.9624
  2.9747
  2.9548
  2.9533
  2.9590
  2.9578
  2.9596
  2.9589
  2.9694
  2.9668
  2.9626
  2.9615
  2.9599
  2.9603
  2.9730
  2.9676
  2.9552
  2.9676
  2.9582
  2.9581
  2.9549
  2.9616
  2.9596
  2.9607
  2.9648
  2.9652
  2.9604
  2.9633
  2.9697
  2.9513
  2.9565
  2.9550
  2.9635
  2.9755
  2.9499
  2.9697
  2.9616
  2.9584
  2.9715
  2.9604
  2.9704
  2.9637
  2.9675
  2.9566
  2.9699
  2.9634
  2.9765
  2.9618
  2.9562
  2.9561
  2.9512
  2.9717
  2.9639
  2.9596
  2.9681
  2.9593
  2.9683
  2.9536
  2.9528
  2.9587
  2.9559
  2.9613
  2.9666
  2.9564
  2.9687
  2.9625
  2.9626
  2.9623
  2.9743
  2.9653
  2.9617
  2.9481
  2.9616
  2.9581
  2.9671
  2.9614
  2.9667
  2.9559
  2.9623
  2.9600
  2.9586
  2.9634
  2.9642
  2.9508
  2.9624
  2.9622
  2.9691
  2.9604
  2.9594
  2.9615
  2.9564
  2.9633
  2.9671
  2.9592
  2.9635
  2.9590
  2.9591
  2.9652
  2.9576
  2.9648
  2.9665
  2.9708
  2.9583
  2.9578
  2.9582
  2.9586
  2.9547
  2.9563
  2.9615
  2.9767
  2.9732
  2.9641
  2.9643
  2.9595
  2.9743
  2.9594
  2.9712
  2.9658
  2.9562
  2.9580
  2.9589
  2.9520
  2.9707
  2.9612
  2.9699
  2.9669
  2.9698
  2.9630
  2.9514
  2.9626
  2.9637
  2.9668
  2.9620
  2.9677
  2.9511
  2.9693
  2.9561
  2.9683
  2.9736
  2.9635
  2.9673
  2.9612
  2.9535
  2.9546
  2.9530
  2.9690
  2.9595
  2.9585
  2.9647
  2.9676
  2.9579
  2.9533
  2.9508
  2.9659
  2.9594
  2.9617
  2.9649
  2.9584
  2.9544
  2.9640
  2.9622
  2.9592
  2.9685
  2.9555
  2.9636
  2.9533
  2.9591
  2.9604
  2.9548
  2.9623
  2.9556
  2.9642
  2.9549
  2.9681
  2.9535
  2.9573
  2.9620
  2.9505
  2.9594
  2.9590
  2.9585
  2.9590
  2.9643
  2.9589
  2.9597
  2.9597
  2.9619
  2.9537
  2.9512
  2.9725
  2.9647
  2.9682
  2.9625
  2.9584
  2.9604
  2.9595
  2.9626
  2.9569
  2.9662
  2.9675
  2.9590
  2.9721
  2.9598
  2.9641
  2.9573
  2.9672
  2.9612
  2.9587
  2.9547
  2.9571
  2.9652
  2.9657
  2.9663
  2.9643
  2.9581
  2.9507
  2.9615
  2.9554
  2.9523
  2.9560
  2.9529
  2.9607
  2.9514
  2.9627
  2.9576
  2.9668
  2.9563
  2.9642
  2.9615
  2.9649
  2.9582
  2.9653
  2.9701
  2.9636
  2.9552
  2.9731
  2.9607
  2.9620
  2.9595
  2.9550
  2.9611
  2.9695
  2.9616
  2.9583
  2.9681
  2.9677
  2.9668
  2.9573
  2.9590
  2.9596
  2.9592
  2.9532
  2.9579
  2.9530
  2.9538
  2.9637
  2.9645
  2.9619
  2.9545
  2.9696
  2.9671
  2.9553
  2.9485
  2.9651
  2.9523
  2.9661
  2.9571
  2.9632
  2.9589
  2.9658
  2.9562
  2.9671
  2.9652
  2.9704
  2.9567
  2.9557
  2.9565
  2.9584
