C1431410.105686
Gadanki 14/03/2014 10:10:26 14/03/2014 10:10:57 0375 0079.2 0013.5 00
0000000 0020 0000600 0020 01
1 0 2 02000 1 0000 0030 00532.o 0 0 00 000 14 000600 0.500 BT0
532.000 .o analog 0 
  3.0318
 21.1996
 18.5465
 11.0207
 12.3242
 13.8271
 17.1125
 27.3840
 38.2525
 41.3989
 39.5478
 35.8388
 32.1403
 28.7018
 25.4136
 22.6066
 20.3670
 18.5788
 17.0776
 15.6009
 14.3401
 13.5001
 12.5934
 11.8607
 11.2173
 10.5435
  9.8006
  9.0789
  8.5609
  8.0538
  7.5188
  7.0494
  6.5664
  6.3713
  6.1563
  5.9859
  5.8000
  5.6474
  5.4895
  5.3427
  5.2335
  5.0839
  4.9927
  4.8590
  4.7884
  4.6959
  4.5848
  4.4453
  4.3805
  4.3335
  4.2904
  4.2134
  4.1247
  4.0903
  4.1117
  4.0906
  4.0522
  3.9390
  3.9397
  3.9454
  3.9136
  3.8385
  3.7653
  3.7459
  3.7409
  3.6811
  3.6319
  3.6152
  3.6099
  3.5788
  3.5595
  3.5237
  3.5026
  3.4794
  3.4592
  3.4381
  3.4443
  3.4284
  3.4132
  3.4210
  3.4249
  3.4487
  3.4403
  3.3574
  3.3263
  3.3081
  3.3245
  3.3040
  3.2896
  3.2963
  3.2821
  3.2753
  3.2662
  3.2566
  3.2469
  3.2511
  3.2443
  3.2425
  3.2292
  3.2145
  3.2160
  3.2167
  3.2073
  3.2048
  3.2090
  3.2009
  3.1890
  3.1897
  3.1867
  3.1812
  3.1753
  3.1851
  3.1705
  3.1541
  3.1705
  3.1656
  3.1698
  3.1529
  3.1475
  3.1537
  3.1402
  3.1448
  3.1427
  3.1435
  3.1376
  3.1501
  3.1415
  3.1281
  3.1421
  3.1347
  3.1438
  3.1381
  3.1301
  3.1364
  3.1241
  3.1108
  3.1275
  3.1263
  3.1174
  3.1191
  3.1145
  3.1107
  3.1172
  3.1117
  3.1146
  3.1158
  3.1124
  3.1011
  3.0966
  3.0991
  3.1037
  3.1042
  3.1111
  3.1015
  3.1001
  3.0954
  3.1029
  3.0978
  3.0899
  3.1000
  3.0909
  3.0842
  3.0913
  3.0848
  3.0952
  3.0940
  3.0998
  3.0766
  3.0911
  3.0841
  3.0869
  3.0715
  3.0805
  3.0963
  3.0715
  3.0864
  3.0693
  3.0945
  3.0802
  3.0774
  3.0838
  3.0723
  3.0853
  3.0778
  3.0886
  3.0731
  3.0676
  3.0809
  3.0742
  3.0622
  3.0714
  3.0687
  3.0783
  3.0736
  3.0829
  3.0781
  3.0743
  3.0799
  3.0677
  3.0786
  3.0748
  3.0659
  3.0693
  3.0645
  3.0633
  3.0654
  3.0598
  3.0561
  3.0686
  3.0676
  3.0654
  3.0588
  3.0609
  3.0629
  3.0693
  3.0678
  3.0620
  3.0681
  3.0526
  3.0662
  3.0748
  3.0720
  3.0553
  3.0467
  3.0703
  3.0571
  3.0565
  3.0557
  3.0533
  3.0618
  3.0614
  3.0619
  3.0606
  3.0591
  3.0620
  3.0534
  3.0467
  3.0643
  3.0478
  3.0570
  3.0599
  3.0582
  3.0509
  3.0546
  3.0563
  3.0607
  3.0582
  3.0546
  3.0575
  3.0655
  3.0536
  3.0520
  3.0693
  3.0547
  3.0477
  3.0585
  3.0482
  3.0533
  3.0527
  3.0418
  3.0571
  3.0600
  3.0567
  3.0473
  3.0639
  3.0481
  3.0465
  3.0387
  3.0492
  3.0375
  3.0441
  3.0423
  3.0596
  3.0333
  3.0617
  3.0472
  3.0537
  3.0427
  3.0505
  3.0457
  3.0499
  3.0455
  3.0468
  3.0474
  3.0520
  3.0497
  3.0467
  3.0540
  3.0354
  3.0473
  3.0579
  3.0565
  3.0463
  3.0331
  3.0387
  3.0512
  3.0508
  3.0479
  3.0469
  3.0471
  3.0499
  3.0343
  3.0442
  3.0561
  3.0488
  3.0527
  3.0525
  3.0340
  3.0375
  3.0486
  3.0421
  3.0531
  3.0350
  3.0481
  3.0344
  3.0478
  3.0380
  3.0393
  3.0442
  3.0330
  3.0509
  3.0520
  3.0389
  3.0452
  3.0451
  3.0402
  3.0451
  3.0503
  3.0517
  3.0519
  3.0376
  3.0473
  3.0326
  3.0370
  3.0435
  3.0329
  3.0426
  3.0371
  3.0393
  3.0510
  3.0386
  3.0455
  3.0508
  3.0424
  3.0396
  3.0446
  3.0419
  3.0383
  3.0396
  3.0507
  3.0499
  3.0453
  3.0407
  3.0362
  3.0463
  3.0474
  3.0510
  3.0529
  3.0404
  3.0508
  3.0439
  3.0443
  3.0375
  3.0462
  3.0376
  3.0445
  3.0560
  3.0310
  3.0425
  3.0442
  3.0396
  3.0431
  3.0368
  3.0338
  3.0371
  3.0468
  3.0505
  3.0481
  3.0622
  3.0400
  3.0490
  3.0423
  3.0412
  3.0457
  3.0377
  3.0374
  3.0357
  3.0383
  3.0436
  3.0361
  3.0515
  3.0306
  3.0383
  3.0437
  3.0472
  3.0321
  3.0286
  3.0487
  3.0416
  3.0381
  3.0405
  3.0421
  3.0467
  3.0398
  3.0315
  3.0399
  3.0383
  3.0308
  3.0454
  3.0331
  3.0350
  3.0353
  3.0401
  3.0415
  3.0486
  3.0394
  3.0479
  3.0433
  3.0453
  3.0286
  3.0350
  3.0429
  3.0454
  3.0489
  3.0337
  3.0386
  3.0430
  3.0378
  3.0492
  3.0480
  3.0503
  3.0371
  3.0480
  3.0464
  3.0486
  3.0478
  3.0456
  3.0429
  3.0190
  3.0420
  3.0346
  3.0382
  3.0316
  3.0388
  3.0377
  3.0373
  3.0314
  3.0435
  3.0425
  3.0409
  3.0383
  3.0324
  3.0309
  3.0418
  3.0265
  3.0335
  3.0501
  3.0373
  3.0457
  3.0355
  3.0383
  3.0385
  3.0496
  3.0474
  3.0311
  3.0479
  3.0377
  3.0505
  3.0490
  3.0372
  3.0373
  3.0420
  3.0404
  3.0397
  3.0325
  3.0426
  3.0369
  3.0388
  3.0430
  3.0507
  3.0496
  3.0414
  3.0402
  3.0385
  3.0422
  3.0366
  3.0384
  3.0432
  3.0463
  3.0418
  3.0407
  3.0392
  3.0328
  3.0453
  3.0414
  3.0467
  3.0472
  3.0392
  3.0335
  3.0397
  3.0419
  3.0396
  3.0392
  3.0399
  3.0414
  3.0379
  3.0423
  3.0365
  3.0297
  3.0430
  3.0427
  3.0355
  3.0288
  3.0384
  3.0410
  3.0347
  3.0351
  3.0376
  3.0471
  3.0385
  3.0288
  3.0467
  3.0379
  3.0301
  3.0457
  3.0455
  3.0476
  3.0455
  3.0480
  3.0424
  3.0482
  3.0340
  3.0258
  3.0349
  3.0414
  3.0319
  3.0436
  3.0452
  3.0479
  3.0436
  3.0402
  3.0298
  3.0298
  3.0340
  3.0422
  3.0317
  3.0356
  3.0362
  3.0403
  3.0334
  3.0356
  3.0446
  3.0401
  3.0455
  3.0289
  3.0459
  3.0397
  3.0322
  3.0439
  3.0402
  3.0441
  3.0364
  3.0375
  3.0467
  3.0441
  3.0337
  3.0448
  3.0344
  3.0403
  3.0416
  3.0335
  3.0393
  3.0319
  3.0441
  3.0410
  3.0397
  3.0402
  3.0353
  3.0280
  3.0356
  3.0491
  3.0333
  3.0418
  3.0391
  3.0445
  3.0473
  3.0377
  3.0326
  3.0409
  3.0465
  3.0385
  3.0299
  3.0330
  3.0340
  3.0279
  3.0417
  3.0392
  3.0362
  3.0389
  3.0415
  3.0251
  3.0295
  3.0326
  3.0405
  3.0440
  3.0370
  3.0321
  3.0450
  3.0344
  3.0358
  3.0225
  3.0452
  3.0338
  3.0350
  3.0392
  3.0406
  3.0457
  3.0303
  3.0398
  3.0483
  3.0382
  3.0512
  3.0313
  3.0336
  3.0448
  3.0358
  3.0303
  3.0393
  3.0379
  3.0393
  3.0320
  3.0253
  3.0451
  3.0323
  3.0490
  3.0424
  3.0371
  3.0357
  3.0373
  3.0404
  3.0244
  3.0232
  3.0284
  3.0341
  3.0291
  3.0430
  3.0432
  3.0398
  3.0397
  3.0329
  3.0401
  3.0337
  3.0280
  3.0318
  3.0319
  3.0470
  3.0341
  3.0467
  3.0329
  3.0384
  3.0335
  3.0410
  3.0372
  3.0401
  3.0364
  3.0389
  3.0332
  3.0411
  3.0400
  3.0458
  3.0379
  3.0323
  3.0353
  3.0363
  3.0316
  3.0330
  3.0320
  3.0509
  3.0468
  3.0369
  3.0393
  3.0270
  3.0314
  3.0385
  3.0376
  3.0316
  3.0365
  3.0393
  3.0374
  3.0423
  3.0368
  3.0436
  3.0418
  3.0349
  3.0342
  3.0346
  3.0385
  3.0406
  3.0370
  3.0403
  3.0364
  3.0210
  3.0452
  3.0288
  3.0360
  3.0446
  3.0407
  3.0309
  3.0421
  3.0339
  3.0421
  3.0400
  3.0397
  3.0418
  3.0281
  3.0313
  3.0336
  3.0428
  3.0398
  3.0415
  3.0429
  3.0388
  3.0393
  3.0404
  3.0458
  3.0359
  3.0358
  3.0466
  3.0323
  3.0452
  3.0418
  3.0408
  3.0421
  3.0471
  3.0358
  3.0365
  3.0301
  3.0427
  3.0408
  3.0273
  3.0444
  3.0326
  3.0261
  3.0447
  3.0479
  3.0369
  3.0368
  3.0328
  3.0394
  3.0364
  3.0414
  3.0338
  3.0438
  3.0323
  3.0352
  3.0381
  3.0339
  3.0428
  3.0414
  3.0350
  3.0328
  3.0360
  3.0382
  3.0285
  3.0356
  3.0503
  3.0428
  3.0345
  3.0284
  3.0375
  3.0281
  3.0404
  3.0254
  3.0318
  3.0332
  3.0416
  3.0480
  3.0361
  3.0250
  3.0379
  3.0358
  3.0343
  3.0347
  3.0436
  3.0360
  3.0355
  3.0306
  3.0428
  3.0406
  3.0380
  3.0343
  3.0343
  3.0327
  3.0458
  3.0434
  3.0496
  3.0389
  3.0297
  3.0400
  3.0490
  3.0456
  3.0390
  3.0409
  3.0455
  3.0444
  3.0398
  3.0323
  3.0414
  3.0408
  3.0314
  3.0416
  3.0387
  3.0427
  3.0335
  3.0348
  3.0262
  3.0246
  3.0337
  3.0346
  3.0462
  3.0377
  3.0449
  3.0356
  3.0313
  3.0386
  3.0370
  3.0439
  3.0363
  3.0347
  3.0359
  3.0342
  3.0350
  3.0395
  3.0275
  3.0359
  3.0306
  3.0363
  3.0406
  3.0382
  3.0398
  3.0342
  3.0364
  3.0488
  3.0324
  3.0394
  3.0394
  3.0467
  3.0415
  3.0350
  3.0399
  3.0368
  3.0247
  3.0399
  3.0540
  3.0449
  3.0401
  3.0285
  3.0415
  3.0273
  3.0320
  3.0397
  3.0417
  3.0409
  3.0403
  3.0234
  3.0410
  3.0403
  3.0311
  3.0420
  3.0262
  3.0311
  3.0484
  3.0345
  3.0382
  3.0311
  3.0409
  3.0283
  3.0237
  3.0439
  3.0356
  3.0449
  3.0392
  3.0285
  3.0405
  3.0367
  3.0440
  3.0341
  3.0341
  3.0413
  3.0333
  3.0477
  3.0339
  3.0418
  3.0384
  3.0365
  3.0412
  3.0358
  3.0417
  3.0323
  3.0340
  3.0421
  3.0316
  3.0362
  3.0399
  3.0327
  3.0376
  3.0410
  3.0412
  3.0401
  3.0350
  3.0349
  3.0296
  3.0459
  3.0290
  3.0352
  3.0374
  3.0389
  3.0333
  3.0427
  3.0417
  3.0453
  3.0313
  3.0369
  3.0305
  3.0371
  3.0334
  3.0406
  3.0411
  3.0618
  3.0357
  3.0395
  3.0301
  3.0292
  3.0333
  3.0354
  3.0520
  3.0370
  3.0424
  3.0374
  3.0385
  3.0316
  3.0149
  3.0373
  3.0421
  3.0371
  3.0362
  3.0400
  3.0196
  3.0379
  3.0402
  3.0275
  3.0322
  3.0426
  3.0353
  3.0344
  3.0346
  3.0375
  3.0389
  3.0305
  3.0390
  3.0357
  3.0325
  3.0343
  3.0448
  3.0473
  3.0374
  3.0250
  3.0243
  3.0359
  3.0362
  3.0422
  3.0484
  3.0335
  3.0353
  3.0320
  3.0279
  3.0443
  3.0426
  3.0324
  3.0339
  3.0271
  3.0415
  3.0347
  3.0466
  3.0430
  3.0369
  3.0345
  3.0435
  3.0359
  3.0352
  3.0242
  3.0370
  3.0345
  3.0409
  3.0280
  3.0422
  3.0413
  3.0324
  3.0408
  3.0324
  3.0339
  3.0379
  3.0406
  3.0322
  3.0332
  3.0342
  3.0309
  3.0375
  3.0348
  3.0338
  3.0327
  3.0316
  3.0371
  3.0290
  3.0304
  3.0418
  3.0369
  3.0372
  3.0343
  3.0349
  3.0335
  3.0382
  3.0304
  3.0361
  3.0409
  3.0481
  3.0356
  3.0387
  3.0403
  3.0405
  3.0506
  3.0258
  3.0349
  3.0399
  3.0321
  3.0308
  3.0401
  3.0396
  3.0390
  3.0301
  3.0375
  3.0403
  3.0343
  3.0411
  3.0361
  3.0260
  3.0474
  3.0353
  3.0305
  3.0348
  3.0418
  3.0394
  3.0393
  3.0332
  3.0390
  3.0389
  3.0365
  3.0345
  3.0387
  3.0446
  3.0357
  3.0419
  3.0342
  3.0424
  3.0436
  3.0340
  3.0338
  3.0334
  3.0430
  3.0309
  3.0434
  3.0368
  3.0436
  3.0352
  3.0460
  3.0389
  3.0421
  3.0378
  3.0426
  3.0221
  3.0249
  3.0452
  3.0329
  3.0349
  3.0287
  3.0345
  3.0391
  3.0353
  3.0312
  3.0350
  3.0337
  3.0326
  3.0388
  3.0515
  3.0461
  3.0299
  3.0431
  3.0353
  3.0314
  3.0396
  3.0381
  3.0561
  3.0342
  3.0449
  3.0249
  3.0360
  3.0461
  3.0413
  3.0422
  3.0376
  3.0397
  3.0378
  3.0359
  3.0409
  3.0360
  3.0356
  3.0437
  3.0319
  3.0360
  3.0303
  3.0320
  3.0363
  3.0407
  3.0322
  3.0467
  3.0470
  3.0300
  3.0301
  3.0443
  3.0282
  3.0452
  3.0392
  3.0363
  3.0352
  3.0336
  3.0329
  3.0360
  3.0251
  3.0359
  3.0422
  3.0322
  3.0477
  3.0399
  3.0372
  3.0319
  3.0403
  3.0445
  3.0438
  3.0326
  3.0368
  3.0364
  3.0389
  3.0255
  3.0319
  3.0363
  3.0420
  3.0458
  3.0328
  3.0358
  3.0362
  3.0381
  3.0365
  3.0350
  3.0267
  3.0383
  3.0364
  3.0341
  3.0337
  3.0435
  3.0432
  3.0370
  3.0286
  3.0458
  3.0334
  3.0303
  3.0400
  3.0398
  3.0498
  3.0313
  3.0282
  3.0374
  3.0368
  3.0472
  3.0448
  3.0400
  3.0343
  3.0369
  3.0299
  3.0369
  3.0326
  3.0376
  3.0417
  3.0357
  3.0447
  3.0404
  3.0206
  3.0267
  3.0354
  3.0372
  3.0327
  3.0437
  3.0365
  3.0347
  3.0311
  3.0446
  3.0439
  3.0464
  3.0387
  3.0310
  3.0396
  3.0494
  3.0323
  3.0349
  3.0427
  3.0424
  3.0433
  3.0379
  3.0317
  3.0313
  3.0352
  3.0400
  3.0438
  3.0350
  3.0275
  3.0330
  3.0342
  3.0329
  3.0400
  3.0394
  3.0317
  3.0369
  3.0287
  3.0414
  3.0237
  3.0398
  3.0360
  3.0326
  3.0284
  3.0325
  3.0377
  3.0469
  3.0321
  3.0432
  3.0402
  3.0353
  3.0352
  3.0432
  3.0380
  3.0395
  3.0407
  3.0361
  3.0418
  3.0397
  3.0284
  3.0300
  3.0367
  3.0359
  3.0402
  3.0302
  3.0439
  3.0447
  3.0460
  3.0398
  3.0325
  3.0450
  3.0470
  3.0349
  3.0396
  3.0400
  3.0313
  3.0369
  3.0472
  3.0406
  3.0380
  3.0260
  3.0266
  3.0368
  3.0351
  3.0344
  3.0398
  3.0343
  3.0437
  3.0462
  3.0380
  3.0378
  3.0482
  3.0492
  3.0404
  3.0378
  3.0350
  3.0434
  3.0296
  3.0434
  3.0384
  3.0409
  3.0317
  3.0409
  3.0353
  3.0331
  3.0339
  3.0362
  3.0268
  3.0371
  3.0375
  3.0388
  3.0394
  3.0373
  3.0373
  3.0211
  3.0355
  3.0354
  3.0452
  3.0311
  3.0390
  3.0445
  3.0382
  3.0369
  3.0334
  3.0382
  3.0339
  3.0453
  3.0265
  3.0325
  3.0435
  3.0341
  3.0445
  3.0423
  3.0351
  3.0383
  3.0255
  3.0393
  3.0296
  3.0354
  3.0315
  3.0313
  3.0376
  3.0391
  3.0220
  3.0425
  3.0261
  3.0329
  3.0478
  3.0468
  3.0460
  3.0461
  3.0408
  3.0261
  3.0349
  3.0510
  3.0452
  3.0333
  3.0389
  3.0438
  3.0362
  3.0327
  3.0364
  3.0393
  3.0362
  3.0435
  3.0421
  3.0317
  3.0492
  3.0391
  3.0270
  3.0387
  3.0444
  3.0389
  3.0346
  3.0378
  3.0287
  3.0280
  3.0262
  3.0367
  3.0447
  3.0423
  3.0348
  3.0351
  3.0372
  3.0334
  3.0380
  3.0378
  3.0370
  3.0385
  3.0409
  3.0375
  3.0329
  3.0409
  3.0406
  3.0349
  3.0372
  3.0341
  3.0428
  3.0493
  3.0414
  3.0395
  3.0380
  3.0334
  3.0460
  3.0470
  3.0376
  3.0357
  3.0337
  3.0319
  3.0310
  3.0410
  3.0301
  3.0445
  3.0312
  3.0420
  3.0343
  3.0506
  3.0384
  3.0324
  3.0389
  3.0419
  3.0359
  3.0442
  3.0430
  3.0369
  3.0323
  3.0344
  3.0335
  3.0372
  3.0318
  3.0429
  3.0369
  3.0420
  3.0442
  3.0335
  3.0388
  3.0347
  3.0357
  3.0324
  3.0355
  3.0364
  3.0303
  3.0384
  3.0342
  3.0321
  3.0386
  3.0348
  3.0349
  3.0402
  3.0282
  3.0362
  3.0400
  3.0291
  3.0341
  3.0280
  3.0237
  3.0366
  3.0329
  3.0349
  3.0511
  3.0421
  3.0417
  3.0337
  3.0326
  3.0378
  3.0428
  3.0264
  3.0340
  3.0400
  3.0305
  3.0381
  3.0339
  3.0345
  3.0431
  3.0464
  3.0445
  3.0449
  3.0416
  3.0283
  3.0353
  3.0384
  3.0515
  3.0367
  3.0415
  3.0447
  3.0310
  3.0327
  3.0353
  3.0214
  3.0514
  3.0299
  3.0335
  3.0332
  3.0346
  3.0400
  3.0370
  3.0284
  3.0381
  3.0419
  3.0361
  3.0447
  3.0461
  3.0387
  3.0296
  3.0325
  3.0327
  3.0327
  3.0285
  3.0206
  3.0344
  3.0422
  3.0360
  3.0308
  3.0213
  3.0360
  3.0364
  3.0324
  3.0450
  3.0299
  3.0396
  3.0310
  3.0316
  3.0390
  3.0423
  3.0339
  3.0404
  3.0318
  3.0232
  3.0302
  3.0374
  3.0364
  3.0343
  3.0344
  3.0439
  3.0398
  3.0275
  3.0421
  3.0271
  3.0282
  3.0408
  3.0411
  3.0351
  3.0249
  3.0443
  3.0460
  3.0356
  3.0273
  3.0414
  3.0375
  3.0405
  3.0416
  3.0384
  3.0380
  3.0344
  3.0385
  3.0386
  3.0304
  3.0365
  3.0254
  3.0404
  3.0321
  3.0316
  3.0393
  3.0433
  3.0440
  3.0421
  3.0384
  3.0370
  3.0284
  3.0396
  3.0350
  3.0358
  3.0296
  3.0441
  3.0396
  3.0319
  3.0325
  3.0290
  3.0393
  3.0416
  3.0410
  3.0423
  3.0389
  3.0395
  3.0395
  3.0435
  3.0398
  3.0318
  3.0194
  3.0336
  3.0307
  3.0381
  3.0439
  3.0299
  3.0501
  3.0396
  3.0326
  3.0442
  3.0290
  3.0405
  3.0425
  3.0377
  3.0381
  3.0272
  3.0406
  3.0359
  3.0331
  3.0399
  3.0372
  3.0435
  3.0410
  3.0443
  3.0326
  3.0385
  3.0309
  3.0402
  3.0386
  3.0479
  3.0318
  3.0331
  3.0362
  3.0382
  3.0457
  3.0324
  3.0342
  3.0379
  3.0354
  3.0302
  3.0349
  3.0409
  3.0413
  3.0398
  3.0461
  3.0360
  3.0382
  3.0343
  3.0276
  3.0323
  3.0392
  3.0423
  3.0382
  3.0397
  3.0357
  3.0302
  3.0421
  3.0377
  3.0309
  3.0380
  3.0363
  3.0304
  3.0453
  3.0473
  3.0317
  3.0413
  3.0360
  3.0384
  3.0446
  3.0384
  3.0424
  3.0291
  3.0358
  3.0330
  3.0459
  3.0338
  3.0355
  3.0250
  3.0315
  3.0270
  3.0518
  3.0336
  3.0377
  3.0329
  3.0446
  3.0299
  3.0394
  3.0489
  3.0417
  3.0317
  3.0373
  3.0371
  3.0380
  3.0301
  3.0406
  3.0370
  3.0406
  3.0421
  3.0333
  3.0347
  3.0407
  3.0286
  3.0456
  3.0457
  3.0356
  3.0323
  3.0439
  3.0436
  3.0345
  3.0361
  3.0407
  3.0375
  3.0428
  3.0362
  3.0323
  3.0442
  3.0421
  3.0347
  3.0361
  3.0504
  3.0389
  3.0358
  3.0421
  3.0339
  3.0425
  3.0425
  3.0410
  3.0511
  3.0423
  3.0371
  3.0343
  3.0361
  3.0439
  3.0340
  3.0339
  3.0487
  3.0329
  3.0449
  3.0335
  3.0375
  3.0333
  3.0377
  3.0267
  3.0395
  3.0383
  3.0372
  3.0422
  3.0327
  3.0387
  3.0421
  3.0406
  3.0380
  3.0350
  3.0390
  3.0439
  3.0370
  3.0395
  3.0351
  3.0331
  3.0482
  3.0449
  3.0258
  3.0282
  3.0270
  3.0361
  3.0412
  3.0397
  3.0262
  3.0226
  3.0324
  3.0400
  3.0423
  3.0367
  3.0354
  3.0267
  3.0362
  3.0362
  3.0347
  3.0283
  3.0304
  3.0190
  3.0394
  3.0264
  3.0430
  3.0434
  3.0477
  3.0281
  3.0345
  3.0411
  3.0294
  3.0400
  3.0390
  3.0394
  3.0419
  3.0397
  3.0385
  3.0397
  3.0311
  3.0457
  3.0349
  3.0396
  3.0305
  3.0374
  3.0253
  3.0324
  3.0437
  3.0303
  3.0434
  3.0367
  3.0382
  3.0392
  3.0322
  3.0351
  3.0402
  3.0439
  3.0353
  3.0401
  3.0327
  3.0373
  3.0389
  3.0426
  3.0401
  3.0380
  3.0370
  3.0341
  3.0338
  3.0466
  3.0451
  3.0392
  3.0346
  3.0458
  3.0352
  3.0369
  3.0306
  3.0324
  3.0467
  3.0334
  3.0361
  3.0416
  3.0245
  3.0346
  3.0359
  3.0294
  3.0473
  3.0477
  3.0346
  3.0328
  3.0399
  3.0306
  3.0374
  3.0275
  3.0393
  3.0393
  3.0305
  3.0343
  3.0342
  3.0389
  3.0273
  3.0381
  3.0432
  3.0234
  3.0382
  3.0381
  3.0351
  3.0337
  3.0335
  3.0396
  3.0396
  3.0333
  3.0417
  3.0331
  3.0427
  3.0476
  3.0367
  3.0302
  3.0328
  3.0396
  3.0351
  3.0300
  3.0406
  3.0450
  3.0237
  3.0236
  3.0383
  3.0528
  3.0411
  3.0387
  3.0278
  3.0441
  3.0355
  3.0246
  3.0412
  3.0362
  3.0292
  3.0320
  3.0310
  3.0449
  3.0323
  3.0348
  3.0334
  3.0417
  3.0393
  3.0318
  3.0326
  3.0331
  3.0328
  3.0394
  3.0468
  3.0354
  3.0399
  3.0384
  3.0362
  3.0327
  3.0379
  3.0389
  3.0420
  3.0427
  3.0305
  3.0410
  3.0244
  3.0429
  3.0444
  3.0345
  3.0340
  3.0371
  3.0365
  3.0321
  3.0211
  3.0357
  3.0356
  3.0223
  3.0462
  3.0381
  3.0299
  3.0288
  3.0145
  3.0319
  3.0372
  3.0315
  3.0231
  3.0421
  3.0424
  3.0347
  3.0295
  3.0388
  3.0316
  3.0354
  3.0362
  3.0406
  3.0369
  3.0402
  3.0369
  3.0499
  3.0200
  3.0313
  3.0357
  3.0396
  3.0335
  3.0380
  3.0360
  3.0348
  3.0340
  3.0435
  3.0396
  3.0407
  3.0330
  3.0500
  3.0251
  3.0391
  3.0446
  3.0395
  3.0397
  3.0350
  3.0311
  3.0391
  3.0355
  3.0376
  3.0260
  3.0344
  3.0447
  3.0412
  3.0248
  3.0373
  3.0354
  3.0391
  3.0387
  3.0315
  3.0268
  3.0401
  3.0418
  3.0338
  3.0457
  3.0460
  3.0391
  3.0347
  3.0309
  3.0400
  3.0388
  3.0293
  3.0323
  3.0396
  3.0263
  3.0297
  3.0308
  3.0499
  3.0552
  3.0361
  3.0407
  3.0278
  3.0395
  3.0416
  3.0344
  3.0442
  3.0247
  3.0409
  3.0431
  3.0252
  3.0268
