C1431410.095583
Gadanki 14/03/2014 10:09:25 14/03/2014 10:09:56 0375 0079.2 0013.5 00
0000000 0020 0000600 0020 01
1 0 2 02000 1 0000 0030 00532.o 0 0 00 000 14 000600 0.500 BT0
532.000 .o analog 0 
  3.0154
 21.3919
 18.1723
 10.9867
 12.2402
 13.7137
 17.3558
 28.0821
 38.7827
 41.5859
 39.8132
 36.0398
 32.1302
 28.4307
 25.3116
 22.4966
 20.1041
 18.2763
 16.7444
 15.4646
 14.4064
 13.3454
 12.5325
 11.8336
 11.1005
 10.4279
  9.8391
  9.3294
  8.9147
  8.5271
  8.0293
  7.4149
  7.0559
  6.7626
  6.3923
  6.0608
  5.8009
  5.6558
  5.5201
  5.3746
  5.2321
  5.0990
  4.9974
  4.8858
  4.8003
  4.7211
  4.5951
  4.4541
  4.3855
  4.3204
  4.2944
  4.2132
  4.1174
  4.0800
  4.0971
  4.0728
  4.0574
  3.9525
  3.9071
  3.9364
  3.9206
  3.8598
  3.7778
  3.7347
  3.7272
  3.6860
  3.6080
  3.6079
  3.6107
  3.5954
  3.5536
  3.5383
  3.4971
  3.4691
  3.4592
  3.4426
  3.4367
  3.4177
  3.4047
  3.4040
  3.4226
  3.4198
  3.4221
  3.3677
  3.3195
  3.3090
  3.2957
  3.2981
  3.2718
  3.2814
  3.2732
  3.2500
  3.2540
  3.2423
  3.2249
  3.2420
  3.2340
  3.2163
  3.2195
  3.2201
  3.2066
  3.1998
  3.1997
  3.1933
  3.1868
  3.1986
  3.1829
  3.1830
  3.1851
  3.1841
  3.1666
  3.1596
  3.1786
  3.1522
  3.1572
  3.1657
  3.1540
  3.1489
  3.1562
  3.1482
  3.1524
  3.1365
  3.1276
  3.1379
  3.1346
  3.1365
  3.1267
  3.1342
  3.1178
  3.1090
  3.1194
  3.1174
  3.1339
  3.1174
  3.1063
  3.1057
  3.1152
  3.1081
  3.1109
  3.1133
  3.1055
  3.1014
  3.0943
  3.1023
  3.1005
  3.0962
  3.0937
  3.0906
  3.0906
  3.0892
  3.1005
  3.0911
  3.0834
  3.0964
  3.0909
  3.0759
  3.0832
  3.0968
  3.0858
  3.0831
  3.0909
  3.0923
  3.0762
  3.0786
  3.0818
  3.0846
  3.0722
  3.0766
  3.0864
  3.0781
  3.0853
  3.0786
  3.0759
  3.0845
  3.0772
  3.0697
  3.0791
  3.0648
  3.0686
  3.0665
  3.0813
  3.0669
  3.0762
  3.0796
  3.0662
  3.0569
  3.0599
  3.0617
  3.0646
  3.0589
  3.0656
  3.0598
  3.0701
  3.0639
  3.0505
  3.0532
  3.0643
  3.0529
  3.0589
  3.0599
  3.0566
  3.0535
  3.0527
  3.0606
  3.0419
  3.0607
  3.0554
  3.0523
  3.0599
  3.0618
  3.0495
  3.0598
  3.0491
  3.0612
  3.0520
  3.0443
  3.0612
  3.0491
  3.0459
  3.0420
  3.0536
  3.0451
  3.0577
  3.0476
  3.0442
  3.0564
  3.0446
  3.0359
  3.0460
  3.0510
  3.0487
  3.0419
  3.0453
  3.0451
  3.0434
  3.0459
  3.0491
  3.0453
  3.0411
  3.0544
  3.0523
  3.0457
  3.0444
  3.0438
  3.0550
  3.0439
  3.0353
  3.0446
  3.0459
  3.0490
  3.0409
  3.0562
  3.0445
  3.0453
  3.0440
  3.0472
  3.0392
  3.0428
  3.0453
  3.0463
  3.0329
  3.0465
  3.0488
  3.0379
  3.0342
  3.0344
  3.0371
  3.0492
  3.0485
  3.0341
  3.0482
  3.0336
  3.0425
  3.0504
  3.0359
  3.0340
  3.0420
  3.0303
  3.0345
  3.0407
  3.0455
  3.0445
  3.0370
  3.0338
  3.0365
  3.0448
  3.0347
  3.0414
  3.0406
  3.0345
  3.0333
  3.0347
  3.0346
  3.0239
  3.0421
  3.0324
  3.0398
  3.0312
  3.0244
  3.0391
  3.0278
  3.0276
  3.0363
  3.0544
  3.0328
  3.0210
  3.0329
  3.0518
  3.0374
  3.0360
  3.0406
  3.0373
  3.0402
  3.0432
  3.0291
  3.0360
  3.0476
  3.0326
  3.0274
  3.0334
  3.0381
  3.0353
  3.0322
  3.0235
  3.0319
  3.0408
  3.0230
  3.0235
  3.0241
  3.0378
  3.0302
  3.0277
  3.0232
  3.0298
  3.0334
  3.0264
  3.0388
  3.0312
  3.0302
  3.0392
  3.0349
  3.0296
  3.0380
  3.0294
  3.0379
  3.0360
  3.0408
  3.0319
  3.0370
  3.0374
  3.0354
  3.0348
  3.0326
  3.0321
  3.0443
  3.0339
  3.0202
  3.0345
  3.0316
  3.0369
  3.0309
  3.0222
  3.0215
  3.0340
  3.0331
  3.0270
  3.0387
  3.0388
  3.0293
  3.0339
  3.0326
  3.0318
  3.0280
  3.0357
  3.0302
  3.0342
  3.0360
  3.0136
  3.0264
  3.0288
  3.0421
  3.0393
  3.0334
  3.0337
  3.0278
  3.0270
  3.0320
  3.0428
  3.0317
  3.0403
  3.0276
  3.0276
  3.0317
  3.0303
  3.0195
  3.0414
  3.0371
  3.0330
  3.0301
  3.0323
  3.0320
  3.0344
  3.0274
  3.0382
  3.0291
  3.0260
  3.0284
  3.0281
  3.0360
  3.0321
  3.0282
  3.0304
  3.0309
  3.0301
  3.0323
  3.0318
  3.0241
  3.0373
  3.0186
  3.0347
  3.0214
  3.0292
  3.0277
  3.0400
  3.0289
  3.0267
  3.0309
  3.0325
  3.0219
  3.0291
  3.0263
  3.0330
  3.0374
  3.0321
  3.0351
  3.0363
  3.0375
  3.0387
  3.0318
  3.0421
  3.0331
  3.0331
  3.0331
  3.0244
  3.0318
  3.0322
  3.0316
  3.0264
  3.0309
  3.0294
  3.0255
  3.0302
  3.0324
  3.0335
  3.0251
  3.0200
  3.0222
  3.0277
  3.0237
  3.0292
  3.0231
  3.0280
  3.0254
  3.0312
  3.0294
  3.0337
  3.0272
  3.0347
  3.0236
  3.0224
  3.0389
  3.0335
  3.0318
  3.0304
  3.0258
  3.0324
  3.0355
  3.0261
  3.0400
  3.0350
  3.0335
  3.0262
  3.0355
  3.0260
  3.0230
  3.0426
  3.0413
  3.0387
  3.0278
  3.0370
  3.0293
  3.0355
  3.0233
  3.0278
  3.0295
  3.0389
  3.0288
  3.0291
  3.0312
  3.0276
  3.0375
  3.0323
  3.0266
  3.0294
  3.0235
  3.0312
  3.0234
  3.0224
  3.0313
  3.0273
  3.0315
  3.0220
  3.0349
  3.0344
  3.0220
  3.0222
  3.0284
  3.0301
  3.0264
  3.0241
  3.0397
  3.0294
  3.0318
  3.0341
  3.0241
  3.0299
  3.0184
  3.0361
  3.0362
  3.0333
  3.0291
  3.0364
  3.0321
  3.0134
  3.0340
  3.0302
  3.0328
  3.0375
  3.0254
  3.0318
  3.0348
  3.0200
  3.0181
  3.0292
  3.0273
  3.0276
  3.0221
  3.0265
  3.0387
  3.0324
  3.0321
  3.0304
  3.0159
  3.0268
  3.0342
  3.0313
  3.0282
  3.0146
  3.0161
  3.0396
  3.0414
  3.0301
  3.0267
  3.0337
  3.0337
  3.0348
  3.0246
  3.0238
  3.0219
  3.0234
  3.0325
  3.0173
  3.0400
  3.0220
  3.0275
  3.0285
  3.0324
  3.0258
  3.0196
  3.0281
  3.0226
  3.0192
  3.0202
  3.0301
  3.0258
  3.0308
  3.0287
  3.0273
  3.0268
  3.0249
  3.0217
  3.0254
  3.0338
  3.0348
  3.0251
  3.0256
  3.0285
  3.0262
  3.0205
  3.0284
  3.0273
  3.0231
  3.0263
  3.0274
  3.0316
  3.0240
  3.0216
  3.0257
  3.0322
  3.0296
  3.0131
  3.0337
  3.0245
  3.0289
  3.0249
  3.0405
  3.0337
  3.0212
  3.0257
  3.0368
  3.0341
  3.0274
  3.0233
  3.0219
  3.0276
  3.0310
  3.0367
  3.0401
  3.0380
  3.0303
  3.0270
  3.0194
  3.0180
  3.0289
  3.0397
  3.0331
  3.0392
  3.0266
  3.0302
  3.0252
  3.0252
  3.0158
  3.0271
  3.0109
  3.0224
  3.0424
  3.0331
  3.0247
  3.0273
  3.0267
  3.0314
  3.0130
  3.0303
  3.0288
  3.0269
  3.0371
  3.0362
  3.0295
  3.0241
  3.0400
  3.0204
  3.0388
  3.0321
  3.0397
  3.0262
  3.0228
  3.0329
  3.0244
  3.0267
  3.0308
  3.0367
  3.0272
  3.0291
  3.0267
  3.0327
  3.0203
  3.0234
  3.0342
  3.0383
  3.0252
  3.0321
  3.0317
  3.0225
  3.0275
  3.0284
  3.0299
  3.0333
  3.0172
  3.0353
  3.0346
  3.0299
  3.0305
  3.0298
  3.0270
  3.0222
  3.0199
  3.0210
  3.0124
  3.0297
  3.0431
  3.0295
  3.0286
  3.0225
  3.0244
  3.0298
  3.0262
  3.0235
  3.0072
  3.0306
  3.0314
  3.0281
  3.0324
  3.0283
  3.0393
  3.0193
  3.0222
  3.0341
  3.0321
  3.0319
  3.0202
  3.0413
  3.0156
  3.0322
  3.0319
  3.0321
  3.0300
  3.0340
  3.0223
  3.0279
  3.0348
  3.0264
  3.0287
  3.0223
  3.0326
  3.0290
  3.0181
  3.0242
  3.0219
  3.0264
  3.0263
  3.0143
  3.0209
  3.0313
  3.0203
  3.0363
  3.0154
  3.0240
  3.0361
  3.0169
  3.0251
  3.0266
  3.0309
  3.0314
  3.0240
  3.0178
  3.0227
  3.0279
  3.0158
  3.0286
  3.0222
  3.0290
  3.0273
  3.0289
  3.0354
  3.0189
  3.0216
  3.0413
  3.0236
  3.0244
  3.0280
  3.0290
  3.0319
  3.0290
  3.0164
  3.0246
  3.0166
  3.0252
  3.0273
  3.0238
  3.0264
  3.0370
  3.0164
  3.0227
  3.0361
  3.0273
  3.0251
  3.0233
  3.0192
  3.0156
  3.0302
  3.0299
  3.0438
  3.0314
  3.0287
  3.0300
  3.0291
  3.0239
  3.0204
  3.0194
  3.0283
  3.0290
  3.0315
  3.0288
  3.0185
  3.0230
  3.0349
  3.0232
  3.0282
  3.0415
  3.0187
  3.0326
  3.0342
  3.0238
  3.0334
  3.0154
  3.0356
  3.0197
  3.0292
  3.0327
  3.0226
  3.0286
  3.0202
  3.0287
  3.0306
  3.0216
  3.0222
  3.0253
  3.0312
  3.0326
  3.0292
  3.0251
  3.0175
  3.0218
  3.0399
  3.0202
  3.0268
  3.0231
  3.0354
  3.0216
  3.0237
  3.0350
  3.0176
  3.0256
  3.0324
  3.0290
  3.0147
  3.0356
  3.0262
  3.0286
  3.0300
  3.0248
  3.0319
  3.0257
  3.0252
  3.0331
  3.0248
  3.0264
  3.0423
  3.0321
  3.0245
  3.0225
  3.0359
  3.0222
  3.0255
  3.0263
  3.0346
  3.0298
  3.0353
  3.0247
  3.0261
  3.0241
  3.0244
  3.0318
  3.0275
  3.0273
  3.0360
  3.0308
  3.0407
  3.0191
  3.0363
  3.0429
  3.0262
  3.0350
  3.0206
  3.0162
  3.0152
  3.0263
  3.0361
  3.0186
  3.0146
  3.0189
  3.0280
  3.0268
  3.0228
  3.0326
  3.0370
  3.0268
  3.0245
  3.0270
  3.0270
  3.0304
  3.0276
  3.0255
  3.0172
  3.0209
  3.0361
  3.0330
  3.0260
  3.0432
  3.0289
  3.0283
  3.0228
  3.0245
  3.0251
  3.0226
  3.0284
  3.0233
  3.0340
  3.0298
  3.0273
  3.0213
  3.0236
  3.0179
  3.0309
  3.0292
  3.0274
  3.0251
  3.0230
  3.0213
  3.0266
  3.0145
  3.0244
  3.0330
  3.0256
  3.0315
  3.0365
  3.0250
  3.0234
  3.0245
  3.0164
  3.0309
  3.0310
  3.0227
  3.0391
  3.0321
  3.0295
  3.0326
  3.0190
  3.0296
  3.0251
  3.0311
  3.0338
  3.0261
  3.0311
  3.0264
  3.0161
  3.0433
  3.0375
  3.0281
  3.0201
  3.0195
  3.0263
  3.0297
  3.0290
  3.0238
  3.0263
  3.0250
  3.0272
  3.0218
  3.0169
  3.0352
  3.0317
  3.0264
  3.0203
  3.0171
  3.0341
  3.0189
  3.0300
  3.0272
  3.0415
  3.0231
  3.0313
  3.0438
  3.0186
  3.0350
  3.0346
  3.0333
  3.0237
  3.0257
  3.0251
  3.0269
  3.0347
  3.0321
  3.0344
  3.0335
  3.0348
  3.0249
  3.0299
  3.0284
  3.0328
  3.0140
  3.0249
  3.0321
  3.0241
  3.0327
  3.0295
  3.0295
  3.0238
  3.0281
  3.0271
  3.0373
  3.0227
  3.0217
  3.0359
  3.0236
  3.0200
  3.0229
  3.0261
  3.0274
  3.0289
  3.0217
  3.0281
  3.0128
  3.0345
  3.0268
  3.0341
  3.0272
  3.0257
  3.0247
  3.0271
  3.0276
  3.0301
  3.0276
  3.0315
  3.0181
  3.0339
  3.0303
  3.0228
  3.0280
  3.0277
  3.0255
  3.0184
  3.0394
  3.0238
  3.0312
  3.0312
  3.0227
  3.0190
  3.0272
  3.0334
  3.0267
  3.0218
  3.0399
  3.0329
  3.0150
  3.0240
  3.0288
  3.0238
  3.0234
  3.0360
  3.0231
  3.0305
  3.0222
  3.0317
  3.0255
  3.0275
  3.0296
  3.0293
  3.0313
  3.0144
  3.0262
  3.0189
  3.0274
  3.0271
  3.0219
  3.0280
  3.0224
  3.0296
  3.0293
  3.0283
  3.0224
  3.0215
  3.0254
  3.0160
  3.0214
  3.0237
  3.0300
  3.0308
  3.0357
  3.0184
  3.0235
  3.0274
  3.0322
  3.0289
  3.0299
  3.0232
  3.0232
  3.0271
  3.0173
  3.0327
  3.0268
  3.0257
  3.0333
  3.0417
  3.0346
  3.0299
  3.0332
  3.0212
  3.0226
  3.0384
  3.0182
  3.0337
  3.0228
  3.0363
  3.0336
  3.0218
  3.0288
  3.0205
  3.0260
  3.0226
  3.0241
  3.0412
  3.0277
  3.0256
  3.0235
  3.0250
  3.0230
  3.0277
  3.0221
  3.0338
  3.0359
  3.0302
  3.0258
  3.0409
  3.0225
  3.0371
  3.0334
  3.0203
  3.0223
  3.0206
  3.0331
  3.0251
  3.0171
  3.0367
  3.0194
  3.0376
  3.0200
  3.0292
  3.0232
  3.0370
  3.0290
  3.0310
  3.0247
  3.0230
  3.0320
  3.0274
  3.0231
  3.0255
  3.0317
  3.0249
  3.0288
  3.0246
  3.0328
  3.0356
  3.0260
  3.0311
  3.0237
  3.0232
  3.0153
  3.0339
  3.0357
  3.0357
  3.0241
  3.0300
  3.0256
  3.0185
  3.0257
  3.0289
  3.0362
  3.0229
  3.0259
  3.0111
  3.0158
  3.0197
  3.0285
  3.0274
  3.0367
  3.0296
  3.0296
  3.0208
  3.0243
  3.0380
  3.0344
  3.0151
  3.0200
  3.0259
  3.0154
  3.0375
  3.0256
  3.0261
  3.0211
  3.0299
  3.0397
  3.0274
  3.0279
  3.0374
  3.0254
  3.0281
  3.0208
  3.0314
  3.0331
  3.0259
  3.0241
  3.0303
  3.0339
  3.0263
  3.0289
  3.0227
  3.0293
  3.0280
  3.0309
  3.0263
  3.0272
  3.0300
  3.0379
  3.0346
  3.0203
  3.0356
  3.0245
  3.0178
  3.0266
  3.0241
  3.0223
  3.0265
  3.0397
  3.0244
  3.0232
  3.0182
  3.0347
  3.0212
  3.0376
  3.0287
  3.0240
  3.0182
  3.0262
  3.0304
  3.0221
  3.0253
  3.0314
  3.0324
  3.0277
  3.0306
  3.0235
  3.0267
  3.0375
  3.0315
  3.0176
  3.0224
  3.0238
  3.0303
  3.0275
  3.0309
  3.0291
  3.0318
  3.0274
  3.0182
  3.0263
  3.0326
  3.0230
  3.0302
  3.0280
  3.0309
  3.0278
  3.0190
  3.0258
  3.0266
  3.0286
  3.0239
  3.0353
  3.0254
  3.0305
  3.0164
  3.0326
  3.0300
  3.0282
  3.0312
  3.0297
  3.0211
  3.0216
  3.0170
  3.0118
  3.0201
  3.0281
  3.0249
  3.0246
  3.0230
  3.0278
  3.0344
  3.0220
  3.0209
  3.0317
  3.0152
  3.0301
  3.0242
  3.0317
  3.0153
  3.0258
  3.0392
  3.0278
  3.0341
  3.0238
  3.0220
  3.0236
  3.0366
  3.0335
  3.0207
  3.0268
  3.0249
  3.0098
  3.0197
  3.0170
  3.0249
  3.0151
  3.0265
  3.0196
  3.0177
  3.0323
  3.0316
  3.0305
  3.0217
  3.0241
  3.0256
  3.0262
  3.0303
  3.0292
  3.0187
  3.0312
  3.0253
  3.0269
  3.0251
  3.0263
  3.0275
  3.0306
  3.0304
  3.0322
  3.0352
  3.0257
  3.0277
  3.0181
  3.0171
  3.0219
  3.0283
  3.0305
  3.0252
  3.0310
  3.0312
  3.0267
  3.0284
  3.0325
  3.0227
  3.0169
  3.0297
  3.0271
  3.0242
  3.0319
  3.0270
  3.0232
  3.0236
  3.0258
  3.0295
  3.0199
  3.0249
  3.0255
  3.0367
  3.0217
  3.0274
  3.0211
  3.0145
  3.0407
  3.0222
  3.0296
  3.0333
  3.0245
  3.0274
  3.0242
  3.0319
  3.0149
  3.0239
  3.0365
  3.0282
  3.0237
  3.0368
  3.0233
  3.0326
  3.0285
  3.0357
  3.0378
  3.0176
  3.0247
  3.0232
  3.0296
  3.0179
  3.0249
  3.0253
  3.0315
  3.0187
  3.0394
  3.0385
  3.0326
  3.0259
  3.0336
  3.0341
  3.0297
  3.0302
  3.0241
  3.0283
  3.0253
  3.0232
  3.0206
  3.0238
  3.0269
  3.0258
  3.0155
  3.0252
  3.0273
  3.0267
  3.0269
  3.0230
  3.0239
  3.0208
  3.0231
  3.0274
  3.0222
  3.0322
  3.0232
  3.0221
  3.0186
  3.0234
  3.0175
  3.0298
  3.0379
  3.0255
  3.0345
  3.0179
  3.0202
  3.0301
  3.0230
  3.0215
  3.0152
  3.0280
  3.0293
  3.0270
  3.0204
  3.0297
  3.0181
  3.0182
  3.0136
  3.0288
  3.0246
  3.0220
  3.0208
  3.0329
  3.0377
  3.0325
  3.0235
  3.0330
  3.0307
  3.0237
  3.0284
  3.0322
  3.0251
  3.0236
  3.0247
  3.0273
  3.0209
  3.0329
  3.0300
  3.0322
  3.0258
  3.0377
  3.0371
  3.0361
  3.0255
  3.0359
  3.0192
  3.0297
  3.0324
  3.0258
  3.0280
  3.0257
  3.0183
  3.0258
  3.0288
  3.0285
  3.0260
  3.0306
  3.0384
  3.0269
  3.0294
  3.0214
  3.0228
  3.0229
  3.0325
  3.0205
  3.0302
  3.0240
  3.0332
  3.0200
  3.0340
  3.0344
  3.0392
  3.0254
  3.0108
  3.0235
  3.0274
  3.0164
  3.0125
  3.0301
  3.0181
  3.0198
  3.0295
  3.0275
  3.0231
  3.0201
  3.0264
  3.0297
  3.0267
  3.0320
  3.0267
  3.0228
  3.0262
  3.0337
  3.0240
  3.0214
  3.0235
  3.0295
  3.0201
  3.0184
  3.0292
  3.0245
  3.0339
  3.0320
  3.0296
  3.0245
  3.0303
  3.0145
  3.0282
  3.0158
  3.0288
  3.0204
  3.0135
  3.0247
  3.0290
  3.0212
  3.0343
  3.0231
  3.0302
  3.0322
  3.0371
  3.0363
  3.0257
  3.0124
  3.0252
  3.0300
  3.0364
  3.0260
  3.0315
  3.0359
  3.0181
  3.0295
  3.0209
  3.0268
  3.0150
  3.0213
  3.0289
  3.0230
  3.0306
  3.0142
  3.0151
  3.0252
  3.0219
  3.0251
  3.0207
  3.0198
  3.0249
  3.0418
  3.0312
  3.0395
  3.0257
  3.0231
  3.0240
  3.0303
  3.0280
  3.0358
  3.0246
  3.0220
  3.0198
  3.0240
  3.0244
  3.0279
  3.0247
  3.0274
  3.0365
  3.0318
  3.0361
  3.0253
  3.0364
  3.0242
  3.0175
  3.0316
  3.0244
  3.0287
  3.0261
  3.0378
  3.0242
  3.0242
  3.0372
  3.0299
  3.0301
  3.0280
  3.0284
  3.0245
  3.0314
  3.0273
  3.0242
  3.0186
  3.0185
  3.0285
  3.0234
  3.0243
  3.0179
  3.0222
  3.0341
  3.0196
  3.0205
  3.0340
  3.0359
  3.0272
  3.0357
  3.0369
  3.0342
  3.0238
  3.0255
  3.0292
  3.0273
  3.0317
  3.0235
  3.0337
  3.0228
  3.0070
  3.0160
  3.0317
  3.0381
  3.0248
  3.0409
  3.0262
  3.0347
  3.0267
  3.0218
  3.0288
  3.0254
  3.0216
  3.0124
  3.0239
  3.0195
  3.0229
  3.0358
  3.0309
  3.0304
  3.0251
  3.0215
  3.0255
  3.0346
  3.0255
  3.0119
  3.0253
  3.0293
  3.0284
  3.0346
  3.0335
  3.0254
  3.0173
  3.0321
  3.0319
  3.0306
  3.0149
  3.0203
  3.0376
  3.0261
  3.0326
  3.0181
  3.0241
  3.0299
  3.0203
  3.0241
  3.0209
  3.0303
  3.0296
  3.0265
  3.0324
  3.0224
  3.0260
  3.0313
  3.0202
  3.0228
  3.0201
  3.0251
  3.0326
  3.0295
  3.0177
  3.0269
  3.0295
  3.0134
  3.0318
  3.0218
  3.0259
  3.0297
  3.0184
  3.0299
  3.0262
  3.0150
  3.0304
  3.0222
  3.0224
  3.0280
  3.0287
  3.0273
  3.0273
  3.0314
  3.0148
  3.0341
  3.0163
  3.0250
  3.0324
  3.0226
  3.0295
  3.0179
  3.0243
  3.0273
  3.0241
  3.0308
  3.0391
  3.0261
  3.0195
  3.0290
  3.0161
  3.0298
  3.0195
  3.0209
  3.0274
  3.0337
  3.0175
  3.0230
  3.0281
  3.0264
  3.0286
  3.0171
  3.0216
  3.0332
  3.0270
  3.0273
  3.0224
  3.0218
  3.0207
  3.0249
  3.0370
  3.0322
  3.0176
  3.0314
  3.0197
  3.0350
  3.0283
  3.0288
  3.0180
  3.0290
  3.0303
  3.0300
  3.0287
  3.0429
  3.0186
  3.0360
  3.0288
  3.0252
  3.0263
  3.0234
  3.0265
  3.0270
  3.0256
  3.0238
  3.0139
  3.0067
  3.0153
  3.0223
  3.0213
  3.0304
  3.0232
  3.0226
  3.0202
  3.0273
  3.0217
  3.0367
  3.0215
  3.0178
  3.0361
  3.0240
  3.0205
  3.0319
  3.0348
  3.0244
  3.0266
  3.0355
  3.0276
  3.0320
  3.0180
  3.0182
  3.0298
  3.0141
  3.0243
  3.0223
  3.0332
  3.0275
  3.0254
  3.0126
  3.0167
  3.0285
  3.0303
  3.0201
  3.0185
  3.0244
  3.0250
  3.0267
  3.0291
  3.0261
  3.0248
  3.0296
  3.0305
  3.0300
  3.0270
  3.0341
  3.0161
  3.0345
  3.0309
  3.0138
  3.0204
  3.0238
  3.0202
  3.0360
  3.0283
  3.0287
  3.0389
  3.0127
  3.0303
  3.0247
  3.0239
  3.0389
  3.0171
  3.0247
  3.0326
  3.0269
  3.0185
  3.0272
  3.0274
  3.0214
  3.0292
  3.0200
  3.0211
  3.0171
  3.0287
  3.0367
  3.0298
  3.0296
  3.0300
  3.0271
  3.0328
  3.0116
  3.0314
  3.0306
  3.0334
  3.0256
  3.0246
  3.0269
  3.0177
  3.0286
  3.0237
  3.0283
  3.0347
  3.0261
  3.0245
  3.0399
  3.0304
  3.0256
  3.0406
  3.0391
  3.0359
  3.0243
  3.0197
  3.0252
  3.0268
  3.0235
  3.0304
  3.0417
  3.0255
  3.0285
  3.0304
  3.0323
  3.0366
  3.0246
  3.0222
  3.0252
  3.0208
  3.0272
  3.0235
  3.0296
  3.0127
  3.0229
  3.0309
  3.0201
  3.0299
  3.0143
  3.0194
  3.0206
  3.0204
  3.0292
  3.0318
  3.0163
  3.0222
  3.0228
  3.0288
  3.0399
  3.0259
  3.0284
  3.0210
  3.0264
  3.0225
  3.0295
  3.0382
  3.0267
  3.0224
  3.0330
  3.0317
  3.0299
  3.0292
  3.0155
  3.0121
  3.0279
  3.0320
  3.0095
  3.0276
  3.0183
  3.0173
  3.0368
  3.0170
  3.0181
  3.0092
  3.0269
  3.0299
  3.0306
  3.0357
  3.0356
  3.0262
  3.0359
  3.0372
  3.0194
  3.0138
  3.0416
  3.0347
  3.0238
  3.0310
  3.0352
  3.0299
  3.0278
  3.0268
  3.0287
  3.0314
  3.0304
  3.0327
  3.0221
  3.0189
  3.0237
  3.0373
  3.0208
  3.0246
  3.0316
  3.0335
  3.0315
  3.0270
  3.0249
  3.0245
  3.0281
  3.0275
  3.0230
  3.0157
  3.0365
  3.0223
  3.0300
  3.0225
  3.0230
  3.0133
  3.0212
  3.0256
