C1431410.211644
Gadanki 14/03/2014 10:20:46 14/03/2014 10:21:16 0375 0079.2 0013.5 00
0000000 0020 0000600 0020 01
1 0 2 02000 1 0000 0030 00532.o 0 0 00 000 14 000600 0.500 BT0
532.000 .o analog 0 
  3.1867
 22.1172
 18.8963
 11.3691
 12.8042
 14.3766
 17.2420
 26.8730
 37.8342
 41.6851
 40.4484
 36.9591
 33.5390
 30.1902
 26.8519
 24.1873
 22.1777
 20.2900
 18.5188
 16.7367
 15.4295
 14.2630
 13.2216
 12.4081
 11.6520
 10.9711
 10.3286
  9.8137
  9.3133
  8.8784
  8.4235
  8.0158
  7.6843
  7.2831
  6.9069
  6.5021
  6.1141
  5.8569
  5.6438
  5.4763
  5.3296
  5.2393
  5.1195
  4.9844
  4.9195
  4.8213
  4.7333
  4.6241
  4.5377
  4.4880
  4.4278
  4.3447
  4.2684
  4.2092
  4.2304
  4.2023
  4.1222
  4.0763
  4.0674
  4.0834
  4.0737
  4.0042
  3.9325
  3.8842
  3.8835
  3.8496
  3.7943
  3.7753
  3.7776
  3.7320
  3.7192
  3.6928
  3.6533
  3.6496
  3.6247
  3.5986
  3.5863
  3.5744
  3.5873
  3.5743
  3.5868
  3.6170
  3.5572
  3.4889
  3.4800
  3.4695
  3.4728
  3.4759
  3.4600
  3.4473
  3.4428
  3.4439
  3.4330
  3.4172
  3.4199
  3.3930
  3.3941
  3.3935
  3.3806
  3.3832
  3.3751
  3.3689
  3.3734
  3.3782
  3.3695
  3.3663
  3.3632
  3.3414
  3.3470
  3.3503
  3.3600
  3.3403
  3.3328
  3.3316
  3.3295
  3.3302
  3.3193
  3.3274
  3.3271
  3.3229
  3.3202
  3.3088
  3.3082
  3.3074
  3.3136
  3.2974
  3.3023
  3.3045
  3.2931
  3.2997
  3.2992
  3.2964
  3.2858
  3.2889
  3.2981
  3.2953
  3.2877
  3.2821
  3.2856
  3.2916
  3.2781
  3.2767
  3.2818
  3.2833
  3.2554
  3.2798
  3.2759
  3.2629
  3.2742
  3.2744
  3.2696
  3.2679
  3.2812
  3.2619
  3.2694
  3.2686
  3.2686
  3.2585
  3.2563
  3.2520
  3.2552
  3.2629
  3.2510
  3.2624
  3.2543
  3.2578
  3.2635
  3.2574
  3.2597
  3.2390
  3.2462
  3.2379
  3.2588
  3.2470
  3.2374
  3.2453
  3.2452
  3.2472
  3.2411
  3.2485
  3.2465
  3.2454
  3.2369
  3.2390
  3.2264
  3.2491
  3.2310
  3.2316
  3.2384
  3.2527
  3.2307
  3.2382
  3.2416
  3.2454
  3.2411
  3.2410
  3.2321
  3.2423
  3.2391
  3.2422
  3.2354
  3.2376
  3.2195
  3.2320
  3.2374
  3.2342
  3.2408
  3.2280
  3.2348
  3.2262
  3.2323
  3.2301
  3.2359
  3.2274
  3.2368
  3.2233
  3.2121
  3.2404
  3.2226
  3.2308
  3.2219
  3.2319
  3.2114
  3.2266
  3.2148
  3.2135
  3.2354
  3.2168
  3.2247
  3.2249
  3.2184
  3.2154
  3.2255
  3.2282
  3.2183
  3.2178
  3.2159
  3.2162
  3.2166
  3.2118
  3.2184
  3.2239
  3.2301
  3.2168
  3.2148
  3.2177
  3.2128
  3.2195
  3.2163
  3.2080
  3.2161
  3.2045
  3.2123
  3.2133
  3.2190
  3.2229
  3.2101
  3.2231
  3.2136
  3.2224
  3.2085
  3.2163
  3.2113
  3.2143
  3.2165
  3.2008
  3.2142
  3.2204
  3.2208
  3.2186
  3.2142
  3.2231
  3.2121
  3.2089
  3.2109
  3.2220
  3.2135
  3.2140
  3.2212
  3.2130
  3.1974
  3.2249
  3.2091
  3.2150
  3.2212
  3.2122
  3.2173
  3.2079
  3.2061
  3.2166
  3.2132
  3.2101
  3.2151
  3.2124
  3.2187
  3.2058
  3.2201
  3.2053
  3.2104
  3.2137
  3.2112
  3.2014
  3.2213
  3.2043
  3.2168
  3.2173
  3.1980
  3.2060
  3.2186
  3.2101
  3.1965
  3.2072
  3.2122
  3.2147
  3.2103
  3.2178
  3.2050
  3.2176
  3.2059
  3.2103
  3.2074
  3.1954
  3.2108
  3.2050
  3.2180
  3.2203
  3.2140
  3.2068
  3.2015
  3.2120
  3.2166
  3.2025
  3.2074
  3.2070
  3.2154
  3.1981
  3.2160
  3.2172
  3.2056
  3.2082
  3.1961
  3.2103
  3.2166
  3.2043
  3.2125
  3.2168
  3.2019
  3.2046
  3.2151
  3.2068
  3.2092
  3.2079
  3.2123
  3.2159
  3.2101
  3.2002
  3.2160
  3.2129
  3.2106
  3.2137
  3.1970
  3.1964
  3.2155
  3.2007
  3.2123
  3.2043
  3.2057
  3.2180
  3.2153
  3.2056
  3.2197
  3.2056
  3.2088
  3.2072
  3.2009
  3.2089
  3.2053
  3.2072
  3.2080
  3.2092
  3.1991
  3.2063
  3.1952
  3.2131
  3.2081
  3.1986
  3.2050
  3.2086
  3.2143
  3.2176
  3.2016
  3.2074
  3.2011
  3.2112
  3.2002
  3.2124
  3.2055
  3.2125
  3.1984
  3.2036
  3.2062
  3.2130
  3.2025
  3.2022
  3.2104
  3.2015
  3.2089
  3.2049
  3.2010
  3.2051
  3.2087
  3.2096
  3.1960
  3.2138
  3.2081
  3.2009
  3.2129
  3.2055
  3.2083
  3.2029
  3.2053
  3.2051
  3.1956
  3.2065
  3.2068
  3.2188
  3.2030
  3.2114
  3.1968
  3.2006
  3.2030
  3.2041
  3.2207
  3.2065
  3.2015
  3.1995
  3.1981
  3.2026
  3.1977
  3.2125
  3.2163
  3.1986
  3.2085
  3.2056
  3.2155
  3.2073
  3.2063
  3.2009
  3.2073
  3.2041
  3.2015
  3.2207
  3.1949
  3.2062
  3.2001
  3.2071
  3.2018
  3.2018
  3.2050
  3.2070
  3.1965
  3.2052
  3.1993
  3.2127
  3.1973
  3.2095
  3.1984
  3.2107
  3.2153
  3.2061
  3.1926
  3.2014
  3.2082
  3.2039
  3.2108
  3.2016
  3.1973
  3.2003
  3.2080
  3.2014
  3.1989
  3.2110
  3.1968
  3.1938
  3.1926
  3.2049
  3.2139
  3.1945
  3.2097
  3.2106
  3.2048
  3.2076
  3.2003
  3.1944
  3.2115
  3.2012
  3.2019
  3.1876
  3.2104
  3.2017
  3.2065
  3.2064
  3.2104
  3.2216
  3.2079
  3.2000
  3.2018
  3.1988
  3.1962
  3.2017
  3.2067
  3.1989
  3.2081
  3.2118
  3.2078
  3.2041
  3.2111
  3.2186
  3.2043
  3.1989
  3.2040
  3.1967
  3.2033
  3.2132
  3.2062
  3.2108
  3.2074
  3.2104
  3.2067
  3.1959
  3.2090
  3.2025
  3.1969
  3.1961
  3.1933
  3.1978
  3.2127
  3.1964
  3.1997
  3.2091
  3.2091
  3.1944
  3.2065
  3.2020
  3.2030
  3.2110
  3.2077
  3.2044
  3.2140
  3.2045
  3.2004
  3.1970
  3.1988
  3.1986
  3.2154
  3.2026
  3.1937
  3.2056
  3.2047
  3.2024
  3.2005
  3.2079
  3.2040
  3.1883
  3.1870
  3.1999
  3.2067
  3.2096
  3.2038
  3.2137
  3.2034
  3.1974
  3.2008
  3.1990
  3.2039
  3.2002
  3.2063
  3.2041
  3.2025
  3.1999
  3.2035
  3.1972
  3.2016
  3.2050
  3.2163
  3.1992
  3.2071
  3.2056
  3.2133
  3.1997
  3.2069
  3.2043
  3.2099
  3.2053
  3.2067
  3.2109
  3.2088
  3.2160
  3.2075
  3.2196
  3.2030
  3.1986
  3.2050
  3.1919
  3.1989
  3.2167
  3.2007
  3.2017
  3.1998
  3.2005
  3.1949
  3.2175
  3.2061
  3.1971
  3.2027
  3.2027
  3.2036
  3.1909
  3.2166
  3.2031
  3.2091
  3.1990
  3.2010
  3.2014
  3.2017
  3.2007
  3.1998
  3.1977
  3.1975
  3.2034
  3.1969
  3.1971
  3.2093
  3.2009
  3.1992
  3.2023
  3.2001
  3.1971
  3.1976
  3.1991
  3.1950
  3.2043
  3.1940
  3.1930
  3.2067
  3.2094
  3.1908
  3.2111
  3.2001
  3.2078
  3.1989
  3.1945
  3.2052
  3.2085
  3.1905
  3.2049
  3.2112
  3.2037
  3.2021
  3.2097
  3.1886
  3.2068
  3.2102
  3.2088
  3.1934
  3.1999
  3.2160
  3.2124
  3.1978
  3.2045
  3.1972
  3.2081
  3.2034
  3.2033
  3.2076
  3.1934
  3.1954
  3.2133
  3.2066
  3.2050
  3.2089
  3.1998
  3.2049
  3.1965
  3.2086
  3.2031
  3.2082
  3.1952
  3.1969
  3.2096
  3.1985
  3.2048
  3.2071
  3.2196
  3.2056
  3.1975
  3.2183
  3.2056
  3.1993
  3.2032
  3.2040
  3.2033
  3.2050
  3.2057
  3.2001
  3.2119
  3.1905
  3.2043
  3.2124
  3.2074
  3.2117
  3.1880
  3.1951
  3.2068
  3.2029
  3.2040
  3.2079
  3.2149
  3.2071
  3.1973
  3.1988
  3.2000
  3.2017
  3.2062
  3.2063
  3.2049
  3.2052
  3.2004
  3.2056
  3.2099
  3.2025
  3.2064
  3.2039
  3.2009
  3.2018
  3.1886
  3.1856
  3.2002
  3.2009
  3.2053
  3.2028
  3.1929
  3.1993
  3.1955
  3.2132
  3.2145
  3.2078
  3.1933
  3.2166
  3.2050
  3.1957
  3.2055
  3.2131
  3.2039
  3.2004
  3.2005
  3.2062
  3.1962
  3.2007
  3.2044
  3.1932
  3.1988
  3.1970
  3.2047
  3.2091
  3.1982
  3.1920
  3.1931
  3.2035
  3.2094
  3.2002
  3.1952
  3.1990
  3.2138
  3.1950
  3.2021
  3.2198
  3.2065
  3.2048
  3.1966
  3.2048
  3.2029
  3.1946
  3.2090
  3.2045
  3.2057
  3.2011
  3.2165
  3.2022
  3.2090
  3.1998
  3.2009
  3.1991
  3.1944
  3.1996
  3.2103
  3.2066
  3.1982
  3.1985
  3.2039
  3.2153
  3.2170
  3.2016
  3.1997
  3.1988
  3.1908
  3.2070
  3.2081
  3.1952
  3.2127
  3.2106
  3.2144
  3.2104
  3.2009
  3.2018
  3.2140
  3.2146
  3.2139
  3.2083
  3.1997
  3.2100
  3.2112
  3.2003
  3.1964
  3.2034
  3.2115
  3.2010
  3.2090
  3.1883
  3.1999
  3.1926
  3.1908
  3.1988
  3.2062
  3.2046
  3.1950
  3.2110
  3.2021
  3.2045
  3.1986
  3.2131
  3.1991
  3.2112
  3.1942
  3.2023
  3.1998
  3.2004
  3.1889
  3.2018
  3.2034
  3.1994
  3.2075
  3.2053
  3.1967
  3.1998
  3.2039
  3.2006
  3.1957
  3.2034
  3.2126
  3.2094
  3.1918
  3.2034
  3.1956
  3.2055
  3.1970
  3.2085
  3.1928
  3.2055
  3.1991
  3.1986
  3.1939
  3.2021
  3.1957
  3.1927
  3.1967
  3.2035
  3.1927
  3.2061
  3.1947
  3.2001
  3.2050
  3.1991
  3.1971
  3.2091
  3.2101
  3.2034
  3.2065
  3.2085
  3.1936
  3.2006
  3.2008
  3.2004
  3.2068
  3.2197
  3.2051
  3.1938
  3.2008
  3.2085
  3.1985
  3.1975
  3.2011
  3.1998
  3.2012
  3.2024
  3.2019
  3.2116
  3.2056
  3.1978
  3.1950
  3.2047
  3.2081
  3.2135
  3.1985
  3.2026
  3.2007
  3.2043
  3.2048
  3.2006
  3.2033
  3.2036
  3.1932
  3.2096
  3.1984
  3.2002
  3.2066
  3.1975
  3.2064
  3.2003
  3.1974
  3.2056
  3.2092
  3.2066
  3.1883
  3.1995
  3.1975
  3.2027
  3.1927
  3.1971
  3.2077
  3.2054
  3.1988
  3.1977
  3.2021
  3.2083
  3.1959
  3.2007
  3.2120
  3.2058
  3.1971
  3.2063
  3.1943
  3.2071
  3.2016
  3.1944
  3.2083
  3.1998
  3.2087
  3.2033
  3.1959
  3.2011
  3.2019
  3.2054
  3.2127
  3.1883
  3.1941
  3.1980
  3.2151
  3.1900
  3.2011
  3.1975
  3.2031
  3.1881
  3.1913
  3.1969
  3.2088
  3.2025
  3.1995
  3.1997
  3.2073
  3.2044
  3.2004
  3.2039
  3.2131
  3.1913
  3.2087
  3.2080
  3.1956
  3.2012
  3.1973
  3.1959
  3.2052
  3.2068
  3.2125
  3.2026
  3.2041
  3.2040
  3.2004
  3.2007
  3.2063
  3.2162
  3.2084
  3.2011
  3.2054
  3.2168
  3.2121
  3.2098
  3.2021
  3.1931
  3.2072
  3.2029
  3.2021
  3.2026
  3.1975
  3.1975
  3.1913
  3.2026
  3.1966
  3.2107
  3.2016
  3.1911
  3.1947
  3.2011
  3.2031
  3.1972
  3.2024
  3.1926
  3.2074
  3.2036
  3.2118
  3.1974
  3.2126
  3.2100
  3.2054
  3.2145
  3.2052
  3.2069
  3.1953
  3.2031
  3.1959
  3.1939
  3.1992
  3.2085
  3.1929
  3.2010
  3.1922
  3.1910
  3.2082
  3.2014
  3.1999
  3.1987
  3.2056
  3.2079
  3.1975
  3.2015
  3.1953
  3.2052
  3.2024
  3.2025
  3.2143
  3.1985
  3.2059
  3.2081
  3.2093
  3.1993
  3.1948
  3.1978
  3.2036
  3.1998
  3.2056
  3.2101
  3.1989
  3.2009
  3.2096
  3.2150
  3.2020
  3.2095
  3.1919
  3.2007
  3.2044
  3.2027
  3.1902
  3.1947
  3.1982
  3.2032
  3.1988
  3.2032
  3.2074
  3.2051
  3.1976
  3.2018
  3.2058
  3.2020
  3.2062
  3.2062
  3.2082
  3.2162
  3.2000
  3.1995
  3.2079
  3.2094
  3.2144
  3.1968
  3.1976
  3.2041
  3.1932
  3.2064
  3.1959
  3.2031
  3.1971
  3.1983
  3.2019
  3.1941
  3.2078
  3.2058
  3.2087
  3.1961
  3.1995
  3.1976
  3.2019
  3.2090
  3.2012
  3.2101
  3.1993
  3.2066
  3.1972
  3.1985
  3.2060
  3.2029
  3.2062
  3.1969
  3.2001
  3.1868
  3.1925
  3.2008
  3.2015
  3.1931
  3.1990
  3.1930
  3.2035
  3.2059
  3.1866
  3.2130
  3.2080
  3.2052
  3.1905
  3.2001
  3.1973
  3.2026
  3.2016
  3.1950
  3.1949
  3.1917
  3.1930
  3.1991
  3.1950
  3.2057
  3.1945
  3.2032
  3.2039
  3.2078
  3.2094
  3.1999
  3.2039
  3.1973
  3.1926
  3.2118
  3.1981
  3.2025
  3.1957
  3.1894
  3.2057
  3.1954
  3.2056
  3.2029
  3.2026
  3.2117
  3.1975
  3.1978
  3.2034
  3.2122
  3.1973
  3.1949
  3.2067
  3.2042
  3.2012
  3.2050
  3.2015
  3.1932
  3.1972
  3.1958
  3.2077
  3.1991
  3.2094
  3.2070
  3.1961
  3.1999
  3.2032
  3.1972
  3.1890
  3.2075
  3.2006
  3.2007
  3.2053
  3.2060
  3.2076
  3.1921
  3.2000
  3.1989
  3.1972
  3.1939
  3.2087
  3.2032
  3.1932
  3.2023
  3.1952
  3.1969
  3.2172
  3.2006
  3.2035
  3.1942
  3.1965
  3.1990
  3.2066
  3.1926
  3.2040
  3.2045
  3.2174
  3.2114
  3.2132
  3.2064
  3.1912
  3.1943
  3.2106
  3.1911
  3.2033
  3.1901
  3.1987
  3.2001
  3.2034
  3.2065
  3.1973
  3.1944
  3.1997
  3.1983
  3.2053
  3.1964
  3.1971
  3.1973
  3.1922
  3.2094
  3.2024
  3.2011
  3.1923
  3.2000
  3.2080
  3.2054
  3.2003
  3.2042
  3.1898
  3.1955
  3.1879
  3.2023
  3.2024
  3.1986
  3.1914
  3.1982
  3.2062
  3.1894
  3.2001
  3.1990
  3.1993
  3.1985
  3.1989
  3.2009
  3.1989
  3.2042
  3.1954
  3.1947
  3.2094
  3.2032
  3.1929
  3.1932
  3.1982
  3.1994
  3.1955
  3.1981
  3.2083
  3.2024
  3.1992
  3.1891
  3.1894
  3.2061
  3.1997
  3.1963
  3.2177
  3.2095
  3.2035
  3.2027
  3.1920
  3.2138
  3.1983
  3.1990
  3.1963
  3.2062
  3.1970
  3.1969
  3.1914
  3.2165
  3.1955
  3.2019
  3.2002
  3.2080
  3.1988
  3.1960
  3.1972
  3.1968
  3.1990
  3.2038
  3.2001
  3.2105
  3.2062
  3.2148
  3.1929
  3.2115
  3.2117
  3.2067
  3.2066
  3.1983
  3.2032
  3.2138
  3.1980
  3.1990
  3.2071
  3.1972
  3.2002
  3.2081
  3.1944
  3.2059
  3.2099
  3.2061
  3.1935
  3.2034
  3.1993
  3.2064
  3.2036
  3.2136
  3.2024
  3.1945
  3.1983
  3.1944
  3.2100
  3.2039
  3.1980
  3.2031
  3.1980
  3.2044
  3.2097
  3.2044
  3.1953
  3.2043
  3.2135
  3.2126
  3.1977
  3.2073
  3.1942
  3.2101
  3.2091
  3.2087
  3.1950
  3.2061
  3.2006
  3.1948
  3.1992
  3.2045
  3.2074
  3.1986
  3.2053
  3.1939
  3.1957
  3.1952
  3.2035
  3.2037
  3.2026
  3.2055
  3.2029
  3.2010
  3.2133
  3.1959
  3.2046
  3.1964
  3.1925
  3.1872
  3.1926
  3.1925
  3.2105
  3.2088
  3.2055
  3.2006
  3.2085
  3.1950
  3.2062
  3.2050
  3.2033
  3.2044
  3.1993
  3.1964
  3.2011
  3.2021
  3.1875
  3.1996
  3.2002
  3.2045
  3.1961
  3.2021
  3.1946
  3.2166
  3.2115
  3.2033
  3.1966
  3.1847
  3.2014
  3.2026
  3.2079
  3.1858
  3.1902
  3.2028
  3.1931
  3.1926
  3.1865
  3.2002
  3.2122
  3.2040
  3.2073
  3.2083
  3.1979
  3.1981
  3.2006
  3.1999
  3.2081
  3.1960
  3.2067
  3.1977
  3.2057
  3.1896
  3.1985
  3.2010
  3.2090
  3.1951
  3.1983
  3.1996
  3.1882
  3.1943
  3.1992
  3.2083
  3.1965
  3.1923
  3.1977
  3.2051
  3.2002
  3.1957
  3.2036
  3.2015
  3.2029
  3.2146
  3.2017
  3.2164
  3.1945
  3.2015
  3.1797
  3.1959
  3.1868
  3.2043
  3.1993
  3.1986
  3.1996
  3.2054
  3.2125
  3.1922
  3.2110
  3.2086
  3.1965
  3.1988
  3.2031
  3.2050
  3.1908
  3.2002
  3.2014
  3.2122
  3.2018
  3.1996
  3.2070
  3.1934
  3.2089
  3.2063
  3.2042
  3.2033
  3.1957
  3.2044
  3.2031
  3.1934
  3.2039
  3.1982
  3.1996
  3.2041
  3.2073
  3.2032
  3.2117
  3.2060
  3.2031
  3.2049
  3.1956
  3.1991
  3.2073
  3.1955
  3.1969
  3.1893
  3.1975
  3.2019
  3.2006
  3.2060
  3.1939
  3.1919
  3.1918
  3.2107
  3.2130
  3.1969
  3.2112
  3.2019
  3.2014
  3.2055
  3.2059
  3.2023
  3.1958
  3.2083
  3.2050
  3.1973
  3.2024
  3.1973
  3.1952
  3.2101
  3.1972
  3.2000
  3.1925
  3.1920
  3.2015
  3.2065
  3.2066
  3.1825
  3.2066
  3.2007
  3.2025
  3.1961
  3.1952
  3.2062
  3.2157
  3.2068
  3.2041
  3.1928
  3.1967
  3.1986
  3.2130
  3.1970
  3.2021
  3.2001
  3.2023
  3.1991
  3.1978
  3.2017
  3.1976
  3.1976
  3.2046
  3.1996
  3.1970
  3.1948
  3.2040
  3.2015
  3.2004
  3.2069
  3.2060
  3.1993
  3.2030
  3.2052
  3.2045
  3.1968
  3.1969
  3.2111
  3.2050
  3.2068
  3.2031
  3.1903
  3.1978
  3.2032
  3.2107
  3.1989
  3.2007
  3.1964
  3.1936
  3.2051
  3.1972
  3.2054
  3.1928
  3.2002
  3.1983
  3.2024
  3.2094
  3.1998
  3.2058
  3.1979
  3.1989
  3.2013
  3.1986
  3.2020
  3.2047
  3.2004
  3.2093
  3.1978
  3.2036
  3.1989
  3.2025
  3.1956
  3.1868
  3.1980
  3.1971
  3.1896
  3.2013
  3.2062
  3.1997
  3.1927
  3.2065
  3.2013
  3.2014
  3.2113
  3.1944
  3.2117
  3.1969
  3.2070
  3.2091
  3.2009
  3.1985
  3.1972
  3.2009
  3.2077
  3.1987
  3.1979
  3.2013
  3.2058
  3.2059
  3.1916
  3.1893
  3.1965
  3.1949
  3.1973
  3.2099
  3.2121
  3.2035
  3.2125
  3.1980
  3.2006
  3.2053
  3.1996
  3.2021
  3.2000
  3.1999
  3.2113
  3.1919
  3.1942
  3.1982
  3.1973
  3.1991
  3.2070
  3.2060
  3.2016
  3.2021
  3.2041
  3.2041
  3.1992
  3.2061
  3.2033
  3.2005
  3.2022
  3.1980
  3.2047
  3.1999
  3.2045
  3.1958
  3.1918
  3.2057
  3.2064
  3.1868
  3.1987
  3.2069
  3.2032
  3.2023
  3.2030
  3.2095
  3.2022
  3.1982
  3.1913
  3.2016
  3.1938
  3.2077
  3.2082
  3.2029
  3.2067
  3.1988
  3.1980
  3.2066
  3.2052
  3.1997
  3.1960
  3.2124
  3.2009
  3.1855
  3.2078
  3.2028
  3.2038
  3.1962
  3.2050
  3.2044
  3.2015
  3.2026
  3.2105
  3.2039
  3.2032
  3.1920
  3.1964
  3.2000
  3.2076
  3.1935
  3.2036
  3.2083
  3.2007
  3.2016
  3.2004
  3.1990
  3.1968
  3.2011
  3.1948
  3.1960
  3.1998
  3.1996
  3.2140
  3.2063
  3.2069
  3.1828
  3.1932
  3.2006
  3.2052
  3.1975
  3.2005
  3.2050
  3.1948
  3.2128
  3.2018
  3.2099
  3.1991
  3.2103
  3.2139
  3.1937
  3.1992
  3.1926
  3.2001
  3.2094
  3.1972
  3.2025
  3.2067
  3.1964
  3.2028
  3.1896
  3.1850
  3.2031
  3.1984
  3.1909
  3.1954
  3.1999
  3.2083
  3.1971
  3.1988
  3.2044
  3.2092
  3.1959
  3.2090
  3.2076
  3.1984
  3.2081
  3.2020
  3.1988
  3.2061
  3.2061
  3.2001
  3.2075
  3.2065
  3.2067
  3.1982
  3.2096
  3.1980
  3.2113
  3.1940
  3.1907
  3.2129
  3.1935
  3.2085
  3.2029
  3.2063
  3.1987
  3.2141
  3.2033
  3.2077
  3.1961
  3.2160
  3.2107
  3.2120
  3.2112
  3.2018
  3.2014
  3.2055
  3.2024
  3.1982
  3.2082
  3.2084
  3.2029
  3.2054
  3.1889
  3.1981
  3.2079
  3.1992
  3.1990
  3.1848
  3.1906
  3.1844
  3.1866
  3.1883
  3.2057
  3.2026
  3.2043
  3.2010
  3.2048
  3.2032
  3.2014
  3.1928
  3.2053
  3.2080
  3.2021
  3.1917
  3.2128
  3.1916
  3.2028
  3.1964
  3.2093
  3.2003
  3.1995
  3.2036
  3.1914
  3.2069
  3.1939
  3.1955
  3.1969
  3.1991
  3.2002
  3.1976
  3.2006
  3.2016
  3.2102
  3.2047
  3.2061
  3.2051
  3.2042
  3.2010
  3.2009
  3.2000
  3.1980
  3.1974
  3.1993
  3.2033
  3.1997
  3.2027
  3.1967
  3.2040
  3.2031
  3.1968
  3.1945
  3.1873
  3.1959
  3.2032
  3.2052
  3.1954
  3.1911
  3.1935
  3.1891
  3.2020
  3.2003
  3.2044
  3.2057
  3.2020
  3.2029
  3.1949
  3.1979
  3.2105
  3.2033
  3.2150
  3.2013
  3.1944
  3.2062
  3.1938
  3.1985
  3.2052
  3.1984
  3.2004
  3.1965
  3.1985
  3.2072
  3.1986
  3.2059
  3.2146
  3.1941
  3.1947
  3.1960
  3.2002
  3.1904
  3.2040
  3.1941
  3.1916
  3.2082
  3.1929
  3.2054
  3.1885
  3.2078
  3.2054
  3.1954
  3.1936
  3.2031
  3.2044
  3.1987
  3.1969
  3.2000
  3.2004
  3.1941
  3.2014
  3.2044
  3.2014
  3.2001
  3.1995
  3.2015
  3.2081
  3.2055
  3.2003
  3.2104
  3.1969
  3.1926
  3.2037
  3.1829
  3.2072
  3.1944
  3.1995
  3.1913
  3.1979
  3.1996
  3.2038
  3.1960
  3.2070
  3.1951
  3.1873
  3.2061
  3.1937
  3.1942
  3.1982
  3.2046
  3.2049
  3.1953
  3.2016
  3.1941
  3.2048
  3.1874
  3.2043
  3.2027
  3.1978
  3.1947
  3.1937
  3.1955
  3.2034
  3.2006
  3.1937
  3.2089
  3.2067
  3.1983
  3.1911
  3.1970
  3.2132
  3.2104
  3.2019
  3.2107
  3.2037
  3.1941
  3.1988
  3.1940
  3.2014
  3.2113
  3.2022
  3.2035
