C1431410.042027
Gadanki 14/03/2014 10:03:50 14/03/2014 10:04:20 0375 0079.2 0013.5 00
0000000 0020 0000600 0020 01
1 0 2 02000 1 0000 0030 00532.o 0 0 00 000 14 000600 0.500 BT0
532.000 .o analog 0 
  2.9556
 21.4200
 18.1296
 10.8049
 12.1182
 13.5066
 16.6993
 26.4109
 36.6669
 39.8069
 38.2708
 34.9916
 31.1655
 27.6648
 24.6421
 21.9280
 19.7134
 17.8043
 16.2381
 14.8527
 13.7439
 12.6446
 11.6270
 10.7468
 10.0370
  9.5196
  9.1188
  8.9571
  8.6979
  8.2767
  7.8478
  7.4599
  7.0213
  6.6554
  6.2857
  5.9259
  5.7258
  5.5573
  5.4191
  5.3138
  5.2177
  5.0845
  4.9926
  4.8560
  4.7354
  4.6272
  4.5049
  4.3999
  4.3176
  4.2711
  4.2294
  4.1342
  4.0727
  4.0414
  4.0545
  4.0258
  3.9758
  3.9026
  3.8655
  3.8933
  3.8449
  3.7614
  3.6918
  3.6722
  3.6693
  3.6074
  3.5573
  3.5421
  3.5434
  3.5065
  3.5006
  3.4565
  3.4226
  3.3942
  3.3905
  3.3708
  3.3633
  3.3498
  3.3467
  3.3446
  3.3480
  3.3791
  3.3604
  3.2854
  3.2456
  3.2344
  3.2306
  3.2445
  3.2224
  3.2141
  3.2036
  3.1755
  3.1878
  3.1807
  3.1658
  3.1781
  3.1667
  3.1582
  3.1537
  3.1403
  3.1521
  3.1411
  3.1472
  3.1362
  3.1281
  3.1270
  3.1166
  3.1125
  3.1099
  3.1127
  3.1150
  3.1054
  3.1047
  3.1004
  3.1017
  3.0948
  3.0878
  3.0864
  3.0860
  3.0878
  3.0828
  3.0725
  3.0588
  3.0706
  3.0661
  3.0659
  3.0674
  3.0717
  3.0716
  3.0703
  3.0635
  3.0637
  3.0635
  3.0637
  3.0529
  3.0534
  3.0477
  3.0476
  3.0428
  3.0585
  3.0439
  3.0422
  3.0477
  3.0410
  3.0355
  3.0256
  3.0347
  3.0471
  3.0350
  3.0280
  3.0330
  3.0345
  3.0272
  3.0316
  3.0264
  3.0240
  3.0114
  3.0162
  3.0204
  3.0286
  3.0171
  3.0163
  3.0083
  3.0257
  3.0211
  3.0162
  3.0160
  3.0214
  3.0078
  3.0040
  3.0100
  3.0228
  3.0110
  3.0109
  3.0042
  2.9988
  3.0052
  3.0061
  3.0170
  3.0061
  2.9976
  2.9992
  3.0014
  2.9938
  3.0011
  3.0136
  3.0013
  3.0061
  3.0029
  2.9983
  2.9957
  3.0004
  2.9984
  2.9987
  3.0052
  2.9902
  2.9915
  2.9947
  2.9981
  2.9985
  2.9933
  2.9904
  2.9956
  2.9963
  3.0056
  2.9980
  2.9922
  2.9870
  2.9925
  2.9933
  2.9875
  2.9931
  2.9881
  2.9859
  2.9804
  2.9876
  2.9945
  2.9907
  2.9777
  2.9935
  2.9861
  2.9889
  2.9990
  2.9948
  2.9806
  2.9803
  2.9901
  2.9945
  2.9855
  2.9948
  2.9807
  2.9917
  2.9841
  2.9822
  2.9810
  2.9874
  2.9829
  2.9941
  2.9931
  2.9908
  2.9849
  2.9805
  2.9907
  2.9802
  2.9761
  2.9840
  2.9885
  2.9743
  2.9796
  2.9687
  2.9805
  2.9833
  2.9902
  2.9813
  2.9754
  2.9729
  2.9742
  2.9702
  2.9756
  2.9743
  2.9788
  2.9759
  2.9795
  2.9739
  2.9786
  2.9772
  2.9770
  2.9655
  2.9752
  2.9823
  2.9711
  2.9914
  2.9803
  2.9813
  2.9758
  2.9906
  2.9852
  2.9760
  2.9733
  2.9846
  2.9759
  2.9787
  2.9779
  2.9742
  2.9717
  2.9829
  2.9819
  2.9818
  2.9802
  2.9732
  2.9783
  2.9830
  2.9765
  2.9705
  2.9738
  2.9698
  2.9737
  2.9619
  2.9848
  2.9711
  2.9812
  2.9844
  2.9804
  2.9746
  2.9650
  2.9712
  2.9735
  2.9579
  2.9736
  2.9806
  2.9712
  2.9747
  2.9717
  2.9820
  2.9848
  2.9726
  2.9755
  2.9824
  2.9772
  2.9654
  2.9803
  2.9740
  2.9878
  2.9785
  2.9741
  2.9715
  2.9733
  2.9720
  2.9791
  2.9585
  2.9661
  2.9708
  2.9758
  2.9642
  2.9752
  2.9722
  2.9757
  2.9670
  2.9774
  2.9739
  2.9663
  2.9776
  2.9719
  2.9707
  2.9746
  2.9671
  2.9755
  2.9696
  2.9655
  2.9714
  2.9718
  2.9785
  2.9710
  2.9688
  2.9679
  2.9641
  2.9673
  2.9788
  2.9773
  2.9689
  2.9775
  2.9653
  2.9679
  2.9814
  2.9599
  2.9634
  2.9699
  2.9681
  2.9754
  2.9809
  2.9706
  2.9626
  2.9626
  2.9669
  2.9746
  2.9644
  2.9791
  2.9688
  2.9768
  2.9697
  2.9740
  2.9709
  2.9670
  2.9752
  2.9722
  2.9639
  2.9752
  2.9670
  2.9676
  2.9748
  2.9781
  2.9653
  2.9659
  2.9615
  2.9674
  2.9692
  2.9659
  2.9632
  2.9656
  2.9650
  2.9707
  2.9761
  2.9659
  2.9706
  2.9615
  2.9787
  2.9697
  2.9703
  2.9580
  2.9592
  2.9718
  2.9740
  2.9661
  2.9666
  2.9687
  2.9718
  2.9662
  2.9677
  2.9859
  2.9688
  2.9715
  2.9684
  2.9781
  2.9764
  2.9569
  2.9724
  2.9652
  2.9672
  2.9683
  2.9675
  2.9718
  2.9746
  2.9622
  2.9723
  2.9844
  2.9652
  2.9677
  2.9791
  2.9595
  2.9683
  2.9574
  2.9740
  2.9624
  2.9601
  2.9713
  2.9591
  2.9745
  2.9688
  2.9627
  2.9600
  2.9633
  2.9671
  2.9681
  2.9649
  2.9690
  2.9624
  2.9626
  2.9672
  2.9759
  2.9634
  2.9667
  2.9650
  2.9556
  2.9585
  2.9754
  2.9693
  2.9780
  2.9709
  2.9767
  2.9600
  2.9602
  2.9595
  2.9667
  2.9772
  2.9697
  2.9736
  2.9650
  2.9721
  2.9679
  2.9668
  2.9637
  2.9656
  2.9640
  2.9596
  2.9726
  2.9581
  2.9602
  2.9744
  2.9684
  2.9621
  2.9611
  2.9734
  2.9645
  2.9624
  2.9594
  2.9698
  2.9672
  2.9711
  2.9691
  2.9620
  2.9656
  2.9766
  2.9689
  2.9634
  2.9624
  2.9614
  2.9758
  2.9603
  2.9827
  2.9653
  2.9705
  2.9586
  2.9660
  2.9658
  2.9712
  2.9716
  2.9805
  2.9684
  2.9742
  2.9793
  2.9615
  2.9670
  2.9634
  2.9772
  2.9717
  2.9626
  2.9741
  2.9649
  2.9742
  2.9659
  2.9668
  2.9595
  2.9698
  2.9630
  2.9638
  2.9696
  2.9748
  2.9610
  2.9654
  2.9809
  2.9671
  2.9726
  2.9633
  2.9695
  2.9572
  2.9598
  2.9713
  2.9702
  2.9672
  2.9738
  2.9675
  2.9623
  2.9758
  2.9662
  2.9644
  2.9665
  2.9725
  2.9562
  2.9652
  2.9646
  2.9700
  2.9702
  2.9513
  2.9638
  2.9635
  2.9747
  2.9752
  2.9612
  2.9707
  2.9700
  2.9687
  2.9655
  2.9709
  2.9608
  2.9665
  2.9745
  2.9618
  2.9783
  2.9640
  2.9652
  2.9613
  2.9546
  2.9672
  2.9678
  2.9615
  2.9699
  2.9659
  2.9643
  2.9650
  2.9742
  2.9593
  2.9651
  2.9554
  2.9630
  2.9670
  2.9591
  2.9656
  2.9677
  2.9645
  2.9701
  2.9621
  2.9616
  2.9655
  2.9602
  2.9633
  2.9696
  2.9611
  2.9722
  2.9759
  2.9591
  2.9580
  2.9669
  2.9597
  2.9607
  2.9650
  2.9622
  2.9568
  2.9514
  2.9639
  2.9732
  2.9723
  2.9531
  2.9530
  2.9649
  2.9731
  2.9706
  2.9753
  2.9662
  2.9781
  2.9758
  2.9720
  2.9630
  2.9710
  2.9679
  2.9653
  2.9621
  2.9715
  2.9662
  2.9632
  2.9752
  2.9738
  2.9624
  2.9701
  2.9656
  2.9621
  2.9661
  2.9599
  2.9673
  2.9679
  2.9635
  2.9668
  2.9644
  2.9596
  2.9629
  2.9683
  2.9595
  2.9619
  2.9603
  2.9679
  2.9681
  2.9638
  2.9619
  2.9686
  2.9586
  2.9690
  2.9601
  2.9671
  2.9575
  2.9644
  2.9610
  2.9594
  2.9689
  2.9660
  2.9727
  2.9580
  2.9688
  2.9680
  2.9556
  2.9659
  2.9705
  2.9633
  2.9630
  2.9683
  2.9734
  2.9573
  2.9692
  2.9613
  2.9710
  2.9718
  2.9657
  2.9701
  2.9669
  2.9633
  2.9666
  2.9634
  2.9690
  2.9677
  2.9650
  2.9751
  2.9567
  2.9582
  2.9633
  2.9731
  2.9586
  2.9808
  2.9583
  2.9679
  2.9684
  2.9696
  2.9659
  2.9660
  2.9607
  2.9600
  2.9662
  2.9681
  2.9723
  2.9651
  2.9584
  2.9657
  2.9620
  2.9670
  2.9585
  2.9613
  2.9637
  2.9687
  2.9708
  2.9674
  2.9656
  2.9659
  2.9653
  2.9793
  2.9501
  2.9725
  2.9581
  2.9580
  2.9638
  2.9592
  2.9725
  2.9573
  2.9729
  2.9637
  2.9569
  2.9665
  2.9686
  2.9655
  2.9664
  2.9623
  2.9586
  2.9718
  2.9611
  2.9560
  2.9687
  2.9619
  2.9667
  2.9645
  2.9626
  2.9636
  2.9702
  2.9597
  2.9607
  2.9634
  2.9684
  2.9558
  2.9652
  2.9718
  2.9636
  2.9621
  2.9631
  2.9480
  2.9623
  2.9663
  2.9670
  2.9690
  2.9657
  2.9641
  2.9571
  2.9589
  2.9587
  2.9594
  2.9714
  2.9573
  2.9639
  2.9562
  2.9609
  2.9617
  2.9508
  2.9671
  2.9657
  2.9600
  2.9557
  2.9666
  2.9713
  2.9678
  2.9659
  2.9593
  2.9728
  2.9691
  2.9732
  2.9595
  2.9662
  2.9680
  2.9608
  2.9632
  2.9560
  2.9533
  2.9625
  2.9574
  2.9750
  2.9618
  2.9641
  2.9695
  2.9725
  2.9691
  2.9657
  2.9702
  2.9669
  2.9663
  2.9582
  2.9728
  2.9575
  2.9605
  2.9729
  2.9627
  2.9645
  2.9644
  2.9536
  2.9583
  2.9580
  2.9603
  2.9626
  2.9630
  2.9726
  2.9675
  2.9708
  2.9739
  2.9676
  2.9591
  2.9655
  2.9707
  2.9636
  2.9665
  2.9621
  2.9685
  2.9566
  2.9648
  2.9679
  2.9653
  2.9548
  2.9698
  2.9658
  2.9662
  2.9667
  2.9670
  2.9497
  2.9678
  2.9625
  2.9635
  2.9627
  2.9590
  2.9621
  2.9665
  2.9645
  2.9653
  2.9560
  2.9690
  2.9633
  2.9669
  2.9656
  2.9601
  2.9701
  2.9750
  2.9662
  2.9625
  2.9700
  2.9709
  2.9661
  2.9602
  2.9673
  2.9671
  2.9617
  2.9604
  2.9598
  2.9598
  2.9569
  2.9698
  2.9764
  2.9713
  2.9698
  2.9632
  2.9713
  2.9690
  2.9759
  2.9743
  2.9597
  2.9741
  2.9559
  2.9663
  2.9751
  2.9611
  2.9592
  2.9729
  2.9692
  2.9684
  2.9628
  2.9607
  2.9717
  2.9590
  2.9582
  2.9510
  2.9667
  2.9620
  2.9685
  2.9733
  2.9758
  2.9649
  2.9650
  2.9624
  2.9592
  2.9510
  2.9605
  2.9553
  2.9644
  2.9614
  2.9502
  2.9669
  2.9618
  2.9628
  2.9676
  2.9675
  2.9642
  2.9642
  2.9613
  2.9632
  2.9731
  2.9519
  2.9696
  2.9704
  2.9660
  2.9798
  2.9672
  2.9754
  2.9740
  2.9628
  2.9704
  2.9669
  2.9639
  2.9645
  2.9618
  2.9587
  2.9602
  2.9617
  2.9683
  2.9745
  2.9628
  2.9608
  2.9648
  2.9686
  2.9660
  2.9564
  2.9610
  2.9609
  2.9709
  2.9699
  2.9619
  2.9667
  2.9803
  2.9601
  2.9548
  2.9589
  2.9580
  2.9682
  2.9661
  2.9707
  2.9693
  2.9564
  2.9583
  2.9651
  2.9667
  2.9585
  2.9634
  2.9572
  2.9586
  2.9712
  2.9556
  2.9709
  2.9624
  2.9650
  2.9651
  2.9635
  2.9607
  2.9676
  2.9679
  2.9671
  2.9647
  2.9670
  2.9570
  2.9662
  2.9573
  2.9632
  2.9680
  2.9509
  2.9607
  2.9527
  2.9651
  2.9784
  2.9556
  2.9735
  2.9579
  2.9611
  2.9684
  2.9613
  2.9661
  2.9656
  2.9772
  2.9716
  2.9708
  2.9641
  2.9663
  2.9594
  2.9611
  2.9659
  2.9677
  2.9573
  2.9609
  2.9652
  2.9680
  2.9721
  2.9597
  2.9571
  2.9627
  2.9654
  2.9612
  2.9590
  2.9701
  2.9682
  2.9712
  2.9684
  2.9674
  2.9717
  2.9594
  2.9662
  2.9536
  2.9667
  2.9703
  2.9695
  2.9641
  2.9631
  2.9633
  2.9670
  2.9637
  2.9670
  2.9649
  2.9603
  2.9575
  2.9649
  2.9671
  2.9649
  2.9666
  2.9689
  2.9715
  2.9683
  2.9734
  2.9643
  2.9632
  2.9585
  2.9618
  2.9680
  2.9579
  2.9606
  2.9562
  2.9594
  2.9595
  2.9614
  2.9631
  2.9600
  2.9701
  2.9656
  2.9596
  2.9737
  2.9658
  2.9723
  2.9547
  2.9715
  2.9566
  2.9593
  2.9636
  2.9715
  2.9672
  2.9698
  2.9565
  2.9690
  2.9606
  2.9555
  2.9702
  2.9711
  2.9618
  2.9598
  2.9633
  2.9575
  2.9567
  2.9630
  2.9570
  2.9627
  2.9706
  2.9615
  2.9634
  2.9685
  2.9723
  2.9706
  2.9713
  2.9628
  2.9725
  2.9634
  2.9684
  2.9685
  2.9601
  2.9663
  2.9530
  2.9653
  2.9597
  2.9692
  2.9673
  2.9697
  2.9622
  2.9705
  2.9626
  2.9728
  2.9712
  2.9673
  2.9756
  2.9586
  2.9630
  2.9638
  2.9617
  2.9655
  2.9553
  2.9580
  2.9585
  2.9567
  2.9517
  2.9626
  2.9698
  2.9616
  2.9585
  2.9608
  2.9680
  2.9728
  2.9613
  2.9643
  2.9740
  2.9708
  2.9774
  2.9648
  2.9611
  2.9726
  2.9797
  2.9719
  2.9705
  2.9704
  2.9554
  2.9550
  2.9700
  2.9663
  2.9566
  2.9619
  2.9677
  2.9606
  2.9730
  2.9673
  2.9718
  2.9681
  2.9681
  2.9662
  2.9603
  2.9693
  2.9661
  2.9687
  2.9687
  2.9693
  2.9586
  2.9619
  2.9669
  2.9639
  2.9588
  2.9646
  2.9635
  2.9708
  2.9695
  2.9669
  2.9723
  2.9665
  2.9701
  2.9607
  2.9644
  2.9677
  2.9451
  2.9670
  2.9731
  2.9689
  2.9771
  2.9607
  2.9607
  2.9653
  2.9680
  2.9603
  2.9722
  2.9721
  2.9641
  2.9731
  2.9625
  2.9649
  2.9551
  2.9696
  2.9607
  2.9661
  2.9643
  2.9747
  2.9742
  2.9634
  2.9618
  2.9624
  2.9750
  2.9706
  2.9550
  2.9570
  2.9631
  2.9548
  2.9716
  2.9614
  2.9614
  2.9648
  2.9729
  2.9559
  2.9549
  2.9526
  2.9522
  2.9683
  2.9703
  2.9597
  2.9617
  2.9617
  2.9678
  2.9616
  2.9719
  2.9525
  2.9665
  2.9657
  2.9642
  2.9650
  2.9626
  2.9706
  2.9699
  2.9513
  2.9648
  2.9594
  2.9651
  2.9623
  2.9657
  2.9712
  2.9750
  2.9700
  2.9620
  2.9801
  2.9598
  2.9612
  2.9591
  2.9513
  2.9718
  2.9733
  2.9555
  2.9585
  2.9731
  2.9563
  2.9591
  2.9659
  2.9600
  2.9583
  2.9635
  2.9688
  2.9649
  2.9539
  2.9636
  2.9675
  2.9688
  2.9611
  2.9653
  2.9637
  2.9570
  2.9612
  2.9687
  2.9648
  2.9623
  2.9583
  2.9723
  2.9643
  2.9595
  2.9616
  2.9618
  2.9677
  2.9702
  2.9598
  2.9668
  2.9654
  2.9556
  2.9609
  2.9741
  2.9689
  2.9573
  2.9671
  2.9604
  2.9673
  2.9608
  2.9595
  2.9639
  2.9599
  2.9593
  2.9546
  2.9695
  2.9536
  2.9589
  2.9562
  2.9704
  2.9503
  2.9720
  2.9550
  2.9711
  2.9716
  2.9648
  2.9647
  2.9716
  2.9629
  2.9767
  2.9660
  2.9529
  2.9775
  2.9554
  2.9524
  2.9601
  2.9562
  2.9608
  2.9648
  2.9649
  2.9562
  2.9663
  2.9611
  2.9716
  2.9631
  2.9676
  2.9659
  2.9580
  2.9672
  2.9701
  2.9678
  2.9639
  2.9607
  2.9680
  2.9694
  2.9631
  2.9541
  2.9584
  2.9616
  2.9672
  2.9665
  2.9690
  2.9711
  2.9636
  2.9674
  2.9695
  2.9615
  2.9585
  2.9675
  2.9616
  2.9626
  2.9812
  2.9679
  2.9638
  2.9748
  2.9712
  2.9745
  2.9724
  2.9696
  2.9600
  2.9805
  2.9673
  2.9614
  2.9640
  2.9638
  2.9585
  2.9567
  2.9653
  2.9557
  2.9566
  2.9697
  2.9663
  2.9521
  2.9694
  2.9621
  2.9579
  2.9668
  2.9686
  2.9547
  2.9739
  2.9681
  2.9647
  2.9506
  2.9711
  2.9653
  2.9743
  2.9647
  2.9671
  2.9652
  2.9611
  2.9619
  2.9497
  2.9719
  2.9654
  2.9595
  2.9539
  2.9529
  2.9610
  2.9635
  2.9695
  2.9631
  2.9613
  2.9619
  2.9628
  2.9713
  2.9655
  2.9717
  2.9644
  2.9599
  2.9579
  2.9577
  2.9707
  2.9732
  2.9624
  2.9569
  2.9663
  2.9588
  2.9681
  2.9663
  2.9511
  2.9616
  2.9448
  2.9621
  2.9659
  2.9639
  2.9621
  2.9744
  2.9670
  2.9648
  2.9639
  2.9681
  2.9641
  2.9647
  2.9621
  2.9676
  2.9646
  2.9637
  2.9651
  2.9602
  2.9615
  2.9673
  2.9667
  2.9576
  2.9671
  2.9661
  2.9766
  2.9609
  2.9562
  2.9654
  2.9729
  2.9645
  2.9700
  2.9536
  2.9701
  2.9709
  2.9621
  2.9647
  2.9723
  2.9604
  2.9670
  2.9710
  2.9605
  2.9638
  2.9730
  2.9587
  2.9612
  2.9635
  2.9565
  2.9568
  2.9598
  2.9636
  2.9571
  2.9595
  2.9564
  2.9623
  2.9571
  2.9661
  2.9611
  2.9665
  2.9550
  2.9645
  2.9642
  2.9519
  2.9586
  2.9630
  2.9676
  2.9730
  2.9585
  2.9711
  2.9618
  2.9691
  2.9679
  2.9684
  2.9580
  2.9626
  2.9618
  2.9546
  2.9596
  2.9621
  2.9662
  2.9657
  2.9609
  2.9649
  2.9657
  2.9628
  2.9717
  2.9644
  2.9665
  2.9583
  2.9726
  2.9506
  2.9608
  2.9626
  2.9604
  2.9641
  2.9547
  2.9605
  2.9644
  2.9678
  2.9758
  2.9635
  2.9705
  2.9641
  2.9649
  2.9623
  2.9724
  2.9581
  2.9591
  2.9558
  2.9623
  2.9709
  2.9690
  2.9706
  2.9659
  2.9681
  2.9601
  2.9676
  2.9590
  2.9669
  2.9587
  2.9680
  2.9590
  2.9606
  2.9591
  2.9680
  2.9723
  2.9614
  2.9620
  2.9482
  2.9705
  2.9670
  2.9586
  2.9521
  2.9576
  2.9745
  2.9618
  2.9607
  2.9679
  2.9598
  2.9540
  2.9626
  2.9639
  2.9579
  2.9542
  2.9571
  2.9743
  2.9640
  2.9669
  2.9694
  2.9468
  2.9607
  2.9661
  2.9618
  2.9777
  2.9752
  2.9680
  2.9615
  2.9587
  2.9677
  2.9645
  2.9482
  2.9680
  2.9736
  2.9643
  2.9688
  2.9690
  2.9716
  2.9594
  2.9630
  2.9652
  2.9641
  2.9654
  2.9654
  2.9596
  2.9675
  2.9612
  2.9642
  2.9632
  2.9651
  2.9669
  2.9690
  2.9636
  2.9633
  2.9709
  2.9683
  2.9669
  2.9654
  2.9636
  2.9622
  2.9753
  2.9618
  2.9565
  2.9679
  2.9624
  2.9652
  2.9621
  2.9624
  2.9612
  2.9724
  2.9637
  2.9616
  2.9642
  2.9618
  2.9572
  2.9644
  2.9633
  2.9627
  2.9787
  2.9597
  2.9570
  2.9621
  2.9595
  2.9657
  2.9649
  2.9718
  2.9637
  2.9644
  2.9584
  2.9647
  2.9744
  2.9595
  2.9687
  2.9655
  2.9716
  2.9613
  2.9692
  2.9727
  2.9644
  2.9623
  2.9688
  2.9650
  2.9659
  2.9663
  2.9634
  2.9709
  2.9728
  2.9725
  2.9643
  2.9672
  2.9652
  2.9594
  2.9577
  2.9734
  2.9713
  2.9530
  2.9637
  2.9716
  2.9722
  2.9697
  2.9631
  2.9730
  2.9668
  2.9585
  2.9702
  2.9672
  2.9559
  2.9613
  2.9651
  2.9633
  2.9652
  2.9647
  2.9646
  2.9703
  2.9655
  2.9676
  2.9636
  2.9565
  2.9599
  2.9655
  2.9679
  2.9729
  2.9659
  2.9585
  2.9654
  2.9644
  2.9657
  2.9679
  2.9553
  2.9549
  2.9634
  2.9643
  2.9603
  2.9675
  2.9536
  2.9588
  2.9682
  2.9649
  2.9702
  2.9637
  2.9682
  2.9676
  2.9621
  2.9639
  2.9579
  2.9697
  2.9620
  2.9637
  2.9696
  2.9592
  2.9647
  2.9682
  2.9564
  2.9676
  2.9642
  2.9682
  2.9748
  2.9638
  2.9621
  2.9575
  2.9665
  2.9643
  2.9711
  2.9699
  2.9689
  2.9632
  2.9658
  2.9546
  2.9578
  2.9650
  2.9674
  2.9641
  2.9620
  2.9625
  2.9647
  2.9561
  2.9594
  2.9628
  2.9657
  2.9561
  2.9632
  2.9623
  2.9566
  2.9689
  2.9627
  2.9744
  2.9601
  2.9552
  2.9611
  2.9742
  2.9586
  2.9677
  2.9580
  2.9545
  2.9555
  2.9668
  2.9574
  2.9706
  2.9630
  2.9704
  2.9633
  2.9763
  2.9706
  2.9686
  2.9739
  2.9656
  2.9608
  2.9713
  2.9664
  2.9656
  2.9717
  2.9732
  2.9727
  2.9670
  2.9778
  2.9668
  2.9616
  2.9490
  2.9714
  2.9603
  2.9634
  2.9580
  2.9614
  2.9614
  2.9770
  2.9648
  2.9511
  2.9641
  2.9643
  2.9582
  2.9724
  2.9565
  2.9649
  2.9662
  2.9678
  2.9631
  2.9592
  2.9678
  2.9719
  2.9773
  2.9625
  2.9699
  2.9599
  2.9566
  2.9581
  2.9574
  2.9643
  2.9606
  2.9567
  2.9537
  2.9603
  2.9645
  2.9591
  2.9645
  2.9785
  2.9598
  2.9690
  2.9744
  2.9602
  2.9635
  2.9543
  2.9724
  2.9701
  2.9579
  2.9623
  2.9581
  2.9745
  2.9724
  2.9632
  2.9514
  2.9605
  2.9679
  2.9631
  2.9768
  2.9628
  2.9578
  2.9632
  2.9579
  2.9681
  2.9610
  2.9577
  2.9649
  2.9674
  2.9637
  2.9562
  2.9728
  2.9571
  2.9567
  2.9703
  2.9623
  2.9648
  2.9761
  2.9617
  2.9590
  2.9625
  2.9707
  2.9595
  2.9730
  2.9644
  2.9595
  2.9647
  2.9741
  2.9697
  2.9659
  2.9643
  2.9732
  2.9610
  2.9651
  2.9678
  2.9618
  2.9667
  2.9552
  2.9599
  2.9739
  2.9736
  2.9693
  2.9624
  2.9638
  2.9774
  2.9764
  2.9697
  2.9675
  2.9577
  2.9656
  2.9693
  2.9582
  2.9602
  2.9624
  2.9568
  2.9610
  2.9607
  2.9677
  2.9644
  2.9559
  2.9678
  2.9598
  2.9540
  2.9692
  2.9638
  2.9644
  2.9672
  2.9492
  2.9694
  2.9658
  2.9702
  2.9731
  2.9611
  2.9642
  2.9691
  2.9598
  2.9645
  2.9607
  2.9546
  2.9673
  2.9637
  2.9727
  2.9700
  2.9663
  2.9562
  2.9637
  2.9732
  2.9616
  2.9567
  2.9646
  2.9583
  2.9625
  2.9639
  2.9708
  2.9580
  2.9701
  2.9579
  2.9742
  2.9656
  2.9659
  2.9718
  2.9552
  2.9744
  2.9640
  2.9488
  2.9607
  2.9559
  2.9700
  2.9566
  2.9575
  2.9575
  2.9688
  2.9628
  2.9720
  2.9638
  2.9624
  2.9581
  2.9508
  2.9540
  2.9614
  2.9558
  2.9590
  2.9559
  2.9694
  2.9602
  2.9563
  2.9556
  2.9671
  2.9574
  2.9593
  2.9686
  2.9642
  2.9598
  2.9696
  2.9641
