C1431409.581421
Gadanki 14/03/2014 09:57:44 14/03/2014 09:58:14 0375 0079.2 0013.5 00
0000000 0020 0000600 0020 01
1 0 2 02000 1 0000 0030 00532.o 0 0 00 000 14 000600 0.500 BT0
532.000 .o analog 0 
  2.8989
 21.5551
 18.5533
 11.0758
 12.6533
 14.0936
 17.6966
 28.3681
 39.4481
 42.5551
 39.9595
 36.2401
 32.0906
 28.6107
 25.6599
 23.1666
 20.7359
 18.3330
 16.7609
 15.2627
 14.0246
 12.9985
 12.0629
 11.2071
 10.3132
  9.4381
  8.6699
  7.9786
  7.6716
  7.3760
  6.9324
  6.6892
  6.4348
  6.1538
  5.9909
  5.8124
  5.7382
  5.5426
  5.4066
  5.2881
  5.2052
  5.0923
  4.9023
  4.7902
  4.6555
  4.5378
  4.4385
  4.3235
  4.2969
  4.2157
  4.1129
  4.1027
  4.0489
  4.0872
  4.0494
  3.9952
  3.9118
  3.8408
  3.8748
  3.8468
  3.7561
  3.6647
  3.6377
  3.6481
  3.6148
  3.5417
  3.4898
  3.4968
  3.5004
  3.4722
  3.4361
  3.4309
  3.3812
  3.3526
  3.3444
  3.3253
  3.2978
  3.2980
  3.2807
  3.2630
  3.2902
  3.3043
  3.2785
  3.2191
  3.2048
  3.1916
  3.1758
  3.1927
  3.1540
  3.1646
  3.1448
  3.1513
  3.1315
  3.1301
  3.1225
  3.1172
  3.1099
  3.1135
  3.1074
  3.1002
  3.0920
  3.0854
  3.0805
  3.0882
  3.0831
  3.0794
  3.0709
  3.0781
  3.0618
  3.0615
  3.0493
  3.0536
  3.0438
  3.0370
  3.0389
  3.0380
  3.0334
  3.0278
  3.0291
  3.0193
  3.0225
  3.0296
  3.0178
  3.0222
  3.0177
  3.0111
  3.0224
  3.0025
  3.0147
  3.0047
  3.0052
  3.0087
  3.0065
  2.9967
  3.0089
  3.0015
  2.9872
  3.0044
  2.9934
  2.9854
  2.9982
  3.0012
  2.9823
  2.9934
  2.9785
  2.9836
  2.9900
  2.9780
  2.9769
  2.9834
  2.9813
  2.9704
  2.9769
  2.9836
  2.9859
  2.9828
  2.9858
  2.9750
  2.9684
  2.9742
  2.9712
  2.9699
  2.9693
  2.9553
  2.9589
  2.9659
  2.9587
  2.9641
  2.9741
  2.9623
  2.9646
  2.9489
  2.9673
  2.9534
  2.9669
  2.9538
  2.9489
  2.9583
  2.9485
  2.9507
  2.9490
  2.9598
  2.9541
  2.9452
  2.9539
  2.9413
  2.9558
  2.9522
  2.9530
  2.9556
  2.9489
  2.9512
  2.9443
  2.9510
  2.9488
  2.9447
  2.9418
  2.9460
  2.9477
  2.9455
  2.9445
  2.9461
  2.9529
  2.9446
  2.9437
  2.9434
  2.9553
  2.9480
  2.9434
  2.9392
  2.9453
  2.9428
  2.9414
  2.9413
  2.9406
  2.9331
  2.9307
  2.9329
  2.9378
  2.9426
  2.9411
  2.9405
  2.9379
  2.9387
  2.9380
  2.9345
  2.9219
  2.9349
  2.9334
  2.9291
  2.9390
  2.9409
  2.9188
  2.9329
  2.9348
  2.9273
  2.9352
  2.9363
  2.9352
  2.9340
  2.9379
  2.9280
  2.9286
  2.9341
  2.9282
  2.9313
  2.9195
  2.9260
  2.9352
  2.9318
  2.9195
  2.9326
  2.9274
  2.9157
  2.9315
  2.9380
  2.9268
  2.9173
  2.9294
  2.9274
  2.9277
  2.9300
  2.9384
  2.9269
  2.9371
  2.9238
  2.9233
  2.9337
  2.9300
  2.9264
  2.9234
  2.9218
  2.9250
  2.9229
  2.9346
  2.9118
  2.9243
  2.9273
  2.9237
  2.9233
  2.9148
  2.9266
  2.9237
  2.9412
  2.9191
  2.9243
  2.9307
  2.9170
  2.9259
  2.9259
  2.9232
  2.9289
  2.9282
  2.9248
  2.9262
  2.9357
  2.9190
  2.9134
  2.9132
  2.9299
  2.9232
  2.9288
  2.9235
  2.9160
  2.9281
  2.9288
  2.9184
  2.9192
  2.9123
  2.9256
  2.9141
  2.9243
  2.9213
  2.9224
  2.9196
  2.9137
  2.9243
  2.9169
  2.9132
  2.9112
  2.9277
  2.9223
  2.9295
  2.9222
  2.9190
  2.9317
  2.9209
  2.9215
  2.9238
  2.9222
  2.9198
  2.9236
  2.9205
  2.9248
  2.9173
  2.9234
  2.9247
  2.9208
  2.9280
  2.9257
  2.9244
  2.9152
  2.9289
  2.9184
  2.9233
  2.9217
  2.9113
  2.9098
  2.9208
  2.9255
  2.9126
  2.9203
  2.9213
  2.9084
  2.9108
  2.9225
  2.9184
  2.9151
  2.9191
  2.9180
  2.9188
  2.9249
  2.9100
  2.9132
  2.9153
  2.9207
  2.9292
  2.9214
  2.9135
  2.9230
  2.9228
  2.9159
  2.9208
  2.9193
  2.9221
  2.9092
  2.9112
  2.9147
  2.9257
  2.9231
  2.9201
  2.9105
  2.9183
  2.9119
  2.9182
  2.9110
  2.9158
  2.9120
  2.9099
  2.9171
  2.9110
  2.9239
  2.9188
  2.9146
  2.9160
  2.9120
  2.9129
  2.9187
  2.9063
  2.9278
  2.9185
  2.9094
  2.9195
  2.9285
  2.9162
  2.9148
  2.9264
  2.9199
  2.9338
  2.9169
  2.9223
  2.9228
  2.9182
  2.9189
  2.9160
  2.9315
  2.9190
  2.9239
  2.9180
  2.9169
  2.9143
  2.9109
  2.9114
  2.9160
  2.9147
  2.9160
  2.9133
  2.9164
  2.9180
  2.9250
  2.9194
  2.9242
  2.9102
  2.9184
  2.9093
  2.9238
  2.9118
  2.9154
  2.9196
  2.9174
  2.9213
  2.9135
  2.9146
  2.9105
  2.9162
  2.9128
  2.9073
  2.9141
  2.9207
  2.9135
  2.9121
  2.9246
  2.9180
  2.9204
  2.9215
  2.9163
  2.9098
  2.9124
  2.9158
  2.9040
  2.9170
  2.9148
  2.9134
  2.9166
  2.9111
  2.9152
  2.9190
  2.9104
  2.9133
  2.9046
  2.9125
  2.9163
  2.9206
  2.9076
  2.9098
  2.9205
  2.9140
  2.9152
  2.9112
  2.9086
  2.9224
  2.9218
  2.9187
  2.9171
  2.9234
  2.9232
  2.9115
  2.9107
  2.9130
  2.9162
  2.9124
  2.9023
  2.9135
  2.9199
  2.9182
  2.9029
  2.9166
  2.9091
  2.9160
  2.9105
  2.9100
  2.9071
  2.9154
  2.9243
  2.9118
  2.9155
  2.9165
  2.9148
  2.9144
  2.9205
  2.9173
  2.9088
  2.9179
  2.9156
  2.9101
  2.9209
  2.9148
  2.9147
  2.9135
  2.9237
  2.9037
  2.9093
  2.9088
  2.9278
  2.9177
  2.9136
  2.9109
  2.9178
  2.9041
  2.9147
  2.9130
  2.9153
  2.9176
  2.9099
  2.9135
  2.9076
  2.9184
  2.9178
  2.9177
  2.9195
  2.9227
  2.9148
  2.9103
  2.9048
  2.9153
  2.9102
  2.9051
  2.9113
  2.9239
  2.9116
  2.9211
  2.9144
  2.9111
  2.9181
  2.9150
  2.9033
  2.9123
  2.9236
  2.9065
  2.9129
  2.9031
  2.9171
  2.9222
  2.9180
  2.9168
  2.9161
  2.9111
  2.9160
  2.9128
  2.9096
  2.9210
  2.9047
  2.9145
  2.9190
  2.9131
  2.9142
  2.9176
  2.9174
  2.9188
  2.9107
  2.9033
  2.9112
  2.9174
  2.9006
  2.9082
  2.9157
  2.9095
  2.9128
  2.9103
  2.9195
  2.9064
  2.9052
  2.9133
  2.9152
  2.9156
  2.9120
  2.9126
  2.9132
  2.9126
  2.9071
  2.9046
  2.9048
  2.9045
  2.9172
  2.9066
  2.9041
  2.9173
  2.9097
  2.9141
  2.9087
  2.9120
  2.9120
  2.9133
  2.9172
  2.9183
  2.9165
  2.9160
  2.9194
  2.9148
  2.9224
  2.9110
  2.9060
  2.9128
  2.9130
  2.9112
  2.9173
  2.9192
  2.9144
  2.9096
  2.9155
  2.9056
  2.9007
  2.9215
  2.9187
  2.9229
  2.9100
  2.9135
  2.9138
  2.9143
  2.9101
  2.9037
  2.9225
  2.9168
  2.9005
  2.9179
  2.9061
  2.9066
  2.9140
  2.9209
  2.9234
  2.9117
  2.9117
  2.9136
  2.9083
  2.9133
  2.9135
  2.9134
  2.9102
  2.9122
  2.9105
  2.9179
  2.9073
  2.9166
  2.9163
  2.9116
  2.9190
  2.9126
  2.9090
  2.9145
  2.9094
  2.9248
  2.9330
  2.9213
  2.9096
  2.9103
  2.9141
  2.9132
  2.9120
  2.9252
  2.9027
  2.9200
  2.9085
  2.9115
  2.9195
  2.9065
  2.9111
  2.9057
  2.9194
  2.9074
  2.9147
  2.9091
  2.9145
  2.9155
  2.9071
  2.9137
  2.9119
  2.9080
  2.9089
  2.9227
  2.9280
  2.9160
  2.9249
  2.9167
  2.9149
  2.9140
  2.9022
  2.9165
  2.9190
  2.9185
  2.9169
  2.9171
  2.9160
  2.9192
  2.9215
  2.9247
  2.9145
  2.9000
  2.9132
  2.9120
  2.9112
  2.9119
  2.9119
  2.9191
  2.9223
  2.9214
  2.9023
  2.9173
  2.9059
  2.9052
  2.9122
  2.9082
  2.9029
  2.9085
  2.9196
  2.9110
  2.9084
  2.9116
  2.9124
  2.9153
  2.9152
  2.9211
  2.9201
  2.9098
  2.9110
  2.9126
  2.9102
  2.9128
  2.9157
  2.9111
  2.9058
  2.9067
  2.9068
  2.9081
  2.9103
  2.9092
  2.9135
  2.9089
  2.9112
  2.9066
  2.9148
  2.9128
  2.9094
  2.9078
  2.9080
  2.9094
  2.9072
  2.9097
  2.9130
  2.9122
  2.9038
  2.9073
  2.9180
  2.9122
  2.9152
  2.9075
  2.9172
  2.9136
  2.9148
  2.9051
  2.9137
  2.9233
  2.9175
  2.9173
  2.9063
  2.9027
  2.9205
  2.9229
  2.9140
  2.9249
  2.9087
  2.9156
  2.9081
  2.9143
  2.9075
  2.9102
  2.9132
  2.9128
  2.9092
  2.9093
  2.9027
  2.9144
  2.9088
  2.9117
  2.9189
  2.9094
  2.9122
  2.9131
  2.9171
  2.9119
  2.9068
  2.9292
  2.9163
  2.9069
  2.9079
  2.9028
  2.9194
  2.9170
  2.9139
  2.9154
  2.9064
  2.9211
  2.9199
  2.9174
  2.9094
  2.9139
  2.9110
  2.9188
  2.9167
  2.9163
  2.9042
  2.9142
  2.9137
  2.9208
  2.9097
  2.9089
  2.9196
  2.9093
  2.9055
  2.9133
  2.9090
  2.9011
  2.9055
  2.9069
  2.9090
  2.9049
  2.9119
  2.9161
  2.9051
  2.9187
  2.9048
  2.9277
  2.9136
  2.9137
  2.9074
  2.9131
  2.9179
  2.9097
  2.9060
  2.8963
  2.9215
  2.9148
  2.9145
  2.9019
  2.9099
  2.9169
  2.9165
  2.9132
  2.8988
  2.9135
  2.9109
  2.9074
  2.9100
  2.9165
  2.9202
  2.9094
  2.9074
  2.9125
  2.9216
  2.9104
  2.9115
  2.9139
  2.9174
  2.9125
  2.9090
  2.9147
  2.9164
  2.9109
  2.9179
  2.9164
  2.9101
  2.9103
  2.9136
  2.9103
  2.9121
  2.9190
  2.9158
  2.9132
  2.9079
  2.9188
  2.9210
  2.9128
  2.9049
  2.9210
  2.9131
  2.9075
  2.9149
  2.9182
  2.9071
  2.9119
  2.9080
  2.9218
  2.9070
  2.9179
  2.8996
  2.9118
  2.8998
  2.9038
  2.9122
  2.9233
  2.9139
  2.9131
  2.9012
  2.9160
  2.9244
  2.9086
  2.9047
  2.9141
  2.9147
  2.9240
  2.9234
  2.9142
  2.9088
  2.9224
  2.9176
  2.9125
  2.9137
  2.9234
  2.9041
  2.9130
  2.9089
  2.9260
  2.9161
  2.9128
  2.9127
  2.9162
  2.9193
  2.9088
  2.9162
  2.9100
  2.9135
  2.8954
  2.9137
  2.9154
  2.9161
  2.9196
  2.9148
  2.9262
  2.9226
  2.9091
  2.9148
  2.9080
  2.9266
  2.9122
  2.9160
  2.9054
  2.9157
  2.9121
  2.9070
  2.9126
  2.9140
  2.9132
  2.9130
  2.9147
  2.9182
  2.9120
  2.9069
  2.9018
  2.9110
  2.9185
  2.9160
  2.9150
  2.9122
  2.9231
  2.9115
  2.9173
  2.9146
  2.9112
  2.9114
  2.9103
  2.9045
  2.9019
  2.9139
  2.9149
  2.9123
  2.9126
  2.9091
  2.9144
  2.8964
  2.9146
  2.9116
  2.9112
  2.9167
  2.9106
  2.9034
  2.9268
  2.9204
  2.9130
  2.9106
  2.9121
  2.9121
  2.9116
  2.9123
  2.9166
  2.9045
  2.9037
  2.9166
  2.9123
  2.9119
  2.9165
  2.9141
  2.9124
  2.9134
  2.9188
  2.9124
  2.9142
  2.9159
  2.9184
  2.9063
  2.9174
  2.9091
  2.9061
  2.9212
  2.9170
  2.9087
  2.9149
  2.9089
  2.9090
  2.9105
  2.9131
  2.9226
  2.9136
  2.9047
  2.9317
  2.9150
  2.9000
  2.9112
  2.9146
  2.9196
  2.9052
  2.9102
  2.9054
  2.9147
  2.9117
  2.9118
  2.9172
  2.9143
  2.9077
  2.9013
  2.9144
  2.9140
  2.9231
  2.9079
  2.9054
  2.9048
  2.9054
  2.9165
  2.9146
  2.9171
  2.9208
  2.9038
  2.9077
  2.9103
  2.9032
  2.9182
  2.9215
  2.9155
  2.9106
  2.9163
  2.9147
  2.9098
  2.9227
  2.9129
  2.9061
  2.9225
  2.9081
  2.9130
  2.9158
  2.9078
  2.8992
  2.9058
  2.9140
  2.9193
  2.9113
  2.9116
  2.9067
  2.9199
  2.9099
  2.9132
  2.9082
  2.9097
  2.9054
  2.9170
  2.9192
  2.9213
  2.9161
  2.9119
  2.9185
  2.9028
  2.9220
  2.9136
  2.9114
  2.9056
  2.9066
  2.9174
  2.9084
  2.9138
  2.9139
  2.8942
  2.9016
  2.9121
  2.9098
  2.9113
  2.9080
  2.9053
  2.9151
  2.9060
  2.9146
  2.9141
  2.8993
  2.9116
  2.9107
  2.9203
  2.9166
  2.8968
  2.9158
  2.9147
  2.9035
  2.9057
  2.9065
  2.9078
  2.9145
  2.9097
  2.9064
  2.9123
  2.9083
  2.9110
  2.9202
  2.9173
  2.9212
  2.9008
  2.9159
  2.9151
  2.9253
  2.9114
  2.9066
  2.9296
  2.9194
  2.9199
  2.9145
  2.9142
  2.9136
  2.9106
  2.9104
  2.9052
  2.9121
  2.9014
  2.9153
  2.9236
  2.9166
  2.9163
  2.9097
  2.9095
  2.8989
  2.9182
  2.9094
  2.9124
  2.9050
  2.9118
  2.9098
  2.9087
  2.9112
  2.9177
  2.9225
  2.9073
  2.9252
  2.9238
  2.9117
  2.9126
  2.9071
  2.9212
  2.9081
  2.9099
  2.9067
  2.9033
  2.9093
  2.9067
  2.9032
  2.9121
  2.9004
  2.9043
  2.9109
  2.9023
  2.9171
  2.9191
  2.9195
  2.9107
  2.9115
  2.9153
  2.9095
  2.9094
  2.9135
  2.9126
  2.9095
  2.9173
  2.9089
  2.8986
  2.9101
  2.9142
  2.9135
  2.9204
  2.9176
  2.9110
  2.9114
  2.9223
  2.9126
  2.9187
  2.9152
  2.9111
  2.8989
  2.9254
  2.9006
  2.9191
  2.9157
  2.9225
  2.9093
  2.9151
  2.9103
  2.9113
  2.9127
  2.9098
  2.9140
  2.9054
  2.9020
  2.9060
  2.9201
  2.9145
  2.9082
  2.9062
  2.9114
  2.9075
  2.9094
  2.9015
  2.9059
  2.9085
  2.9140
  2.9144
  2.9095
  2.9105
  2.9214
  2.9116
  2.9082
  2.8976
  2.9114
  2.9124
  2.9172
  2.9018
  2.9100
  2.9051
  2.9043
  2.9120
  2.9090
  2.9042
  2.9093
  2.9096
  2.9209
  2.9305
  2.9222
  2.9146
  2.9115
  2.9194
  2.9022
  2.9084
  2.9064
  2.9212
  2.9094
  2.9171
  2.9189
  2.9121
  2.9067
  2.9039
  2.9126
  2.9109
  2.9085
  2.9112
  2.9175
  2.9062
  2.9227
  2.9183
  2.9100
  2.9066
  2.9160
  2.9081
  2.9105
  2.9071
  2.9074
  2.9170
  2.9143
  2.9108
  2.9121
  2.9178
  2.9215
  2.9097
  2.9223
  2.9048
  2.9070
  2.9152
  2.9247
  2.9053
  2.9102
  2.9191
  2.9106
  2.9159
  2.9077
  2.9095
  2.9086
  2.9079
  2.9085
  2.9178
  2.9093
  2.9113
  2.9120
  2.9087
  2.9159
  2.9118
  2.9082
  2.9141
  2.9047
  2.9076
  2.9202
  2.9137
  2.9051
  2.9131
  2.9189
  2.9074
  2.9015
  2.9038
  2.9161
  2.9006
  2.9053
  2.9130
  2.9133
  2.9204
  2.9104
  2.9063
  2.9139
  2.9158
  2.9119
  2.8872
  2.9139
  2.9277
  2.9154
  2.9015
  2.9148
  2.9114
  2.9038
  2.9151
  2.9167
  2.9106
  2.8994
  2.9261
  2.9105
  2.9083
  2.9118
  2.9146
  2.9056
  2.9112
  2.9133
  2.9171
  2.9121
  2.9092
  2.9099
  2.9176
  2.9137
  2.9067
  2.9139
  2.9163
  2.9265
  2.9195
  2.9089
  2.9155
  2.9084
  2.9129
  2.9115
  2.9168
  2.9186
  2.9124
  2.9139
  2.9023
  2.9094
  2.9100
  2.9088
  2.9139
  2.9133
  2.9050
  2.9115
  2.9001
  2.8979
  2.9155
  2.9063
  2.9227
  2.9172
  2.9077
  2.9138
  2.9178
  2.9026
  2.9129
  2.9013
  2.9092
  2.9173
  2.9153
  2.9088
  2.9129
  2.9159
  2.9139
  2.9169
  2.9102
  2.9087
  2.9122
  2.9154
  2.9132
  2.9080
  2.9076
  2.9152
  2.9152
  2.9127
  2.9178
  2.9117
  2.9055
  2.9227
  2.9072
  2.9179
  2.9163
  2.9226
  2.9219
  2.9159
  2.9153
  2.9212
  2.9204
  2.9069
  2.9166
  2.9152
  2.9186
  2.9144
  2.9131
  2.9071
  2.9055
  2.9120
  2.9066
  2.9082
  2.9098
  2.9097
  2.9041
  2.9140
  2.9123
  2.9186
  2.9233
  2.9090
  2.9096
  2.9181
  2.9108
  2.9117
  2.9109
  2.9130
  2.9170
  2.9159
  2.9028
  2.9205
  2.9266
  2.9118
  2.9108
  2.9178
  2.9139
  2.9133
  2.9120
  2.9153
  2.9073
  2.9028
  2.9100
  2.9039
  2.9172
  2.9075
  2.9093
  2.9063
  2.9166
  2.9123
  2.9205
  2.9164
  2.9174
  2.9140
  2.9094
  2.9079
  2.9204
  2.9136
  2.9106
  2.9071
  2.9089
  2.9103
  2.9043
  2.9161
  2.9056
  2.9137
  2.9089
  2.9139
  2.9115
  2.9144
  2.9076
  2.9117
  2.9145
  2.9108
  2.9114
  2.9010
  2.8987
  2.9075
  2.9124
  2.9117
  2.9068
  2.9080
  2.9224
  2.9112
  2.9089
  2.9035
  2.9118
  2.9151
  2.9119
  2.9153
  2.9152
  2.9061
  2.9155
  2.9139
  2.9173
  2.9039
  2.9204
  2.9155
  2.9125
  2.9095
  2.9152
  2.9163
  2.9024
  2.9088
  2.9120
  2.9137
  2.9182
  2.9055
  2.9091
  2.9082
  2.9020
  2.9040
  2.9169
  2.9113
  2.9184
  2.9105
  2.9088
  2.9088
  2.9095
  2.9177
  2.9139
  2.9198
  2.9054
  2.9061
  2.9097
  2.9139
  2.9186
  2.9146
  2.9121
  2.8957
  2.9097
  2.9087
  2.9121
  2.9060
  2.9172
  2.9087
  2.9144
  2.9070
  2.9154
  2.9080
  2.9168
  2.9138
  2.9069
  2.9113
  2.9158
  2.9121
  2.9111
  2.9188
  2.9222
  2.9070
  2.9075
  2.9063
  2.9179
  2.9167
  2.9161
  2.9174
  2.9149
  2.9212
  2.9070
  2.9078
  2.9056
  2.9173
  2.9171
  2.9236
  2.9201
  2.9169
  2.9016
  2.9123
  2.9104
  2.9233
  2.9137
  2.9089
  2.9051
  2.9056
  2.9070
  2.9139
  2.9159
  2.9123
  2.9065
  2.9180
  2.9126
  2.9183
  2.9195
  2.9161
  2.9124
  2.9103
  2.9103
  2.9035
  2.9123
  2.9100
  2.9134
  2.9085
  2.9160
  2.9077
  2.9130
  2.9093
  2.9108
  2.9184
  2.9200
  2.9188
  2.9055
  2.9137
  2.9130
  2.9069
  2.9153
  2.9169
  2.9115
  2.9073
  2.9180
  2.9197
  2.9159
  2.9103
  2.9264
  2.9073
  2.9141
  2.9147
  2.9138
  2.9044
  2.9125
  2.9116
  2.9149
  2.9088
  2.9041
  2.9149
  2.9144
  2.9146
  2.9200
  2.9038
  2.9146
  2.9053
  2.9008
  2.9170
  2.9139
  2.9129
  2.9122
  2.9213
  2.9126
  2.9094
  2.9193
  2.9205
  2.9156
  2.9220
  2.9108
  2.9042
  2.9174
  2.9115
  2.9205
  2.9209
  2.9242
  2.9219
  2.9162
  2.9128
  2.9065
  2.9176
  2.9138
  2.9235
  2.9088
  2.9093
  2.9096
  2.9118
  2.9107
  2.9209
  2.9172
  2.9086
  2.9190
  2.9183
  2.9121
  2.9130
  2.9162
  2.9107
  2.9132
  2.9143
  2.9188
  2.9213
  2.9124
  2.9166
  2.9098
  2.9111
  2.9094
  2.9129
  2.9103
  2.9153
  2.9136
  2.9012
  2.9142
  2.9066
  2.9144
  2.9054
  2.9025
  2.9099
  2.9132
  2.9106
  2.9210
  2.9149
  2.9270
  2.9034
  2.9083
  2.9087
  2.9138
  2.9161
  2.9109
  2.9134
  2.9077
  2.9137
  2.9165
  2.9234
  2.9115
  2.9104
  2.9094
  2.9032
  2.9093
  2.9006
  2.9196
  2.9149
  2.9136
  2.9088
  2.9123
  2.9050
  2.9184
  2.9081
  2.9131
  2.9045
  2.9155
  2.9111
  2.8956
  2.9064
  2.9072
  2.9112
  2.9151
  2.9234
  2.9159
  2.9078
  2.9189
  2.9067
  2.9208
  2.9150
  2.9080
  2.9226
  2.9158
  2.9171
  2.9123
  2.9048
  2.8989
  2.9201
  2.9185
  2.9179
  2.9138
  2.9190
  2.9041
  2.9122
  2.9129
  2.9145
  2.9254
  2.9220
  2.9093
  2.9071
  2.9032
  2.9141
  2.9173
  2.9138
  2.9149
  2.9175
  2.9085
  2.9103
  2.9258
  2.9110
  2.9151
  2.9169
  2.9079
  2.9272
  2.9164
  2.9141
  2.9134
  2.9078
  2.9124
  2.9093
  2.9033
  2.9080
  2.9218
  2.9075
  2.9211
  2.9078
  2.9102
  2.9226
  2.9152
  2.9076
  2.9099
  2.9169
  2.9164
  2.9120
  2.9188
  2.9144
  2.9088
  2.9133
  2.9061
  2.9132
  2.9154
  2.9177
  2.9115
  2.9120
  2.9183
  2.9104
  2.9127
  2.9236
  2.9117
  2.9069
  2.9108
  2.9122
  2.9117
  2.9040
  2.9081
  2.9141
  2.9177
  2.9149
  2.9158
  2.9066
  2.9037
  2.9101
  2.9173
  2.9209
  2.9075
  2.9020
  2.9093
  2.9229
  2.9116
  2.9025
  2.8993
  2.9181
  2.9157
  2.9073
  2.9175
  2.9132
  2.9116
  2.9115
  2.9137
  2.9178
  2.9072
  2.9112
  2.9184
  2.9053
  2.9126
  2.9075
  2.9152
  2.9104
  2.9156
  2.9182
  2.9205
  2.9145
  2.9196
  2.9114
  2.9042
  2.9180
  2.9154
  2.9181
  2.9217
  2.9025
  2.9051
  2.9027
  2.9105
  2.9151
  2.9109
  2.9135
  2.9092
  2.9154
  2.9100
  2.9206
  2.9223
  2.9078
  2.9166
  2.9142
  2.8999
  2.9113
  2.9116
  2.9068
  2.9161
  2.9077
  2.9077
  2.9121
  2.9107
  2.9029
  2.9087
  2.9136
  2.9094
  2.9026
  2.9228
  2.9197
  2.9082
  2.9062
  2.9063
  2.9146
  2.9247
  2.9184
  2.9159
  2.9151
  2.9169
  2.9032
  2.9112
  2.9102
  2.9199
  2.8987
  2.9005
  2.9121
  2.9190
  2.9079
  2.9043
  2.9117
  2.9182
  2.9107
  2.9156
  2.9085
  2.9159
  2.9167
  2.9074
  2.9115
  2.9143
  2.9098
  2.9140
  2.9078
  2.9166
  2.9118
  2.9051
  2.9119
  2.9080
  2.9202
  2.9189
  2.9134
  2.9068
  2.9075
  2.9056
  2.9153
  2.9215
  2.9069
  2.9041
  2.9071
  2.9190
  2.9160
  2.9113
  2.9081
  2.9120
  2.9248
  2.8995
  2.9092
  2.9122
  2.9216
  2.9059
  2.9109
  2.9191
  2.9114
  2.9135
  2.9106
  2.9154
  2.9201
  2.9123
  2.9153
  2.9156
