C1431409.574370
Gadanki 14/03/2014 09:57:13 14/03/2014 09:57:44 0375 0079.2 0013.5 00
0000000 0020 0000600 0020 01
1 0 2 02000 1 0000 0030 00532.o 0 0 00 000 14 000600 0.500 BT0
532.000 .o analog 0 
  2.9058
 21.4344
 18.6068
 11.2002
 12.9677
 14.6940
 18.9915
 31.0986
 42.1058
 44.2145
 41.4015
 36.8222
 32.4813
 28.6799
 25.4978
 22.7175
 20.3272
 18.3806
 16.7084
 15.2318
 13.9961
 12.9824
 12.0223
 10.9643
 10.0460
  9.4417
  8.9914
  8.3766
  7.8383
  7.4802
  7.2338
  6.8827
  6.5394
  6.2427
  6.0277
  5.8480
  5.7380
  5.5732
  5.4218
  5.2770
  5.2106
  5.1166
  4.9495
  4.7472
  4.6598
  4.5426
  4.4671
  4.3395
  4.2947
  4.2320
  4.1039
  4.0873
  4.0527
  4.0597
  4.0662
  4.0045
  3.9116
  3.8467
  3.8877
  3.8588
  3.7733
  3.6744
  3.6523
  3.6500
  3.6012
  3.5509
  3.5141
  3.4978
  3.5121
  3.4674
  3.4390
  3.4129
  3.3764
  3.3570
  3.3495
  3.3407
  3.2911
  3.2952
  3.2859
  3.2872
  3.3083
  3.3141
  3.2579
  3.2190
  3.2056
  3.2003
  3.1943
  3.1737
  3.1719
  3.1558
  3.1512
  3.1503
  3.1418
  3.1351
  3.1354
  3.1108
  3.1110
  3.1066
  3.1110
  3.1045
  3.0942
  3.0954
  3.1017
  3.0856
  3.0842
  3.0803
  3.0735
  3.0835
  3.0544
  3.0589
  3.0632
  3.0585
  3.0662
  3.0410
  3.0430
  3.0358
  3.0363
  3.0338
  3.0260
  3.0235
  3.0257
  3.0206
  3.0313
  3.0278
  3.0257
  3.0235
  3.0156
  3.0080
  3.0107
  3.0126
  2.9974
  3.0059
  3.0107
  3.0040
  2.9958
  3.0004
  2.9913
  2.9970
  3.0014
  2.9891
  2.9913
  2.9920
  3.0004
  2.9900
  2.9857
  2.9959
  2.9800
  2.9940
  2.9871
  2.9741
  2.9730
  2.9839
  2.9776
  2.9723
  2.9774
  2.9749
  2.9739
  2.9782
  2.9744
  2.9690
  2.9663
  2.9647
  2.9641
  2.9758
  2.9652
  2.9742
  2.9609
  2.9620
  2.9623
  2.9580
  2.9588
  2.9641
  2.9706
  2.9679
  2.9539
  2.9556
  2.9560
  2.9465
  2.9557
  2.9593
  2.9464
  2.9544
  2.9541
  2.9565
  2.9531
  2.9543
  2.9498
  2.9580
  2.9395
  2.9489
  2.9685
  2.9486
  2.9526
  2.9462
  2.9480
  2.9542
  2.9465
  2.9521
  2.9480
  2.9464
  2.9503
  2.9546
  2.9426
  2.9448
  2.9350
  2.9340
  2.9442
  2.9454
  2.9434
  2.9472
  2.9388
  2.9335
  2.9378
  2.9458
  2.9388
  2.9481
  2.9418
  2.9372
  2.9417
  2.9342
  2.9433
  2.9328
  2.9425
  2.9450
  2.9396
  2.9384
  2.9423
  2.9271
  2.9455
  2.9351
  2.9455
  2.9387
  2.9298
  2.9335
  2.9205
  2.9355
  2.9285
  2.9445
  2.9328
  2.9314
  2.9317
  2.9356
  2.9308
  2.9292
  2.9365
  2.9289
  2.9212
  2.9355
  2.9317
  2.9261
  2.9259
  2.9420
  2.9281
  2.9327
  2.9226
  2.9296
  2.9341
  2.9330
  2.9331
  2.9272
  2.9235
  2.9311
  2.9168
  2.9225
  2.9233
  2.9260
  2.9196
  2.9314
  2.9350
  2.9237
  2.9352
  2.9296
  2.9271
  2.9318
  2.9276
  2.9271
  2.9243
  2.9271
  2.9234
  2.9240
  2.9292
  2.9330
  2.9413
  2.9153
  2.9182
  2.9256
  2.9200
  2.9232
  2.9382
  2.9322
  2.9227
  2.9283
  2.9262
  2.9299
  2.9303
  2.9147
  2.9203
  2.9291
  2.9200
  2.9258
  2.9316
  2.9268
  2.9102
  2.9238
  2.9177
  2.9197
  2.9192
  2.9248
  2.9273
  2.9260
  2.9312
  2.9189
  2.9139
  2.9206
  2.9305
  2.9213
  2.9288
  2.9168
  2.9293
  2.9204
  2.9197
  2.9123
  2.9300
  2.9246
  2.9183
  2.9214
  2.9168
  2.9222
  2.9239
  2.9174
  2.9257
  2.9221
  2.9190
  2.9248
  2.9187
  2.9292
  2.9164
  2.9258
  2.9150
  2.9234
  2.9268
  2.9115
  2.9091
  2.9169
  2.9171
  2.9231
  2.9099
  2.9185
  2.9123
  2.9115
  2.9165
  2.9239
  2.9232
  2.9278
  2.9239
  2.9256
  2.9118
  2.9240
  2.9183
  2.9154
  2.9184
  2.9228
  2.9224
  2.9235
  2.9211
  2.9262
  2.9238
  2.9222
  2.9193
  2.9116
  2.9236
  2.9208
  2.9292
  2.9210
  2.9223
  2.9149
  2.9222
  2.9097
  2.9215
  2.9102
  2.9162
  2.9173
  2.9234
  2.9158
  2.9184
  2.9203
  2.9134
  2.9164
  2.9150
  2.9297
  2.9232
  2.9157
  2.9221
  2.9066
  2.9226
  2.9132
  2.9184
  2.9138
  2.9053
  2.9245
  2.9128
  2.9173
  2.9070
  2.9255
  2.9084
  2.9138
  2.9160
  2.9200
  2.9142
  2.9080
  2.9144
  2.9212
  2.9092
  2.9134
  2.9218
  2.9259
  2.9095
  2.9167
  2.9272
  2.9169
  2.9153
  2.9261
  2.9175
  2.9050
  2.9139
  2.9140
  2.9155
  2.9238
  2.9244
  2.9145
  2.9115
  2.9202
  2.9220
  2.9096
  2.9169
  2.9199
  2.9187
  2.9065
  2.9166
  2.9139
  2.9060
  2.9247
  2.9058
  2.9166
  2.9028
  2.9181
  2.9208
  2.9161
  2.9235
  2.9197
  2.9214
  2.9302
  2.9298
  2.9193
  2.9204
  2.9192
  2.9170
  2.9189
  2.9171
  2.9160
  2.9180
  2.9187
  2.9192
  2.9151
  2.9159
  2.9293
  2.9129
  2.9087
  2.9198
  2.9204
  2.9100
  2.9202
  2.9052
  2.9179
  2.9152
  2.9194
  2.9207
  2.9146
  2.9049
  2.9242
  2.9005
  2.9200
  2.9194
  2.9188
  2.9073
  2.9233
  2.9209
  2.9142
  2.9088
  2.9122
  2.9174
  2.9265
  2.9238
  2.9150
  2.9119
  2.9145
  2.9161
  2.9084
  2.9182
  2.9071
  2.9246
  2.9172
  2.9118
  2.9205
  2.9233
  2.9159
  2.8994
  2.9087
  2.9156
  2.9146
  2.9077
  2.9078
  2.9120
  2.9207
  2.9208
  2.9124
  2.9178
  2.9202
  2.9078
  2.9263
  2.9163
  2.9226
  2.9199
  2.9146
  2.9150
  2.8995
  2.9169
  2.9185
  2.9183
  2.9136
  2.9125
  2.9142
  2.9239
  2.9162
  2.9173
  2.9133
  2.9137
  2.9113
  2.9059
  2.9119
  2.9030
  2.9176
  2.9132
  2.9103
  2.9123
  2.9059
  2.9083
  2.9224
  2.9168
  2.9155
  2.9102
  2.9099
  2.9341
  2.9171
  2.9216
  2.9145
  2.9166
  2.9082
  2.9137
  2.9235
  2.9114
  2.9255
  2.9027
  2.9120
  2.9173
  2.9211
  2.9106
  2.9098
  2.9107
  2.9110
  2.9140
  2.9156
  2.9114
  2.9059
  2.9134
  2.9184
  2.9149
  2.9149
  2.9120
  2.9166
  2.9279
  2.9204
  2.9108
  2.9221
  2.9183
  2.9185
  2.9137
  2.9182
  2.9100
  2.9160
  2.9074
  2.9147
  2.9166
  2.9155
  2.9149
  2.9118
  2.9020
  2.9125
  2.9112
  2.9188
  2.9172
  2.9074
  2.9226
  2.9166
  2.9093
  2.9169
  2.9036
  2.9100
  2.9094
  2.9099
  2.9252
  2.9172
  2.9142
  2.9145
  2.9139
  2.9090
  2.9118
  2.9165
  2.9042
  2.9171
  2.9186
  2.9118
  2.9259
  2.9147
  2.9158
  2.9204
  2.9139
  2.9096
  2.9213
  2.9134
  2.9254
  2.9064
  2.9083
  2.9090
  2.9102
  2.9073
  2.9164
  2.9117
  2.9128
  2.9237
  2.9025
  2.9134
  2.9118
  2.9172
  2.9180
  2.9188
  2.9016
  2.9084
  2.9159
  2.9178
  2.9184
  2.9153
  2.9154
  2.9269
  2.9136
  2.9214
  2.9062
  2.9136
  2.9142
  2.9163
  2.9074
  2.9247
  2.9073
  2.9172
  2.9131
  2.9168
  2.9130
  2.9120
  2.9097
  2.9269
  2.9215
  2.9168
  2.9193
  2.9069
  2.9222
  2.9095
  2.9179
  2.9142
  2.9107
  2.9139
  2.9146
  2.9098
  2.9111
  2.9105
  2.9077
  2.9159
  2.9132
  2.9097
  2.9037
  2.9213
  2.9128
  2.9093
  2.9176
  2.9140
  2.9099
  2.9248
  2.9144
  2.9103
  2.9225
  2.9230
  2.9128
  2.9090
  2.9087
  2.9061
  2.9115
  2.9058
  2.9075
  2.9126
  2.9091
  2.9141
  2.9187
  2.9255
  2.9212
  2.9134
  2.9153
  2.9231
  2.9144
  2.9148
  2.9180
  2.9128
  2.9207
  2.9152
  2.9155
  2.9169
  2.9121
  2.9156
  2.9121
  2.9240
  2.9129
  2.9111
  2.9194
  2.9034
  2.9058
  2.9070
  2.9096
  2.9141
  2.9136
  2.9146
  2.9193
  2.9195
  2.9121
  2.9018
  2.9133
  2.9145
  2.9084
  2.9140
  2.9184
  2.9161
  2.9182
  2.9088
  2.9043
  2.9162
  2.9100
  2.9125
  2.9151
  2.9184
  2.9054
  2.9235
  2.9147
  2.9052
  2.9111
  2.9151
  2.9213
  2.9106
  2.9079
  2.9114
  2.9151
  2.9102
  2.9104
  2.9192
  2.9217
  2.9115
  2.9067
  2.9180
  2.9168
  2.9179
  2.9136
  2.9226
  2.9201
  2.9125
  2.9153
  2.9195
  2.9130
  2.9165
  2.9162
  2.9087
  2.9121
  2.9121
  2.9178
  2.9242
  2.9152
  2.9149
  2.9109
  2.9164
  2.9108
  2.9170
  2.9154
  2.9186
  2.9112
  2.9087
  2.9239
  2.9075
  2.9178
  2.9107
  2.9113
  2.9138
  2.9102
  2.9105
  2.9193
  2.9117
  2.9181
  2.9101
  2.9126
  2.9139
  2.9144
  2.9061
  2.9120
  2.9052
  2.9133
  2.9179
  2.9155
  2.9285
  2.9123
  2.9153
  2.9119
  2.9130
  2.9043
  2.9167
  2.9157
  2.9100
  2.9191
  2.9260
  2.9177
  2.9218
  2.9244
  2.9165
  2.9148
  2.9161
  2.9165
  2.9205
  2.9150
  2.9046
  2.9057
  2.9217
  2.9070
  2.9199
  2.9159
  2.9134
  2.9097
  2.9143
  2.9154
  2.9055
  2.9141
  2.9140
  2.9231
  2.9026
  2.9133
  2.9125
  2.9075
  2.9212
  2.9237
  2.9146
  2.9164
  2.9185
  2.9048
  2.9178
  2.9189
  2.9086
  2.9118
  2.9142
  2.9144
  2.9115
  2.9292
  2.9141
  2.9100
  2.9150
  2.9083
  2.9174
  2.9066
  2.9049
  2.9142
  2.9112
  2.9104
  2.9180
  2.9131
  2.9142
  2.9218
  2.9139
  2.9159
  2.9214
  2.9129
  2.9112
  2.9208
  2.9190
  2.9111
  2.9181
  2.9084
  2.9044
  2.9032
  2.9073
  2.9164
  2.9172
  2.9140
  2.9153
  2.9095
  2.9010
  2.9061
  2.9223
  2.9300
  2.9036
  2.9174
  2.9169
  2.9213
  2.9183
  2.9125
  2.9148
  2.9156
  2.9235
  2.9108
  2.9173
  2.9105
  2.9130
  2.9217
  2.9183
  2.9184
  2.9247
  2.9181
  2.9248
  2.9191
  2.9141
  2.9131
  2.9085
  2.9080
  2.9112
  2.9161
  2.9081
  2.9092
  2.9106
  2.9139
  2.9133
  2.9183
  2.9237
  2.9112
  2.9090
  2.9071
  2.9107
  2.9015
  2.9115
  2.9200
  2.9081
  2.9135
  2.9174
  2.9154
  2.9152
  2.9214
  2.9110
  2.9090
  2.9190
  2.9123
  2.9164
  2.9117
  2.9158
  2.9095
  2.9115
  2.9096
  2.9092
  2.9106
  2.9074
  2.9121
  2.9152
  2.9132
  2.9106
  2.9091
  2.9117
  2.9033
  2.9170
  2.9173
  2.9094
  2.9140
  2.9090
  2.9262
  2.9134
  2.9146
  2.9205
  2.9180
  2.9243
  2.9119
  2.9178
  2.9078
  2.9041
  2.9092
  2.9190
  2.9037
  2.9090
  2.9145
  2.9188
  2.9132
  2.9262
  2.9152
  2.9110
  2.9163
  2.9165
  2.9316
  2.9146
  2.9111
  2.9096
  2.9108
  2.9165
  2.9051
  2.9098
  2.9195
  2.9110
  2.9232
  2.9178
  2.9118
  2.9148
  2.9138
  2.9084
  2.9130
  2.9148
  2.9096
  2.9165
  2.9152
  2.9150
  2.9138
  2.9155
  2.9243
  2.9150
  2.9159
  2.9192
  2.8996
  2.9185
  2.9082
  2.9115
  2.9089
  2.9131
  2.9120
  2.9143
  2.9121
  2.9142
  2.9154
  2.9201
  2.9172
  2.9243
  2.9136
  2.9137
  2.9212
  2.9118
  2.9219
  2.9140
  2.9066
  2.8961
  2.9233
  2.9139
  2.9159
  2.9151
  2.9086
  2.9186
  2.9260
  2.9093
  2.9194
  2.9047
  2.9082
  2.9106
  2.9173
  2.9136
  2.9126
  2.9120
  2.9194
  2.9086
  2.9153
  2.9145
  2.9116
  2.9215
  2.9119
  2.9170
  2.9248
  2.9165
  2.9064
  2.9165
  2.9120
  2.9096
  2.9174
  2.9197
  2.9149
  2.9165
  2.9214
  2.9097
  2.9026
  2.9108
  2.9139
  2.9217
  2.9064
  2.9179
  2.9219
  2.9135
  2.9140
  2.9125
  2.9153
  2.9142
  2.9179
  2.9193
  2.9141
  2.8987
  2.9102
  2.9122
  2.9218
  2.9092
  2.9114
  2.9201
  2.9076
  2.9096
  2.9103
  2.9116
  2.9088
  2.9155
  2.9065
  2.9050
  2.9137
  2.9029
  2.9131
  2.9205
  2.9192
  2.9076
  2.9233
  2.9151
  2.9112
  2.9093
  2.9021
  2.9231
  2.9145
  2.9126
  2.9158
  2.9112
  2.8986
  2.9192
  2.9181
  2.9104
  2.9160
  2.9140
  2.9252
  2.9167
  2.9272
  2.9083
  2.9194
  2.9175
  2.9079
  2.9047
  2.9177
  2.9153
  2.9113
  2.9075
  2.9197
  2.9086
  2.9137
  2.9120
  2.9172
  2.9169
  2.9116
  2.9125
  2.9060
  2.9193
  2.9097
  2.9251
  2.9145
  2.9247
  2.9040
  2.9166
  2.9165
  2.9092
  2.9086
  2.9084
  2.9176
  2.9098
  2.9141
  2.9118
  2.9078
  2.9194
  2.9129
  2.9061
  2.9156
  2.9231
  2.9163
  2.9082
  2.9155
  2.9050
  2.9115
  2.9148
  2.9049
  2.9067
  2.9056
  2.9083
  2.9125
  2.9091
  2.9031
  2.8987
  2.9049
  2.9158
  2.9160
  2.9167
  2.9188
  2.9144
  2.9232
  2.9157
  2.9111
  2.9137
  2.9089
  2.9060
  2.9171
  2.9145
  2.9118
  2.9226
  2.9191
  2.9199
  2.9116
  2.9243
  2.9102
  2.9175
  2.9128
  2.9178
  2.9081
  2.9069
  2.9118
  2.9136
  2.9122
  2.9132
  2.9173
  2.9142
  2.9232
  2.9168
  2.9146
  2.9115
  2.9160
  2.9139
  2.9180
  2.9142
  2.9122
  2.9058
  2.9080
  2.9171
  2.9149
  2.9133
  2.9150
  2.9233
  2.9211
  2.9069
  2.9084
  2.9165
  2.9164
  2.9252
  2.9163
  2.9253
  2.9115
  2.9096
  2.9147
  2.9017
  2.9162
  2.9116
  2.9177
  2.9176
  2.9180
  2.9163
  2.9122
  2.9207
  2.9244
  2.9155
  2.9083
  2.9000
  2.9118
  2.9100
  2.9060
  2.9173
  2.9083
  2.9161
  2.9144
  2.9117
  2.9168
  2.9078
  2.9236
  2.9178
  2.9070
  2.9167
  2.9172
  2.9114
  2.9168
  2.9061
  2.9099
  2.9114
  2.9230
  2.9088
  2.9187
  2.9188
  2.9184
  2.9115
  2.8985
  2.9192
  2.9148
  2.9006
  2.9216
  2.9146
  2.9128
  2.9174
  2.8971
  2.9115
  2.9063
  2.9123
  2.9006
  2.9137
  2.9152
  2.9200
  2.9113
  2.9159
  2.9106
  2.9210
  2.9103
  2.9131
  2.9132
  2.9145
  2.9191
  2.9208
  2.9202
  2.9060
  2.9164
  2.9059
  2.9049
  2.9032
  2.9211
  2.9168
  2.9173
  2.9054
  2.9232
  2.9148
  2.9228
  2.9143
  2.9141
  2.9141
  2.9081
  2.9126
  2.9119
  2.9167
  2.9155
  2.9096
  2.9105
  2.9175
  2.9154
  2.9140
  2.9162
  2.9188
  2.9190
  2.9052
  2.9039
  2.9106
  2.9200
  2.9128
  2.9344
  2.9124
  2.9191
  2.9190
  2.9084
  2.9098
  2.9127
  2.9213
  2.9169
  2.9080
  2.9138
  2.9107
  2.9122
  2.9200
  2.9158
  2.9260
  2.9134
  2.9110
  2.9164
  2.9137
  2.9176
  2.9093
  2.9009
  2.9160
  2.9133
  2.9063
  2.9086
  2.9049
  2.9189
  2.9129
  2.9147
  2.9140
  2.9128
  2.9149
  2.9203
  2.9253
  2.9152
  2.9126
  2.9148
  2.9256
  2.9173
  2.9161
  2.9153
  2.9103
  2.9146
  2.9080
  2.9252
  2.9273
  2.9180
  2.9264
  2.9153
  2.9213
  2.9168
  2.9198
  2.9122
  2.9118
  2.9104
  2.9056
  2.9148
  2.9100
  2.9098
  2.9121
  2.9101
  2.9107
  2.9152
  2.9197
  2.9138
  2.9115
  2.8990
  2.9052
  2.9050
  2.9013
  2.9015
  2.9162
  2.9040
  2.9108
  2.9120
  2.9082
  2.9158
  2.9166
  2.9032
  2.9143
  2.9142
  2.9140
  2.9124
  2.9095
  2.9120
  2.9045
  2.9229
  2.9189
  2.9227
  2.9246
  2.9087
  2.9094
  2.9047
  2.9193
  2.9108
  2.9170
  2.9139
  2.9113
  2.9092
  2.9105
  2.9134
  2.9051
  2.9070
  2.9001
  2.9134
  2.9137
  2.9055
  2.9049
  2.9122
  2.9094
  2.9091
  2.9095
  2.9090
  2.9210
  2.9122
  2.9105
  2.9263
  2.9181
  2.9133
  2.9134
  2.9109
  2.9083
  2.9102
  2.8986
  2.9127
  2.9186
  2.9082
  2.9172
  2.9116
  2.9088
  2.9137
  2.9183
  2.9131
  2.9014
  2.9174
  2.9032
  2.9197
  2.9133
  2.9161
  2.9127
  2.9118
  2.9205
  2.9137
  2.9208
  2.9218
  2.9205
  2.9146
  2.9152
  2.9116
  2.9255
  2.9103
  2.9207
  2.9146
  2.9112
  2.9192
  2.9147
  2.9151
  2.9190
  2.9120
  2.9194
  2.9179
  2.9177
  2.9137
  2.9162
  2.9214
  2.9115
  2.9140
  2.9141
  2.9159
  2.9121
  2.9126
  2.9135
  2.9083
  2.9078
  2.9181
  2.9133
  2.9074
  2.9127
  2.9169
  2.9109
  2.9088
  2.9106
  2.9236
  2.9136
  2.9130
  2.9069
  2.9091
  2.9126
  2.9058
  2.9141
  2.9057
  2.9189
  2.9277
  2.9105
  2.9246
  2.9155
  2.9117
  2.9132
  2.9132
  2.9108
  2.9138
  2.9097
  2.9133
  2.9145
  2.9064
  2.9141
  2.9106
  2.9145
  2.9155
  2.9198
  2.9141
  2.9122
  2.9125
  2.9138
  2.9157
  2.9092
  2.9048
  2.9131
  2.9158
  2.9167
  2.9233
  2.9044
  2.9042
  2.9095
  2.9093
  2.9132
  2.9148
  2.9158
  2.9107
  2.9175
  2.9071
  2.9111
  2.9125
  2.9156
  2.9181
  2.9116
  2.9141
  2.9143
  2.9132
  2.9142
  2.9087
  2.9195
  2.9160
  2.9196
  2.9145
  2.9116
  2.9028
  2.9074
  2.9151
  2.9156
  2.9088
  2.9116
  2.9092
  2.9070
  2.9098
  2.9132
  2.9260
  2.9173
  2.9143
  2.9302
  2.9125
  2.9090
  2.9232
  2.9040
  2.9074
  2.9058
  2.9245
  2.9108
  2.9110
  2.9147
  2.9098
  2.9105
  2.9121
  2.9119
  2.9086
  2.9197
  2.9155
  2.9059
  2.9120
  2.9118
  2.9099
  2.9215
  2.9160
  2.9246
  2.9094
  2.9142
  2.9146
  2.9123
  2.9142
  2.9163
  2.9128
  2.9103
  2.9089
  2.9155
  2.9194
  2.9157
  2.9156
  2.9165
  2.9068
  2.9178
  2.9042
  2.9084
  2.9183
  2.9106
  2.9151
  2.9016
  2.9135
  2.9201
  2.9229
  2.9121
  2.9126
  2.9213
  2.9070
  2.9097
  2.9083
  2.9172
  2.9110
  2.9127
  2.9065
  2.9126
  2.9175
  2.9017
  2.9065
  2.9156
  2.9203
  2.9119
  2.9035
  2.9102
  2.9052
  2.9096
  2.9074
  2.9096
  2.9108
  2.9166
  2.9152
  2.9147
  2.9088
  2.9232
  2.9168
  2.9198
  2.9147
  2.9119
  2.9092
  2.9164
  2.9206
  2.9207
  2.9145
  2.9231
  2.9195
  2.9128
  2.9019
  2.9172
  2.9150
  2.9115
  2.9134
  2.9103
  2.9114
  2.9165
  2.9073
  2.9236
  2.9227
  2.9123
  2.9069
  2.9156
  2.9041
  2.9086
  2.9143
  2.9198
  2.9159
  2.9097
  2.9054
  2.9072
  2.9052
  2.9223
  2.9239
  2.9177
  2.9105
  2.9146
  2.9123
  2.9083
  2.9081
  2.9146
  2.9111
  2.9174
  2.9177
  2.9165
  2.9108
  2.9122
  2.9070
  2.9134
  2.9049
  2.9155
  2.9119
  2.9137
  2.9086
  2.9125
  2.9064
  2.9138
  2.9148
  2.9196
  2.9173
  2.9086
  2.9144
  2.9067
  2.9104
  2.9086
  2.9114
  2.9127
  2.9179
  2.9116
  2.9002
  2.9086
  2.9166
  2.9047
  2.9079
  2.9122
  2.9045
  2.9109
  2.9226
  2.9150
  2.9199
  2.9154
  2.9237
  2.9166
  2.9030
  2.9113
  2.9046
  2.9185
  2.9200
  2.9049
  2.9234
  2.9115
  2.9228
  2.9238
  2.9182
  2.9093
  2.9057
  2.9102
  2.9147
  2.9083
  2.9134
  2.9169
  2.9194
  2.9201
  2.9141
  2.9167
  2.9140
  2.9121
  2.9181
  2.9008
  2.9144
  2.9143
  2.9197
  2.9114
  2.9166
  2.9258
  2.9102
  2.9086
  2.9121
  2.9191
  2.9133
  2.9162
  2.9057
  2.9131
  2.9129
  2.9064
  2.9112
  2.9071
  2.9206
  2.9096
  2.9182
  2.9133
  2.9192
  2.9196
  2.9115
  2.9149
  2.9169
  2.9048
  2.9125
  2.9156
  2.9175
  2.9174
  2.9251
  2.9093
  2.9141
  2.9086
  2.9199
  2.9165
  2.9184
  2.9085
  2.9112
  2.8958
  2.9119
  2.9201
  2.9114
  2.9068
  2.9070
  2.9088
  2.9173
  2.9165
  2.9147
  2.9133
  2.9129
  2.9128
  2.9161
  2.9078
  2.9149
  2.9131
  2.9211
  2.9193
  2.9226
  2.9107
  2.9108
  2.9282
  2.9110
  2.9042
  2.9155
  2.9121
  2.9129
  2.9104
  2.9149
  2.9141
  2.9123
  2.9095
  2.9112
  2.9215
  2.9266
  2.9122
  2.9041
  2.9172
  2.9117
  2.9194
  2.9121
  2.9231
  2.9182
  2.9047
  2.9069
  2.9229
  2.9138
  2.9130
  2.9132
  2.9174
  2.9096
  2.9105
  2.9176
  2.9122
  2.9132
  2.9104
  2.9164
  2.9138
  2.9090
  2.9175
  2.9093
  2.9161
  2.9159
  2.9099
  2.9158
  2.9240
  2.9026
  2.9089
  2.9073
  2.9132
  2.9123
  2.9155
  2.9190
  2.9183
  2.9085
  2.9089
  2.9074
  2.9091
  2.9066
  2.9128
  2.9207
  2.9169
  2.9154
  2.9022
  2.9187
  2.9160
  2.9120
  2.9153
  2.9021
  2.9080
  2.9149
  2.9117
  2.9134
  2.9141
  2.9134
  2.9042
  2.9136
  2.9156
  2.9080
  2.9094
  2.9023
  2.9187
  2.9178
  2.9114
  2.9166
  2.9030
  2.9148
  2.9162
  2.9100
  2.9211
  2.9104
  2.9108
  2.9112
  2.9200
  2.9122
  2.9147
  2.9059
  2.9156
  2.9140
  2.9121
  2.9167
  2.9134
  2.9097
  2.9162
  2.9196
  2.9189
  2.9149
  2.9189
  2.9040
  2.9248
  2.9150
  2.9022
  2.9175
  2.9139
  2.9162
  2.9034
  2.8999
  2.9067
  2.9162
  2.9023
  2.9259
  2.9174
  2.9200
  2.9199
  2.9120
  2.9300
  2.9203
  2.9100
  2.9101
  2.9133
  2.9143
  2.9177
