C1431410.075382
Gadanki 14/03/2014 10:07:23 14/03/2014 10:07:54 0375 0079.2 0013.5 00
0000000 0020 0000600 0020 01
1 0 2 02000 1 0000 0030 00532.o 0 0 00 000 14 000600 0.500 BT0
532.000 .o analog 0 
  2.9936
 21.3479
 18.3618
 10.9509
 12.2516
 13.6852
 17.0815
 27.1684
 37.5236
 40.4728
 38.6312
 35.0388
 31.4742
 27.9638
 24.9160
 22.2727
 19.9685
 18.0439
 16.4656
 15.1341
 13.9274
 12.8839
 11.9265
 11.2124
 10.5522
 10.0024
  9.5910
  9.2584
  8.7706
  8.3160
  7.8252
  7.4530
  7.1232
  6.7376
  6.2526
  5.9965
  5.8101
  5.6446
  5.5145
  5.4044
  5.2633
  5.0958
  4.9608
  4.8811
  4.7630
  4.6583
  4.5790
  4.4787
  4.3542
  4.2954
  4.2779
  4.1861
  4.1107
  4.0579
  4.0543
  4.0520
  4.0194
  3.9249
  3.8722
  3.9074
  3.8707
  3.8291
  3.7314
  3.7102
  3.6945
  3.6700
  3.5925
  3.5816
  3.5586
  3.5527
  3.5137
  3.5069
  3.4808
  3.4613
  3.4177
  3.4194
  3.3934
  3.3858
  3.3943
  3.3765
  3.3692
  3.3935
  3.4059
  3.3472
  3.2805
  3.2721
  3.2723
  3.2625
  3.2593
  3.2591
  3.2557
  3.2308
  3.2317
  3.2337
  3.2095
  3.2047
  3.2040
  3.1996
  3.1866
  3.1980
  3.1870
  3.1708
  3.1654
  3.1625
  3.1728
  3.1623
  3.1528
  3.1501
  3.1451
  3.1506
  3.1405
  3.1407
  3.1378
  3.1181
  3.1317
  3.1337
  3.1294
  3.1305
  3.1276
  3.1234
  3.1222
  3.1067
  3.1131
  3.1011
  3.1021
  3.0936
  3.0998
  3.0891
  3.1042
  3.0929
  3.0889
  3.0885
  3.0898
  3.0861
  3.0872
  3.1008
  3.0853
  3.0849
  3.0692
  3.0789
  3.0762
  3.0796
  3.0761
  3.0783
  3.0647
  3.0788
  3.0745
  3.0714
  3.0702
  3.0637
  3.0744
  3.0659
  3.0610
  3.0555
  3.0729
  3.0656
  3.0657
  3.0671
  3.0650
  3.0538
  3.0516
  3.0570
  3.0604
  3.0599
  3.0571
  3.0550
  3.0482
  3.0430
  3.0514
  3.0515
  3.0497
  3.0465
  3.0477
  3.0466
  3.0466
  3.0392
  3.0596
  3.0477
  3.0462
  3.0481
  3.0397
  3.0356
  3.0319
  3.0437
  3.0405
  3.0355
  3.0415
  3.0457
  3.0341
  3.0368
  3.0276
  3.0267
  3.0349
  3.0439
  3.0269
  3.0267
  3.0325
  3.0310
  3.0318
  3.0350
  3.0325
  3.0332
  3.0247
  3.0278
  3.0191
  3.0234
  3.0416
  3.0286
  3.0337
  3.0249
  3.0239
  3.0347
  3.0202
  3.0254
  3.0336
  3.0374
  3.0255
  3.0156
  3.0290
  3.0275
  3.0219
  3.0051
  3.0292
  3.0237
  3.0192
  3.0294
  3.0217
  3.0184
  3.0098
  3.0185
  3.0283
  3.0203
  3.0355
  3.0252
  3.0281
  3.0179
  3.0109
  3.0148
  3.0206
  3.0171
  3.0211
  3.0192
  3.0219
  3.0180
  3.0222
  3.0239
  3.0216
  3.0142
  3.0222
  3.0107
  3.0107
  3.0213
  3.0181
  3.0179
  3.0097
  3.0196
  3.0162
  3.0153
  3.0136
  3.0257
  3.0210
  3.0116
  3.0138
  3.0116
  3.0182
  3.0125
  3.0044
  3.0097
  3.0154
  3.0152
  3.0108
  3.0101
  3.0117
  3.0032
  3.0042
  3.0179
  3.0232
  3.0118
  3.0081
  3.0206
  3.0125
  3.0069
  3.0023
  3.0083
  3.0127
  3.0095
  3.0105
  3.0199
  3.0122
  3.0039
  3.0144
  3.0145
  3.0132
  3.0127
  3.0040
  3.0121
  3.0145
  3.0151
  3.0099
  3.0129
  3.0028
  2.9996
  3.0022
  3.0070
  2.9988
  3.0088
  3.0037
  3.0173
  3.0048
  3.0136
  3.0207
  3.0073
  3.0030
  3.0162
  3.0208
  3.0003
  3.0094
  3.0058
  3.0128
  3.0086
  3.0014
  3.0067
  3.0110
  3.0105
  3.0129
  3.0049
  3.0102
  3.0119
  3.0020
  3.0105
  3.0096
  3.0086
  3.0029
  3.0135
  3.0057
  3.0209
  2.9969
  2.9956
  2.9992
  3.0129
  3.0060
  3.0128
  2.9932
  3.0075
  3.0022
  3.0017
  3.0100
  3.0074
  3.0038
  3.0055
  3.0098
  2.9947
  3.0113
  3.0087
  3.0089
  3.0091
  3.0015
  3.0104
  3.0052
  3.0017
  2.9991
  3.0107
  3.0022
  2.9987
  3.0118
  3.0072
  3.0015
  2.9992
  3.0058
  2.9994
  3.0033
  3.0075
  3.0003
  2.9979
  2.9889
  3.0051
  3.0023
  3.0105
  2.9959
  3.0025
  2.9934
  3.0011
  3.0080
  3.0093
  2.9976
  2.9951
  3.0078
  3.0119
  2.9997
  3.0111
  2.9934
  2.9991
  3.0078
  3.0046
  3.0112
  3.0059
  3.0038
  3.0059
  3.0102
  2.9959
  3.0071
  2.9973
  3.0067
  2.9971
  3.0064
  3.0112
  3.0081
  3.0042
  3.0052
  2.9962
  2.9899
  2.9967
  3.0030
  3.0126
  3.0005
  3.0050
  3.0146
  2.9954
  3.0138
  3.0019
  3.0014
  3.0061
  2.9984
  3.0036
  2.9939
  3.0055
  3.0024
  2.9930
  3.0061
  2.9986
  3.0016
  2.9986
  2.9937
  3.0074
  2.9966
  3.0065
  3.0060
  3.0148
  3.0051
  2.9978
  3.0114
  3.0046
  2.9983
  3.0038
  3.0051
  3.0039
  3.0068
  3.0041
  3.0002
  2.9984
  2.9955
  2.9991
  3.0053
  3.0044
  3.0066
  2.9910
  3.0026
  2.9955
  2.9980
  3.0055
  3.0026
  3.0084
  3.0106
  2.9914
  3.0096
  3.0039
  3.0080
  3.0112
  3.0012
  2.9992
  3.0023
  3.0076
  3.0099
  2.9943
  2.9977
  2.9904
  2.9997
  2.9990
  2.9969
  3.0022
  3.0127
  2.9977
  2.9974
  2.9942
  2.9915
  3.0099
  3.0040
  3.0063
  2.9973
  3.0096
  2.9971
  2.9966
  2.9916
  2.9977
  2.9904
  3.0002
  2.9921
  2.9885
  2.9964
  2.9951
  2.9945
  2.9965
  2.9952
  2.9916
  3.0021
  2.9928
  3.0090
  3.0028
  3.0031
  3.0062
  2.9962
  2.9993
  2.9952
  2.9974
  3.0054
  2.9993
  3.0121
  3.0002
  3.0068
  2.9988
  2.9992
  2.9944
  3.0036
  3.0074
  3.0000
  3.0032
  3.0081
  3.0019
  3.0078
  3.0014
  3.0118
  2.9976
  3.0036
  2.9989
  2.9992
  3.0037
  3.0081
  3.0010
  2.9946
  3.0125
  2.9978
  2.9999
  3.0013
  2.9917
  3.0030
  3.0034
  3.0094
  3.0067
  3.0010
  2.9994
  2.9937
  3.0109
  3.0123
  2.9964
  2.9944
  3.0088
  3.0009
  3.0037
  3.0062
  3.0126
  3.0020
  3.0002
  3.0050
  2.9977
  3.0089
  2.9991
  2.9985
  3.0023
  2.9990
  3.0042
  2.9965
  2.9946
  2.9979
  2.9977
  3.0047
  3.0034
  2.9941
  2.9978
  2.9983
  3.0049
  3.0034
  3.0056
  2.9891
  3.0048
  3.0057
  3.0072
  3.0040
  3.0109
  3.0034
  2.9946
  3.0017
  3.0022
  3.0049
  3.0065
  3.0095
  2.9974
  2.9995
  2.9914
  3.0015
  2.9909
  2.9985
  3.0015
  2.9964
  3.0020
  2.9999
  3.0124
  3.0005
  2.9930
  2.9961
  3.0039
  3.0077
  3.0144
  3.0075
  3.0011
  2.9991
  2.9969
  3.0034
  3.0006
  2.9972
  3.0057
  2.9962
  3.0033
  3.0003
  3.0030
  2.9971
  2.9939
  3.0016
  3.0037
  2.9939
  3.0076
  3.0054
  2.9960
  2.9967
  2.9944
  2.9948
  3.0041
  3.0039
  2.9965
  2.9963
  2.9869
  2.9971
  2.9990
  2.9991
  2.9917
  3.0006
  3.0107
  2.9960
  3.0096
  2.9946
  2.9977
  3.0050
  3.0025
  3.0037
  2.9998
  2.9999
  3.0087
  2.9991
  3.0030
  3.0065
  2.9958
  3.0019
  3.0012
  2.9897
  2.9889
  2.9899
  2.9956
  3.0075
  3.0021
  3.0011
  2.9979
  3.0086
  3.0042
  2.9924
  2.9993
  3.0098
  2.9933
  2.9986
  3.0104
  3.0103
  2.9906
  2.9974
  3.0009
  3.0126
  2.9930
  3.0003
  2.9962
  2.9950
  2.9916
  3.0003
  3.0072
  2.9951
  2.9990
  2.9946
  3.0084
  3.0001
  2.9998
  3.0009
  2.9967
  3.0036
  3.0053
  2.9962
  2.9960
  3.0039
  2.9928
  3.0024
  3.0003
  2.9936
  3.0097
  2.9928
  2.9924
  2.9961
  2.9951
  3.0008
  2.9955
  3.0081
  3.0045
  3.0057
  2.9940
  2.9972
  3.0043
  3.0069
  2.9959
  3.0029
  2.9992
  3.0117
  2.9953
  3.0007
  2.9970
  2.9938
  3.0040
  3.0064
  2.9982
  2.9968
  3.0060
  3.0021
  2.9866
  2.9962
  2.9942
  3.0054
  2.9916
  2.9952
  3.0067
  2.9947
  2.9957
  2.9908
  2.9853
  2.9957
  3.0037
  3.0008
  3.0087
  2.9989
  3.0054
  3.0024
  3.0042
  2.9889
  2.9973
  3.0039
  3.0003
  2.9920
  2.9978
  2.9952
  2.9951
  3.0015
  3.0030
  2.9858
  2.9958
  2.9969
  3.0029
  3.0147
  2.9935
  2.9995
  2.9964
  2.9982
  3.0167
  3.0050
  3.0011
  2.9921
  2.9859
  2.9950
  3.0000
  3.0095
  2.9957
  3.0100
  3.0062
  2.9957
  3.0021
  3.0065
  2.9969
  2.9995
  2.9978
  2.9994
  3.0077
  3.0027
  3.0138
  3.0004
  2.9954
  3.0023
  3.0009
  2.9999
  3.0044
  2.9988
  3.0023
  2.9982
  2.9992
  2.9984
  2.9955
  2.9967
  2.9991
  2.9949
  2.9984
  3.0035
  2.9995
  2.9973
  2.9959
  2.9943
  2.9987
  2.9987
  3.0041
  2.9985
  2.9936
  2.9972
  3.0043
  3.0034
  3.0016
  2.9960
  2.9913
  2.9981
  3.0039
  2.9978
  2.9800
  3.0020
  3.0023
  2.9986
  3.0001
  3.0048
  2.9986
  3.0072
  2.9906
  3.0064
  2.9994
  2.9973
  2.9997
  3.0004
  3.0025
  3.0056
  2.9889
  3.0042
  3.0093
  3.0065
  2.9993
  2.9994
  2.9983
  2.9989
  3.0089
  3.0067
  2.9992
  2.9983
  2.9979
  2.9992
  3.0043
  2.9883
  2.9951
  3.0073
  2.9978
  3.0005
  2.9991
  2.9983
  2.9991
  2.9907
  2.9927
  3.0012
  2.9961
  3.0007
  2.9918
  2.9999
  2.9996
  2.9941
  2.9895
  2.9974
  2.9995
  2.9941
  3.0000
  2.9866
  2.9927
  3.0030
  2.9985
  2.9931
  3.0046
  2.9947
  3.0025
  3.0036
  2.9975
  3.0037
  3.0110
  3.0001
  2.9861
  2.9972
  3.0040
  2.9962
  3.0018
  2.9992
  2.9941
  2.9949
  2.9946
  3.0010
  3.0016
  3.0053
  2.9939
  3.0003
  3.0123
  3.0077
  2.9944
  3.0097
  2.9975
  2.9967
  2.9998
  2.9968
  3.0023
  2.9962
  2.9881
  2.9918
  2.9824
  2.9915
  3.0017
  2.9946
  2.9923
  3.0036
  3.0048
  2.9955
  2.9916
  2.9928
  3.0075
  3.0145
  2.9998
  3.0009
  2.9936
  2.9963
  2.9927
  2.9881
  2.9914
  3.0058
  3.0015
  2.9888
  3.0049
  3.0019
  3.0095
  2.9946
  2.9966
  3.0019
  3.0049
  3.0043
  3.0010
  3.0084
  3.0028
  3.0077
  3.0048
  3.0168
  3.0104
  2.9892
  2.9923
  3.0113
  3.0044
  2.9918
  3.0015
  2.9955
  3.0033
  3.0049
  2.9930
  3.0059
  3.0005
  2.9911
  2.9943
  2.9984
  3.0034
  2.9888
  3.0011
  3.0050
  3.0020
  3.0039
  2.9961
  3.0056
  2.9928
  2.9998
  2.9842
  3.0010
  3.0047
  3.0029
  2.9947
  2.9974
  2.9993
  2.9964
  2.9997
  3.0063
  2.9953
  2.9961
  2.9981
  3.0055
  2.9926
  2.9970
  3.0035
  2.9980
  2.9913
  3.0079
  3.0014
  3.0015
  2.9954
  2.9831
  2.9998
  2.9840
  2.9976
  2.9943
  2.9980
  3.0009
  2.9940
  2.9959
  3.0033
  3.0065
  3.0058
  2.9949
  2.9949
  2.9972
  3.0150
  3.0061
  3.0004
  2.9989
  3.0010
  3.0069
  2.9987
  2.9951
  3.0026
  3.0019
  3.0022
  2.9999
  2.9989
  3.0060
  3.0045
  3.0089
  2.9991
  2.9970
  2.9950
  2.9974
  3.0061
  2.9936
  2.9987
  3.0000
  3.0167
  2.9966
  3.0014
  2.9969
  2.9975
  2.9914
  2.9990
  3.0100
  2.9936
  2.9935
  3.0088
  2.9988
  3.0021
  2.9972
  2.9959
  3.0078
  2.9944
  3.0018
  3.0003
  2.9965
  2.9943
  3.0108
  3.0015
  3.0021
  2.9987
  2.9965
  3.0056
  3.0045
  2.9941
  2.9903
  2.9984
  2.9963
  3.0037
  3.0033
  3.0060
  3.0083
  2.9975
  2.9927
  2.9901
  2.9881
  2.9939
  3.0016
  3.0019
  2.9887
  3.0043
  3.0020
  3.0039
  3.0110
  2.9978
  2.9960
  3.0015
  2.9860
  3.0047
  3.0036
  3.0019
  2.9969
  3.0098
  3.0022
  3.0036
  2.9957
  3.0046
  2.9996
  3.0007
  2.9962
  2.9961
  3.0187
  3.0067
  2.9989
  2.9916
  2.9909
  3.0009
  3.0008
  3.0006
  2.9980
  3.0059
  3.0075
  3.0019
  3.0082
  2.9951
  2.9977
  3.0009
  2.9979
  3.0081
  3.0047
  2.9871
  2.9876
  3.0035
  2.9964
  2.9955
  3.0035
  3.0078
  3.0050
  2.9947
  2.9931
  3.0034
  2.9954
  2.9961
  3.0028
  2.9978
  3.0009
  3.0019
  2.9951
  2.9997
  3.0029
  3.0063
  3.0014
  2.9948
  3.0014
  3.0091
  2.9990
  2.9954
  2.9971
  2.9976
  2.9967
  3.0027
  2.9909
  3.0020
  3.0077
  3.0061
  2.9975
  3.0024
  3.0003
  2.9934
  3.0021
  2.9901
  2.9961
  2.9961
  2.9983
  3.0015
  2.9893
  2.9988
  2.9996
  2.9935
  2.9950
  2.9948
  3.0014
  3.0065
  2.9952
  3.0011
  3.0017
  3.0060
  3.0038
  3.0069
  2.9964
  3.0025
  2.9945
  2.9949
  3.0009
  2.9937
  2.9939
  2.9988
  2.9968
  3.0010
  2.9970
  3.0010
  2.9988
  3.0121
  2.9943
  3.0092
  2.9952
  3.0005
  2.9946
  3.0011
  3.0082
  3.0079
  3.0033
  3.0104
  2.9925
  2.9958
  3.0058
  3.0107
  2.9944
  3.0109
  2.9965
  3.0050
  2.9966
  3.0077
  3.0030
  2.9954
  3.0031
  2.9947
  2.9908
  3.0036
  2.9924
  2.9983
  2.9994
  3.0024
  2.9967
  2.9975
  3.0049
  2.9943
  2.9916
  3.0001
  2.9939
  3.0045
  2.9976
  2.9965
  2.9968
  2.9944
  2.9941
  2.9956
  3.0080
  2.9990
  2.9999
  3.0027
  2.9877
  3.0089
  3.0010
  3.0057
  3.0008
  3.0043
  2.9969
  2.9920
  3.0101
  2.9995
  3.0032
  2.9975
  2.9983
  3.0031
  3.0025
  3.0041
  3.0032
  3.0042
  2.9933
  2.9895
  2.9927
  3.0025
  2.9988
  3.0093
  3.0066
  2.9989
  3.0036
  3.0124
  2.9998
  2.9978
  3.0030
  2.9949
  3.0104
  2.9932
  3.0011
  3.0008
  3.0030
  3.0042
  2.9949
  2.9967
  3.0074
  2.9950
  3.0035
  3.0039
  3.0107
  3.0050
  2.9963
  2.9943
  2.9977
  2.9906
  3.0005
  3.0127
  2.9971
  2.9976
  3.0042
  3.0060
  2.9940
  3.0060
  2.9887
  2.9978
  2.9978
  2.9929
  2.9966
  3.0026
  3.0040
  2.9946
  3.0077
  2.9943
  2.9974
  2.9996
  3.0102
  2.9857
  2.9958
  2.9990
  2.9999
  3.0054
  3.0035
  2.9986
  2.9918
  3.0010
  2.9961
  2.9977
  3.0112
  3.0054
  2.9938
  2.9946
  2.9952
  2.9876
  3.0038
  2.9963
  3.0012
  3.0009
  2.9989
  2.9927
  3.0071
  3.0091
  2.9910
  2.9942
  3.0108
  3.0138
  2.9951
  2.9967
  2.9926
  3.0040
  2.9970
  2.9999
  2.9995
  3.0029
  2.9994
  2.9964
  3.0005
  2.9955
  3.0053
  3.0048
  3.0033
  3.0142
  2.9930
  3.0125
  3.0052
  3.0027
  2.9984
  2.9959
  2.9981
  3.0013
  2.9881
  2.9971
  3.0000
  2.9884
  2.9956
  2.9974
  2.9939
  3.0100
  3.0027
  2.9990
  2.9934
  3.0026
  3.0079
  2.9912
  2.9874
  2.9944
  2.9996
  2.9968
  3.0108
  3.0048
  3.0016
  3.0033
  2.9990
  2.9931
  3.0030
  2.9958
  3.0003
  2.9992
  2.9955
  3.0079
  3.0031
  2.9909
  3.0145
  2.9978
  2.9972
  3.0033
  3.0031
  3.0031
  2.9967
  3.0101
  2.9889
  2.9943
  3.0028
  3.0037
  3.0000
  3.0018
  3.0025
  3.0063
  2.9952
  2.9975
  2.9941
  3.0007
  3.0096
  2.9939
  2.9990
  3.0031
  2.9931
  3.0004
  2.9920
  2.9918
  3.0076
  3.0080
  3.0033
  2.9893
  2.9924
  3.0031
  2.9996
  2.9913
  2.9968
  2.9998
  2.9997
  2.9997
  3.0035
  2.9926
  3.0079
  3.0016
  2.9888
  2.9978
  2.9977
  3.0004
  3.0098
  2.9962
  3.0087
  3.0014
  2.9975
  3.0133
  3.0039
  3.0033
  2.9994
  2.9915
  2.9963
  2.9997
  3.0004
  2.9921
  3.0115
  3.0049
  2.9934
  3.0002
  2.9914
  3.0003
  2.9974
  2.9934
  3.0021
  2.9865
  2.9992
  3.0021
  3.0075
  3.0079
  2.9931
  2.9842
  3.0013
  2.9934
  3.0023
  3.0027
  2.9984
  2.9940
  3.0097
  2.9969
  3.0062
  2.9989
  2.9941
  2.9988
  2.9988
  2.9913
  3.0107
  2.9870
  2.9955
  2.9922
  2.9973
  3.0050
  2.9991
  3.0019
  2.9955
  3.0108
  2.9981
  2.9987
  2.9965
  3.0114
  3.0038
  3.0033
  2.9896
  3.0051
  3.0049
  2.9878
  3.0060
  2.9960
  2.9937
  2.9914
  2.9967
  2.9961
  3.0090
  3.0028
  2.9978
  3.0140
  3.0128
  3.0013
  2.9939
  2.9947
  3.0116
  2.9916
  2.9989
  3.0016
  3.0006
  2.9985
  2.9893
  2.9922
  3.0010
  2.9949
  3.0042
  3.0008
  2.9906
  3.0016
  2.9939
  3.0043
  2.9925
  2.9944
  2.9998
  3.0032
  2.9966
  3.0048
  2.9976
  2.9910
  3.0107
  3.0088
  3.0016
  2.9955
  2.9952
  3.0010
  2.9950
  2.9934
  2.9966
  3.0015
  3.0102
  2.9973
  2.9820
  2.9989
  2.9984
  3.0078
  2.9975
  2.9903
  2.9970
  2.9966
  3.0013
  2.9959
  2.9957
  3.0058
  3.0072
  2.9988
  3.0008
  2.9988
  3.0095
  3.0117
  2.9939
  2.9949
  2.9969
  3.0070
  3.0055
  3.0027
  2.9965
  2.9879
  2.9955
  2.9987
  3.0061
  2.9900
  2.9936
  2.9887
  2.9933
  2.9966
  2.9855
  3.0043
  3.0103
  3.0127
  3.0020
  2.9995
  2.9946
  2.9972
  2.9862
  3.0037
  3.0007
  3.0031
  3.0019
  3.0129
  2.9957
  2.9994
  3.0051
  2.9898
  2.9933
  3.0014
  2.9963
  3.0060
  3.0005
  3.0078
  2.9981
  3.0082
  3.0011
  2.9983
  2.9990
  3.0067
  2.9927
  2.9957
  2.9916
  2.9908
  2.9914
  2.9909
  2.9938
  2.9965
  2.9908
  2.9994
  2.9989
  2.9967
  3.0019
  2.9974
  3.0063
  2.9955
  2.9909
  2.9987
  2.9947
  3.0100
  3.0048
  2.9977
  2.9947
  2.9963
  3.0072
  3.0065
  3.0038
  2.9839
  3.0010
  3.0054
  3.0021
  3.0063
  2.9993
  2.9932
  2.9967
  3.0061
  2.9968
  3.0059
  3.0015
  3.0004
  3.0013
  2.9988
  2.9937
  3.0037
  3.0137
  3.0004
  2.9982
  3.0027
  2.9922
  3.0026
  3.0006
  3.0014
  3.0032
  3.0156
  3.0039
  3.0018
  2.9903
  2.9955
  2.9956
  2.9957
  2.9868
  2.9926
  3.0032
  3.0127
  2.9963
  3.0136
  2.9947
  2.9980
  2.9990
  2.9868
  2.9964
  3.0080
  2.9983
  3.0015
  3.0017
  2.9921
  2.9994
  2.9848
  3.0064
  3.0037
  2.9948
  2.9888
  3.0063
  2.9994
  2.9939
  2.9973
  2.9975
  3.0006
  3.0036
  2.9952
  2.9939
  3.0026
  2.9932
  3.0006
  2.9908
  2.9955
  2.9903
  2.9978
  3.0081
  3.0054
  3.0031
  3.0052
  3.0006
  2.9908
  2.9986
  2.9956
  2.9918
  2.9967
  2.9980
  3.0000
  2.9882
  2.9922
  3.0026
  2.9958
  2.9917
  2.9995
  3.0044
  3.0035
  2.9911
  2.9858
  3.0004
  3.0015
  2.9945
  2.9993
  3.0135
  3.0033
  2.9968
  2.9993
  2.9913
  2.9979
  2.9952
  2.9964
  3.0014
  2.9986
  2.9877
  2.9971
  2.9977
  2.9957
  3.0046
  2.9980
  2.9941
  3.0124
  3.0065
  3.0040
  2.9961
  3.0008
  2.9916
  2.9985
  2.9954
  2.9985
  3.0053
  3.0139
  3.0079
  2.9969
  2.9976
  2.9873
  3.0126
  2.9950
  2.9903
  3.0034
  2.9988
  3.0000
  2.9961
  3.0023
  2.9903
  2.9932
  2.9988
  2.9851
  2.9964
  2.9904
  2.9947
  3.0017
  3.0075
  2.9979
  2.9954
  3.0101
  2.9946
  3.0143
  3.0010
  2.9923
  3.0038
  2.9990
  3.0091
  3.0011
  3.0053
  3.0092
  2.9943
  2.9970
  2.9905
  3.0054
  2.9998
  2.9915
  2.9867
  3.0018
  2.9933
  2.9984
  2.9999
  2.9967
  2.9981
  2.9947
  3.0073
  2.9946
  2.9951
  2.9880
  3.0145
  2.9918
  2.9822
  2.9965
  2.9929
  2.9940
  2.9963
  3.0016
  2.9922
  2.9990
  2.9980
  2.9904
  2.9964
  3.0108
  2.9902
  2.9990
  2.9919
  2.9967
  2.9919
  3.0061
  3.0054
  3.0044
  3.0058
  3.0024
  3.0122
  2.9873
  2.9936
  2.9922
  2.9948
  2.9955
  2.9943
  3.0014
  2.9992
  2.9958
  3.0003
  3.0017
  3.0035
  2.9973
  2.9972
  3.0021
  3.0040
  3.0058
  3.0054
  3.0007
  3.0054
  2.9979
  2.9981
  2.9955
  3.0037
  3.0033
  2.9884
  3.0076
  3.0014
  2.9957
  3.0051
  3.0057
  2.9982
  2.9909
  3.0119
  2.9974
  3.0058
  3.0029
  3.0043
  3.0099
  3.0039
  3.0087
  3.0057
  2.9955
  3.0124
  3.0041
  3.0003
  2.9946
  3.0044
  2.9961
  3.0122
  2.9954
  2.9936
  3.0012
  2.9927
  2.9926
  3.0037
  2.9969
  2.9972
  2.9900
  2.9976
  3.0002
  3.0000
  3.0027
  3.0130
  3.0061
  3.0070
  2.9979
  3.0003
  2.9938
  3.0033
  2.9949
  3.0052
  2.9972
  3.0066
  3.0031
  3.0051
  2.9953
  2.9944
  2.9957
  2.9839
  2.9930
  2.9983
  2.9875
  2.9920
  3.0116
  3.0026
  2.9955
  2.9965
  2.9958
  3.0028
  2.9955
  2.9895
  3.0063
  3.0038
  3.0047
  3.0093
  2.9957
  2.9967
  3.0052
  3.0061
  2.9899
  2.9959
  2.9915
  2.9986
  2.9976
  3.0039
  3.0025
  3.0086
  2.9968
  2.9985
  3.0070
  3.0066
  2.9966
  2.9994
  2.9907
  2.9904
  2.9904
  2.9899
  2.9929
  2.9959
  3.0022
  2.9982
  3.0013
  3.0028
  2.9950
  3.0020
  3.0037
  2.9932
  2.9901
  3.0042
  3.0023
  3.0067
  3.0053
  2.9980
  2.9997
  2.9945
  3.0013
  2.9928
  2.9868
