C1431410.170291
Gadanki 14/03/2014 10:16:32 14/03/2014 10:17:03 0375 0079.2 0013.5 00
0000000 0020 0000600 0020 01
1 0 2 02000 1 0000 0030 00532.o 0 0 00 000 14 000600 0.500 BT0
532.000 .o analog 0 
  3.1437
 21.5526
 18.5310
 11.2576
 12.5015
 13.8328
 16.9004
 26.8676
 37.3112
 40.3564
 39.0544
 35.8318
 32.0900
 28.6149
 25.5480
 23.0646
 20.6876
 18.7095
 17.0337
 15.6301
 14.3669
 13.3154
 12.3782
 11.5561
 10.7950
 10.2378
  9.7230
  9.2687
  8.9447
  8.6913
  8.2892
  7.9383
  7.6121
  7.2764
  6.9621
  6.7075
  6.4140
  5.9664
  5.6551
  5.4077
  5.2986
  5.1606
  5.0418
  4.9291
  4.8359
  4.7339
  4.6368
  4.5300
  4.4774
  4.4402
  4.3581
  4.2670
  4.1720
  4.1787
  4.1814
  4.1788
  4.1016
  4.0205
  4.0286
  4.0320
  4.0178
  3.9083
  3.8452
  3.8286
  3.8393
  3.7926
  3.7158
  3.7094
  3.6880
  3.6971
  3.6649
  3.6423
  3.6125
  3.5757
  3.5805
  3.5431
  3.5426
  3.5252
  3.5186
  3.4891
  3.5054
  3.5085
  3.5284
  3.5150
  3.4609
  3.4077
  3.4096
  3.3978
  3.4029
  3.3816
  3.3762
  3.3714
  3.3742
  3.3583
  3.3575
  3.3497
  3.3424
  3.3339
  3.3389
  3.3197
  3.3223
  3.3107
  3.3070
  3.3140
  3.2943
  3.2994
  3.2863
  3.2877
  3.2734
  3.2865
  3.2837
  3.2741
  3.2703
  3.2778
  3.2679
  3.2640
  3.2588
  3.2590
  3.2628
  3.2591
  3.2600
  3.2475
  3.2541
  3.2421
  3.2476
  3.2349
  3.2344
  3.2359
  3.2265
  3.2264
  3.2277
  3.2214
  3.2215
  3.2237
  3.2320
  3.2195
  3.2216
  3.2229
  3.2145
  3.2216
  3.2102
  3.2111
  3.2162
  3.2114
  3.2211
  3.2103
  3.2166
  3.1990
  3.2076
  3.1958
  3.1956
  3.2093
  3.2028
  3.1973
  3.2006
  3.2083
  3.1893
  3.1995
  3.2021
  3.1867
  3.1845
  3.1996
  3.1995
  3.1970
  3.1873
  3.1857
  3.1839
  3.1856
  3.1913
  3.1830
  3.1918
  3.1785
  3.1843
  3.1857
  3.1788
  3.1917
  3.1783
  3.1824
  3.1881
  3.1794
  3.1780
  3.1651
  3.1777
  3.1699
  3.1786
  3.1782
  3.1729
  3.1829
  3.1738
  3.1807
  3.1787
  3.1716
  3.1736
  3.1773
  3.1793
  3.1703
  3.1623
  3.1666
  3.1624
  3.1731
  3.1653
  3.1594
  3.1583
  3.1703
  3.1539
  3.1678
  3.1686
  3.1684
  3.1700
  3.1663
  3.1699
  3.1699
  3.1551
  3.1603
  3.1621
  3.1640
  3.1566
  3.1727
  3.1575
  3.1677
  3.1714
  3.1736
  3.1523
  3.1605
  3.1692
  3.1638
  3.1596
  3.1596
  3.1525
  3.1688
  3.1569
  3.1491
  3.1505
  3.1475
  3.1588
  3.1647
  3.1575
  3.1567
  3.1506
  3.1681
  3.1577
  3.1627
  3.1488
  3.1441
  3.1645
  3.1693
  3.1609
  3.1518
  3.1536
  3.1457
  3.1371
  3.1527
  3.1604
  3.1475
  3.1678
  3.1648
  3.1650
  3.1440
  3.1461
  3.1462
  3.1621
  3.1472
  3.1555
  3.1673
  3.1569
  3.1618
  3.1532
  3.1510
  3.1367
  3.1488
  3.1530
  3.1388
  3.1371
  3.1522
  3.1510
  3.1578
  3.1501
  3.1576
  3.1594
  3.1522
  3.1556
  3.1514
  3.1507
  3.1535
  3.1628
  3.1492
  3.1566
  3.1518
  3.1437
  3.1502
  3.1443
  3.1496
  3.1475
  3.1535
  3.1436
  3.1478
  3.1488
  3.1440
  3.1477
  3.1488
  3.1567
  3.1532
  3.1554
  3.1523
  3.1415
  3.1358
  3.1547
  3.1423
  3.1396
  3.1418
  3.1335
  3.1533
  3.1411
  3.1447
  3.1427
  3.1509
  3.1546
  3.1537
  3.1504
  3.1469
  3.1608
  3.1406
  3.1462
  3.1518
  3.1417
  3.1372
  3.1387
  3.1457
  3.1552
  3.1605
  3.1432
  3.1401
  3.1485
  3.1475
  3.1466
  3.1531
  3.1510
  3.1358
  3.1445
  3.1253
  3.1435
  3.1410
  3.1438
  3.1448
  3.1448
  3.1474
  3.1442
  3.1509
  3.1572
  3.1409
  3.1448
  3.1379
  3.1456
  3.1573
  3.1449
  3.1439
  3.1442
  3.1531
  3.1488
  3.1578
  3.1445
  3.1395
  3.1487
  3.1562
  3.1433
  3.1429
  3.1464
  3.1389
  3.1422
  3.1473
  3.1426
  3.1475
  3.1348
  3.1380
  3.1457
  3.1557
  3.1443
  3.1482
  3.1437
  3.1395
  3.1526
  3.1485
  3.1602
  3.1433
  3.1373
  3.1471
  3.1358
  3.1347
  3.1510
  3.1467
  3.1415
  3.1409
  3.1400
  3.1481
  3.1461
  3.1479
  3.1364
  3.1422
  3.1423
  3.1486
  3.1339
  3.1473
  3.1383
  3.1431
  3.1593
  3.1445
  3.1389
  3.1497
  3.1429
  3.1394
  3.1362
  3.1446
  3.1458
  3.1410
  3.1514
  3.1276
  3.1511
  3.1351
  3.1270
  3.1246
  3.1428
  3.1383
  3.1441
  3.1473
  3.1361
  3.1474
  3.1385
  3.1432
  3.1532
  3.1454
  3.1419
  3.1467
  3.1405
  3.1372
  3.1415
  3.1430
  3.1336
  3.1471
  3.1571
  3.1461
  3.1439
  3.1461
  3.1410
  3.1415
  3.1358
  3.1423
  3.1403
  3.1453
  3.1340
  3.1342
  3.1339
  3.1448
  3.1494
  3.1478
  3.1489
  3.1417
  3.1261
  3.1372
  3.1494
  3.1446
  3.1363
  3.1430
  3.1470
  3.1451
  3.1473
  3.1340
  3.1477
  3.1326
  3.1354
  3.1435
  3.1436
  3.1365
  3.1406
  3.1288
  3.1478
  3.1491
  3.1409
  3.1396
  3.1322
  3.1435
  3.1388
  3.1412
  3.1410
  3.1396
  3.1431
  3.1442
  3.1353
  3.1432
  3.1356
  3.1265
  3.1252
  3.1362
  3.1372
  3.1419
  3.1463
  3.1398
  3.1389
  3.1424
  3.1455
  3.1438
  3.1543
  3.1501
  3.1459
  3.1365
  3.1487
  3.1331
  3.1359
  3.1445
  3.1328
  3.1402
  3.1549
  3.1439
  3.1310
  3.1463
  3.1333
  3.1312
  3.1281
  3.1384
  3.1430
  3.1324
  3.1432
  3.1374
  3.1416
  3.1473
  3.1351
  3.1380
  3.1343
  3.1380
  3.1464
  3.1393
  3.1474
  3.1464
  3.1483
  3.1444
  3.1482
  3.1478
  3.1435
  3.1440
  3.1318
  3.1385
  3.1450
  3.1382
  3.1401
  3.1613
  3.1353
  3.1415
  3.1346
  3.1386
  3.1435
  3.1306
  3.1484
  3.1437
  3.1418
  3.1454
  3.1430
  3.1386
  3.1295
  3.1263
  3.1369
  3.1401
  3.1352
  3.1436
  3.1449
  3.1424
  3.1336
  3.1329
  3.1400
  3.1462
  3.1363
  3.1454
  3.1510
  3.1547
  3.1423
  3.1383
  3.1369
  3.1471
  3.1437
  3.1495
  3.1477
  3.1520
  3.1441
  3.1413
  3.1422
  3.1349
  3.1296
  3.1364
  3.1467
  3.1392
  3.1326
  3.1403
  3.1394
  3.1388
  3.1444
  3.1356
  3.1451
  3.1429
  3.1354
  3.1249
  3.1401
  3.1374
  3.1372
  3.1284
  3.1373
  3.1258
  3.1406
  3.1406
  3.1463
  3.1330
  3.1357
  3.1419
  3.1410
  3.1569
  3.1326
  3.1395
  3.1416
  3.1384
  3.1426
  3.1380
  3.1480
  3.1293
  3.1433
  3.1165
  3.1384
  3.1347
  3.1457
  3.1420
  3.1322
  3.1434
  3.1407
  3.1450
  3.1494
  3.1511
  3.1434
  3.1355
  3.1559
  3.1419
  3.1312
  3.1426
  3.1434
  3.1433
  3.1271
  3.1345
  3.1400
  3.1367
  3.1433
  3.1227
  3.1353
  3.1463
  3.1464
  3.1401
  3.1321
  3.1412
  3.1418
  3.1352
  3.1363
  3.1421
  3.1419
  3.1295
  3.1334
  3.1368
  3.1364
  3.1405
  3.1331
  3.1526
  3.1559
  3.1459
  3.1443
  3.1306
  3.1448
  3.1452
  3.1537
  3.1462
  3.1354
  3.1403
  3.1313
  3.1406
  3.1382
  3.1425
  3.1317
  3.1350
  3.1459
  3.1296
  3.1381
  3.1478
  3.1373
  3.1398
  3.1403
  3.1448
  3.1458
  3.1383
  3.1222
  3.1315
  3.1429
  3.1478
  3.1531
  3.1340
  3.1296
  3.1449
  3.1529
  3.1440
  3.1422
  3.1385
  3.1226
  3.1416
  3.1453
  3.1300
  3.1440
  3.1415
  3.1427
  3.1409
  3.1489
  3.1288
  3.1417
  3.1387
  3.1411
  3.1389
  3.1318
  3.1378
  3.1357
  3.1522
  3.1396
  3.1362
  3.1453
  3.1334
  3.1342
  3.1339
  3.1360
  3.1317
  3.1319
  3.1303
  3.1441
  3.1413
  3.1316
  3.1235
  3.1440
  3.1378
  3.1462
  3.1405
  3.1289
  3.1390
  3.1411
  3.1306
  3.1427
  3.1341
  3.1358
  3.1588
  3.1490
  3.1461
  3.1542
  3.1311
  3.1431
  3.1405
  3.1348
  3.1398
  3.1503
  3.1414
  3.1472
  3.1356
  3.1368
  3.1346
  3.1267
  3.1421
  3.1226
  3.1247
  3.1383
  3.1491
  3.1400
  3.1448
  3.1400
  3.1361
  3.1248
  3.1561
  3.1362
  3.1362
  3.1351
  3.1392
  3.1320
  3.1402
  3.1292
  3.1263
  3.1315
  3.1400
  3.1454
  3.1331
  3.1255
  3.1332
  3.1467
  3.1339
  3.1398
  3.1397
  3.1302
  3.1419
  3.1367
  3.1419
  3.1416
  3.1357
  3.1427
  3.1430
  3.1362
  3.1368
  3.1410
  3.1415
  3.1382
  3.1389
  3.1444
  3.1489
  3.1355
  3.1307
  3.1392
  3.1495
  3.1442
  3.1441
  3.1333
  3.1336
  3.1321
  3.1451
  3.1398
  3.1353
  3.1409
  3.1348
  3.1533
  3.1399
  3.1463
  3.1437
  3.1418
  3.1380
  3.1311
  3.1427
  3.1335
  3.1423
  3.1532
  3.1378
  3.1437
  3.1328
  3.1441
  3.1352
  3.1370
  3.1328
  3.1439
  3.1376
  3.1333
  3.1261
  3.1408
  3.1401
  3.1440
  3.1430
  3.1531
  3.1431
  3.1332
  3.1329
  3.1423
  3.1386
  3.1419
  3.1471
  3.1303
  3.1409
  3.1370
  3.1403
  3.1361
  3.1314
  3.1376
  3.1461
  3.1340
  3.1339
  3.1398
  3.1391
  3.1468
  3.1325
  3.1301
  3.1435
  3.1358
  3.1388
  3.1265
  3.1348
  3.1367
  3.1399
  3.1308
  3.1334
  3.1311
  3.1442
  3.1332
  3.1352
  3.1327
  3.1414
  3.1251
  3.1336
  3.1308
  3.1307
  3.1224
  3.1393
  3.1573
  3.1370
  3.1375
  3.1259
  3.1330
  3.1445
  3.1436
  3.1478
  3.1464
  3.1323
  3.1383
  3.1335
  3.1496
  3.1481
  3.1401
  3.1319
  3.1532
  3.1462
  3.1356
  3.1360
  3.1383
  3.1311
  3.1381
  3.1363
  3.1366
  3.1378
  3.1392
  3.1314
  3.1325
  3.1359
  3.1359
  3.1387
  3.1378
  3.1451
  3.1425
  3.1502
  3.1453
  3.1364
  3.1533
  3.1363
  3.1408
  3.1366
  3.1332
  3.1329
  3.1338
  3.1435
  3.1376
  3.1379
  3.1371
  3.1515
  3.1408
  3.1428
  3.1388
  3.1370
  3.1328
  3.1355
  3.1345
  3.1439
  3.1320
  3.1402
  3.1355
  3.1351
  3.1405
  3.1396
  3.1428
  3.1415
  3.1430
  3.1494
  3.1425
  3.1443
  3.1343
  3.1321
  3.1393
  3.1394
  3.1250
  3.1300
  3.1455
  3.1384
  3.1393
  3.1381
  3.1312
  3.1369
  3.1356
  3.1409
  3.1244
  3.1371
  3.1330
  3.1373
  3.1332
  3.1414
  3.1289
  3.1375
  3.1387
  3.1421
  3.1313
  3.1300
  3.1357
  3.1454
  3.1303
  3.1307
  3.1425
  3.1366
  3.1280
  3.1340
  3.1396
  3.1346
  3.1442
  3.1476
  3.1426
  3.1373
  3.1330
  3.1497
  3.1362
  3.1477
  3.1297
  3.1348
  3.1394
  3.1314
  3.1333
  3.1407
  3.1345
  3.1427
  3.1364
  3.1466
  3.1429
  3.1440
  3.1438
  3.1364
  3.1339
  3.1337
  3.1422
  3.1371
  3.1273
  3.1483
  3.1389
  3.1399
  3.1419
  3.1391
  3.1475
  3.1419
  3.1373
  3.1351
  3.1539
  3.1501
  3.1356
  3.1322
  3.1399
  3.1425
  3.1353
  3.1413
  3.1405
  3.1352
  3.1375
  3.1465
  3.1342
  3.1364
  3.1235
  3.1294
  3.1472
  3.1208
  3.1373
  3.1343
  3.1182
  3.1340
  3.1449
  3.1331
  3.1391
  3.1229
  3.1436
  3.1324
  3.1318
  3.1441
  3.1451
  3.1375
  3.1446
  3.1252
  3.1424
  3.1400
  3.1409
  3.1454
  3.1378
  3.1335
  3.1393
  3.1387
  3.1315
  3.1436
  3.1407
  3.1331
  3.1347
  3.1480
  3.1430
  3.1430
  3.1513
  3.1318
  3.1392
  3.1453
  3.1427
  3.1305
  3.1469
  3.1388
  3.1403
  3.1294
  3.1337
  3.1335
  3.1356
  3.1329
  3.1405
  3.1317
  3.1369
  3.1340
  3.1330
  3.1344
  3.1293
  3.1526
  3.1410
  3.1325
  3.1390
  3.1379
  3.1362
  3.1358
  3.1430
  3.1421
  3.1329
  3.1488
  3.1407
  3.1415
  3.1340
  3.1487
  3.1422
  3.1342
  3.1421
  3.1420
  3.1353
  3.1257
  3.1355
  3.1426
  3.1542
  3.1423
  3.1351
  3.1318
  3.1372
  3.1486
  3.1384
  3.1327
  3.1419
  3.1251
  3.1374
  3.1371
  3.1334
  3.1308
  3.1355
  3.1374
  3.1323
  3.1504
  3.1414
  3.1399
  3.1403
  3.1380
  3.1481
  3.1378
  3.1325
  3.1335
  3.1369
  3.1410
  3.1373
  3.1612
  3.1490
  3.1351
  3.1230
  3.1445
  3.1273
  3.1396
  3.1378
  3.1336
  3.1403
  3.1472
  3.1270
  3.1442
  3.1273
  3.1381
  3.1383
  3.1251
  3.1371
  3.1381
  3.1420
  3.1386
  3.1229
  3.1450
  3.1491
  3.1400
  3.1355
  3.1289
  3.1418
  3.1427
  3.1402
  3.1342
  3.1463
  3.1509
  3.1354
  3.1410
  3.1256
  3.1476
  3.1439
  3.1431
  3.1362
  3.1346
  3.1301
  3.1421
  3.1474
  3.1314
  3.1437
  3.1288
  3.1373
  3.1367
  3.1467
  3.1328
  3.1370
  3.1482
  3.1418
  3.1406
  3.1455
  3.1378
  3.1271
  3.1532
  3.1378
  3.1287
  3.1290
  3.1352
  3.1327
  3.1198
  3.1423
  3.1439
  3.1424
  3.1449
  3.1341
  3.1345
  3.1359
  3.1400
  3.1493
  3.1516
  3.1376
  3.1275
  3.1522
  3.1343
  3.1293
  3.1358
  3.1407
  3.1452
  3.1451
  3.1356
  3.1411
  3.1334
  3.1573
  3.1496
  3.1444
  3.1499
  3.1352
  3.1346
  3.1298
  3.1495
  3.1286
  3.1353
  3.1421
  3.1526
  3.1378
  3.1510
  3.1350
  3.1454
  3.1423
  3.1499
  3.1437
  3.1379
  3.1390
  3.1340
  3.1421
  3.1300
  3.1386
  3.1308
  3.1431
  3.1445
  3.1381
  3.1389
  3.1406
  3.1478
  3.1358
  3.1391
  3.1335
  3.1403
  3.1410
  3.1342
  3.1296
  3.1386
  3.1418
  3.1392
  3.1355
  3.1353
  3.1374
  3.1333
  3.1289
  3.1297
  3.1292
  3.1161
  3.1351
  3.1389
  3.1392
  3.1464
  3.1417
  3.1378
  3.1398
  3.1398
  3.1473
  3.1379
  3.1241
  3.1283
  3.1443
  3.1316
  3.1280
  3.1289
  3.1421
  3.1262
  3.1364
  3.1387
  3.1410
  3.1421
  3.1420
  3.1448
  3.1362
  3.1484
  3.1395
  3.1268
  3.1330
  3.1413
  3.1251
  3.1347
  3.1364
  3.1414
  3.1376
  3.1390
  3.1311
  3.1365
  3.1246
  3.1306
  3.1314
  3.1381
  3.1285
  3.1293
  3.1382
  3.1423
  3.1410
  3.1274
  3.1384
  3.1446
  3.1560
  3.1332
  3.1417
  3.1350
  3.1225
  3.1355
  3.1548
  3.1395
  3.1440
  3.1332
  3.1323
  3.1341
  3.1476
  3.1394
  3.1346
  3.1435
  3.1341
  3.1494
  3.1412
  3.1348
  3.1310
  3.1438
  3.1404
  3.1325
  3.1406
  3.1469
  3.1441
  3.1408
  3.1448
  3.1383
  3.1394
  3.1400
  3.1403
  3.1399
  3.1337
  3.1436
  3.1473
  3.1380
  3.1293
  3.1364
  3.1462
  3.1279
  3.1439
  3.1517
  3.1421
  3.1496
  3.1431
  3.1349
  3.1392
  3.1360
  3.1429
  3.1335
  3.1421
  3.1355
  3.1335
  3.1434
  3.1249
  3.1324
  3.1350
  3.1395
  3.1489
  3.1399
  3.1352
  3.1379
  3.1372
  3.1420
  3.1508
  3.1344
  3.1369
  3.1498
  3.1392
  3.1365
  3.1336
  3.1358
  3.1492
  3.1375
  3.1402
  3.1385
  3.1335
  3.1420
  3.1334
  3.1491
  3.1382
  3.1446
  3.1464
  3.1388
  3.1397
  3.1532
  3.1481
  3.1218
  3.1408
  3.1300
  3.1286
  3.1407
  3.1325
  3.1404
  3.1304
  3.1382
  3.1410
  3.1265
  3.1431
  3.1414
  3.1374
  3.1332
  3.1316
  3.1494
  3.1422
  3.1305
  3.1466
  3.1403
  3.1355
  3.1294
  3.1421
  3.1507
  3.1387
  3.1473
  3.1387
  3.1315
  3.1460
  3.1366
  3.1354
  3.1252
  3.1362
  3.1360
  3.1533
  3.1392
  3.1430
  3.1386
  3.1342
  3.1407
  3.1408
  3.1336
  3.1421
  3.1469
  3.1460
  3.1499
  3.1380
  3.1476
  3.1395
  3.1296
  3.1521
  3.1295
  3.1451
  3.1438
  3.1454
  3.1310
  3.1418
  3.1508
  3.1408
  3.1400
  3.1292
  3.1414
  3.1334
  3.1316
  3.1404
  3.1367
  3.1394
  3.1337
  3.1457
  3.1367
  3.1336
  3.1343
  3.1349
  3.1456
  3.1507
  3.1347
  3.1428
  3.1331
  3.1365
  3.1373
  3.1290
  3.1239
  3.1351
  3.1366
  3.1466
  3.1382
  3.1449
  3.1375
  3.1349
  3.1347
  3.1233
  3.1324
  3.1360
  3.1357
  3.1418
  3.1465
  3.1388
  3.1382
  3.1141
  3.1398
  3.1380
  3.1345
  3.1399
  3.1417
  3.1377
  3.1403
  3.1297
  3.1473
  3.1423
  3.1413
  3.1358
  3.1429
  3.1365
  3.1394
  3.1438
  3.1281
  3.1454
  3.1461
  3.1385
  3.1491
  3.1359
  3.1369
  3.1459
  3.1431
  3.1376
  3.1267
  3.1409
  3.1390
  3.1409
  3.1359
  3.1323
  3.1434
  3.1407
  3.1349
  3.1391
  3.1502
  3.1433
  3.1406
  3.1340
  3.1214
  3.1385
  3.1308
  3.1358
  3.1408
  3.1345
  3.1357
  3.1418
  3.1377
  3.1423
  3.1369
  3.1334
  3.1375
  3.1413
  3.1303
  3.1351
  3.1221
  3.1356
  3.1313
  3.1507
  3.1393
  3.1396
  3.1327
  3.1415
  3.1334
  3.1302
  3.1383
  3.1379
  3.1399
  3.1362
  3.1497
  3.1414
  3.1395
  3.1424
  3.1306
  3.1381
  3.1406
  3.1394
  3.1293
  3.1399
  3.1288
  3.1380
  3.1404
  3.1485
  3.1388
  3.1425
  3.1384
  3.1446
  3.1459
  3.1410
  3.1331
  3.1458
  3.1395
  3.1366
  3.1362
  3.1344
  3.1252
  3.1360
  3.1478
  3.1363
  3.1347
  3.1285
  3.1302
  3.1355
  3.1327
  3.1495
  3.1443
  3.1361
  3.1404
  3.1317
  3.1402
  3.1344
  3.1430
  3.1396
  3.1447
  3.1360
  3.1319
  3.1470
  3.1449
  3.1372
  3.1422
  3.1439
  3.1291
  3.1341
  3.1315
  3.1339
  3.1311
  3.1425
  3.1429
  3.1361
  3.1238
  3.1385
  3.1338
  3.1410
  3.1310
  3.1448
  3.1367
  3.1406
  3.1472
  3.1325
  3.1367
  3.1456
  3.1268
  3.1405
  3.1238
  3.1409
  3.1461
  3.1365
  3.1305
  3.1257
  3.1324
  3.1339
  3.1377
  3.1332
  3.1365
  3.1416
  3.1534
  3.1387
  3.1297
  3.1365
  3.1321
  3.1373
  3.1319
  3.1353
  3.1335
  3.1346
  3.1382
  3.1404
  3.1365
  3.1470
  3.1402
  3.1453
  3.1429
  3.1350
  3.1404
  3.1429
  3.1459
  3.1370
  3.1343
  3.1455
  3.1296
  3.1350
  3.1436
  3.1316
  3.1343
  3.1386
  3.1388
  3.1397
  3.1314
  3.1386
  3.1406
  3.1362
  3.1298
  3.1508
  3.1425
  3.1344
  3.1405
  3.1336
  3.1333
  3.1490
  3.1472
  3.1399
  3.1366
  3.1444
  3.1447
  3.1315
  3.1314
  3.1319
  3.1465
  3.1472
  3.1371
  3.1343
  3.1350
  3.1496
  3.1371
  3.1361
  3.1355
  3.1269
  3.1368
  3.1298
  3.1449
  3.1472
  3.1405
  3.1348
  3.1345
  3.1423
  3.1420
  3.1367
  3.1306
  3.1374
  3.1431
  3.1466
  3.1287
  3.1409
  3.1458
  3.1458
  3.1388
  3.1490
  3.1387
  3.1396
  3.1410
  3.1341
  3.1341
  3.1492
  3.1321
  3.1429
  3.1405
  3.1347
  3.1363
  3.1452
  3.1358
  3.1418
  3.1411
  3.1384
  3.1312
  3.1471
  3.1471
  3.1493
  3.1417
  3.1320
  3.1417
  3.1325
  3.1406
  3.1390
  3.1450
  3.1342
  3.1326
  3.1487
  3.1323
  3.1354
  3.1247
  3.1326
  3.1412
  3.1387
  3.1423
  3.1442
  3.1491
  3.1333
  3.1322
  3.1388
  3.1375
  3.1232
  3.1490
  3.1418
  3.1411
  3.1375
  3.1355
  3.1329
  3.1523
  3.1343
  3.1214
  3.1390
  3.1520
  3.1245
  3.1444
  3.1378
  3.1321
  3.1330
  3.1401
  3.1392
  3.1340
  3.1426
  3.1400
  3.1274
  3.1445
  3.1500
  3.1366
  3.1444
  3.1358
  3.1385
  3.1351
  3.1431
  3.1470
  3.1382
  3.1417
  3.1372
  3.1462
  3.1340
  3.1459
  3.1299
  3.1447
  3.1312
  3.1358
  3.1327
  3.1383
  3.1374
  3.1373
  3.1339
  3.1442
  3.1319
  3.1445
  3.1463
  3.1386
  3.1394
  3.1493
  3.1293
  3.1398
  3.1420
  3.1240
  3.1426
  3.1360
  3.1499
  3.1334
  3.1314
  3.1432
  3.1438
  3.1414
  3.1360
  3.1330
  3.1448
  3.1353
  3.1312
  3.1423
  3.1376
  3.1374
  3.1386
  3.1402
  3.1331
  3.1421
  3.1437
  3.1321
  3.1455
  3.1483
  3.1389
  3.1385
  3.1315
  3.1341
  3.1266
  3.1510
  3.1420
  3.1394
  3.1354
  3.1386
  3.1481
  3.1336
  3.1364
  3.1431
  3.1479
  3.1414
  3.1352
  3.1377
  3.1281
  3.1371
  3.1396
  3.1366
  3.1306
  3.1429
  3.1417
  3.1395
  3.1419
  3.1385
  3.1337
  3.1478
  3.1276
  3.1408
  3.1443
  3.1212
  3.1379
  3.1314
  3.1354
  3.1317
  3.1399
  3.1319
  3.1398
  3.1364
  3.1475
  3.1379
  3.1362
  3.1220
  3.1394
  3.1459
  3.1288
  3.1324
  3.1306
  3.1336
  3.1369
  3.1428
  3.1248
  3.1278
  3.1408
  3.1393
  3.1357
  3.1368
  3.1443
  3.1301
  3.1434
  3.1364
  3.1396
  3.1436
  3.1336
  3.1369
  3.1379
  3.1230
  3.1355
  3.1478
  3.1377
  3.1411
  3.1361
  3.1456
  3.1433
  3.1300
  3.1348
  3.1321
  3.1328
  3.1443
  3.1440
  3.1339
  3.1369
  3.1491
  3.1394
  3.1305
  3.1261
  3.1323
  3.1394
  3.1394
  3.1490
  3.1380
  3.1309
  3.1374
  3.1370
  3.1348
  3.1332
  3.1289
  3.1342
  3.1209
  3.1394
  3.1538
  3.1300
  3.1167
