C1431410.143038
Gadanki 14/03/2014 10:14:00 14/03/2014 10:14:30 0375 0079.2 0013.5 00
0000000 0020 0000600 0020 01
1 0 2 02000 1 0000 0030 00532.o 0 0 00 000 14 000600 0.500 BT0
532.000 .o analog 0 
  3.0828
 21.1913
 18.8639
 11.1928
 12.4496
 13.6694
 16.4435
 25.6586
 36.0025
 39.2125
 37.8180
 34.9871
 31.4645
 28.1147
 24.8885
 22.0915
 19.9024
 17.9785
 16.7735
 15.7147
 14.5720
 13.3945
 12.7053
 12.0896
 11.3892
 10.7043
 10.0154
  9.4330
  8.8867
  8.4147
  8.0442
  7.6501
  7.2597
  6.9351
  6.6193
  6.3718
  6.1585
  5.8996
  5.7021
  5.4843
  5.3071
  5.1339
  5.0094
  4.9020
  4.8200
  4.6996
  4.6081
  4.5173
  4.4354
  4.3635
  4.3154
  4.2587
  4.1665
  4.1265
  4.0759
  4.1098
  4.0973
  3.9958
  3.9700
  4.0016
  3.9807
  3.9134
  3.8282
  3.7736
  3.7781
  3.7544
  3.6957
  3.6727
  3.6397
  3.6305
  3.6163
  3.5931
  3.5831
  3.5401
  3.5285
  3.5103
  3.4960
  3.4672
  3.4719
  3.4559
  3.4717
  3.4985
  3.4664
  3.4002
  3.3778
  3.3581
  3.3509
  3.3593
  3.3556
  3.3379
  3.3365
  3.3202
  3.3193
  3.3049
  3.3043
  3.2967
  3.2968
  3.2931
  3.2859
  3.2743
  3.2766
  3.2725
  3.2630
  3.2673
  3.2517
  3.2468
  3.2460
  3.2452
  3.2387
  3.2389
  3.2430
  3.2318
  3.2352
  3.2345
  3.2339
  3.2243
  3.2189
  3.2081
  3.2157
  3.2155
  3.1888
  3.2077
  3.2068
  3.1925
  3.2019
  3.2064
  3.1905
  3.1917
  3.1717
  3.1990
  3.1982
  3.1920
  3.1757
  3.1831
  3.1782
  3.1777
  3.1864
  3.1749
  3.1827
  3.1744
  3.1712
  3.1709
  3.1725
  3.1743
  3.1548
  3.1528
  3.1701
  3.1799
  3.1442
  3.1494
  3.1611
  3.1669
  3.1406
  3.1578
  3.1485
  3.1516
  3.1561
  3.1581
  3.1598
  3.1451
  3.1485
  3.1396
  3.1541
  3.1569
  3.1478
  3.1304
  3.1484
  3.1411
  3.1341
  3.1330
  3.1407
  3.1352
  3.1346
  3.1437
  3.1366
  3.1409
  3.1252
  3.1388
  3.1378
  3.1344
  3.1500
  3.1465
  3.1210
  3.1367
  3.1419
  3.1190
  3.1284
  3.1304
  3.1345
  3.1325
  3.1324
  3.1158
  3.1190
  3.1348
  3.1302
  3.1420
  3.1345
  3.1253
  3.1295
  3.1147
  3.1289
  3.1183
  3.1275
  3.1218
  3.1233
  3.1154
  3.1267
  3.1271
  3.1213
  3.1230
  3.1195
  3.1209
  3.1216
  3.1280
  3.1175
  3.1117
  3.1201
  3.1213
  3.1096
  3.1119
  3.1187
  3.1198
  3.1253
  3.1229
  3.1155
  3.1101
  3.1091
  3.1156
  3.1140
  3.1122
  3.1197
  3.1154
  3.1164
  3.1097
  3.1009
  3.1098
  3.1116
  3.1174
  3.1188
  3.1199
  3.1139
  3.1200
  3.1201
  3.1154
  3.1117
  3.1199
  3.1180
  3.1097
  3.1135
  3.0987
  3.1066
  3.1050
  3.1177
  3.1133
  3.1228
  3.1156
  3.1124
  3.1141
  3.1027
  3.1080
  3.1107
  3.1151
  3.1106
  3.1081
  3.1151
  3.1145
  3.0982
  3.1133
  3.1091
  3.1023
  3.1005
  3.1116
  3.1039
  3.1125
  3.0970
  3.1041
  3.1065
  3.1032
  3.1045
  3.1160
  3.1048
  3.1110
  3.0987
  3.1117
  3.1152
  3.1081
  3.0971
  3.1009
  3.1050
  3.1034
  3.1034
  3.1033
  3.1048
  3.1037
  3.0947
  3.0939
  3.1026
  3.1118
  3.1108
  3.0993
  3.1026
  3.1143
  3.1042
  3.1040
  3.1149
  3.1034
  3.0994
  3.1028
  3.0992
  3.1022
  3.1046
  3.1084
  3.1026
  3.1119
  3.0979
  3.1049
  3.0968
  3.1034
  3.1097
  3.1004
  3.1071
  3.0983
  3.1090
  3.1020
  3.1005
  3.0998
  3.1047
  3.0989
  3.1029
  3.1015
  3.0982
  3.1020
  3.0886
  3.1041
  3.1057
  3.1025
  3.1008
  3.0982
  3.0971
  3.0950
  3.0994
  3.0876
  3.1033
  3.0947
  3.0971
  3.1033
  3.1149
  3.1049
  3.0951
  3.0984
  3.1053
  3.0955
  3.0967
  3.1000
  3.0885
  3.0990
  3.0961
  3.0943
  3.1026
  3.1003
  3.0960
  3.1130
  3.1007
  3.0997
  3.0901
  3.1043
  3.0990
  3.0883
  3.1041
  3.1035
  3.1035
  3.0984
  3.1022
  3.1077
  3.0992
  3.1015
  3.1042
  3.0966
  3.0895
  3.0989
  3.1028
  3.1119
  3.1052
  3.1017
  3.1053
  3.1115
  3.1000
  3.0985
  3.1011
  3.1015
  3.1107
  3.1078
  3.1051
  3.1043
  3.0962
  3.1016
  3.0962
  3.0998
  3.0972
  3.0984
  3.0971
  3.0953
  3.0993
  3.1014
  3.0956
  3.0930
  3.0868
  3.0901
  3.0979
  3.0970
  3.1003
  3.0961
  3.1064
  3.1064
  3.0890
  3.0990
  3.0955
  3.0953
  3.0937
  3.0989
  3.0981
  3.0911
  3.0928
  3.0999
  3.0921
  3.1010
  3.0943
  3.0993
  3.0933
  3.0896
  3.0990
  3.1015
  3.0885
  3.0854
  3.0853
  3.0922
  3.0970
  3.0967
  3.1016
  3.0943
  3.1015
  3.1058
  3.0904
  3.0934
  3.0939
  3.0974
  3.0925
  3.0986
  3.0945
  3.0931
  3.1026
  3.0922
  3.0845
  3.1018
  3.0976
  3.1075
  3.1043
  3.0913
  3.1055
  3.1099
  3.1036
  3.0845
  3.0927
  3.0921
  3.1010
  3.0809
  3.0931
  3.1135
  3.0975
  3.0992
  3.0946
  3.0929
  3.0964
  3.1052
  3.1011
  3.0994
  3.1025
  3.0957
  3.1039
  3.0868
  3.1044
  3.1071
  3.0927
  3.0973
  3.0910
  3.1106
  3.0938
  3.0931
  3.0984
  3.1029
  3.0931
  3.1026
  3.1127
  3.0921
  3.0828
  3.1000
  3.0998
  3.0894
  3.0976
  3.0926
  3.0921
  3.1007
  3.1008
  3.0924
  3.0929
  3.1024
  3.0947
  3.0860
  3.0905
  3.0907
  3.0936
  3.0892
  3.0880
  3.0918
  3.0881
  3.1058
  3.1019
  3.0901
  3.1005
  3.1022
  3.0939
  3.0927
  3.0891
  3.1003
  3.1046
  3.1008
  3.0971
  3.1001
  3.0935
  3.0948
  3.1004
  3.0934
  3.0987
  3.0986
  3.1069
  3.1003
  3.0949
  3.1073
  3.0987
  3.0967
  3.0944
  3.1089
  3.0945
  3.1036
  3.0972
  3.0974
  3.0907
  3.0982
  3.1065
  3.0956
  3.1043
  3.0973
  3.0966
  3.0975
  3.1006
  3.1086
  3.0975
  3.0898
  3.1062
  3.0944
  3.0974
  3.1041
  3.0883
  3.0902
  3.0918
  3.0937
  3.1051
  3.0970
  3.1003
  3.0940
  3.1016
  3.0917
  3.0843
  3.0903
  3.0996
  3.0869
  3.1015
  3.0918
  3.1068
  3.0980
  3.0995
  3.0884
  3.0932
  3.0938
  3.0899
  3.1081
  3.0889
  3.0968
  3.1039
  3.0993
  3.1020
  3.0997
  3.1032
  3.1035
  3.1030
  3.0944
  3.0890
  3.1011
  3.0917
  3.0953
  3.0945
  3.0916
  3.1057
  3.1013
  3.0984
  3.1014
  3.0982
  3.0880
  3.0948
  3.0945
  3.1032
  3.0898
  3.1074
  3.0936
  3.0839
  3.1003
  3.0893
  3.1023
  3.0973
  3.0919
  3.0813
  3.0975
  3.0974
  3.0956
  3.0882
  3.0966
  3.0988
  3.0919
  3.0919
  3.1000
  3.0801
  3.0957
  3.0922
  3.0851
  3.1034
  3.0910
  3.0799
  3.0914
  3.0980
  3.0938
  3.0917
  3.0951
  3.0991
  3.0831
  3.0945
  3.0964
  3.0871
  3.0850
  3.0922
  3.1021
  3.1081
  3.0945
  3.0942
  3.0942
  3.0948
  3.0974
  3.1054
  3.1015
  3.0865
  3.0967
  3.0947
  3.0872
  3.0995
  3.0925
  3.0969
  3.1062
  3.0902
  3.0781
  3.0818
  3.0979
  3.1002
  3.0974
  3.1051
  3.0920
  3.1064
  3.1001
  3.0903
  3.0870
  3.0859
  3.0938
  3.0987
  3.0915
  3.0873
  3.0959
  3.1028
  3.0922
  3.0858
  3.0937
  3.1004
  3.1006
  3.0930
  3.0936
  3.0876
  3.1031
  3.0901
  3.1025
  3.1002
  3.0861
  3.0909
  3.0944
  3.0891
  3.0992
  3.0943
  3.0913
  3.0976
  3.0932
  3.0834
  3.0962
  3.0904
  3.0944
  3.0951
  3.0819
  3.0982
  3.1007
  3.0996
  3.0885
  3.0879
  3.0925
  3.0942
  3.1034
  3.0924
  3.0935
  3.0988
  3.0967
  3.0920
  3.1000
  3.0997
  3.0879
  3.0865
  3.1007
  3.1014
  3.0893
  3.0933
  3.0945
  3.0994
  3.1001
  3.0911
  3.1015
  3.0926
  3.0970
  3.0968
  3.0922
  3.1053
  3.0918
  3.0991
  3.0955
  3.0960
  3.0976
  3.0902
  3.0911
  3.0854
  3.0956
  3.1023
  3.0992
  3.0885
  3.1011
  3.0832
  3.0896
  3.0904
  3.1085
  3.0941
  3.1016
  3.1008
  3.0933
  3.1047
  3.0949
  3.0803
  3.1068
  3.0938
  3.0967
  3.1013
  3.0956
  3.0953
  3.0964
  3.0919
  3.1012
  3.1001
  3.0897
  3.0910
  3.0985
  3.0959
  3.0977
  3.0919
  3.0892
  3.0994
  3.0921
  3.0949
  3.0883
  3.0863
  3.0904
  3.0931
  3.0942
  3.0979
  3.1003
  3.0956
  3.1063
  3.0889
  3.0897
  3.0889
  3.0753
  3.0972
  3.0949
  3.1032
  3.0949
  3.0935
  3.0904
  3.0885
  3.0945
  3.0969
  3.1038
  3.1013
  3.0975
  3.0976
  3.0925
  3.1001
  3.0881
  3.0904
  3.1032
  3.0996
  3.0951
  3.0958
  3.0933
  3.1013
  3.0993
  3.0968
  3.0928
  3.0951
  3.0868
  3.0971
  3.1032
  3.0882
  3.0946
  3.0883
  3.0928
  3.1016
  3.0996
  3.0936
  3.0962
  3.1040
  3.0909
  3.0960
  3.0896
  3.0951
  3.0913
  3.0889
  3.0968
  3.0976
  3.0882
  3.1004
  3.1008
  3.0965
  3.0932
  3.0952
  3.1047
  3.1007
  3.0949
  3.0937
  3.0998
  3.0945
  3.0990
  3.1002
  3.0925
  3.1028
  3.0953
  3.1090
  3.0933
  3.0939
  3.0914
  3.0996
  3.0977
  3.0947
  3.0984
  3.0954
  3.1018
  3.1022
  3.0924
  3.0939
  3.1086
  3.0889
  3.0968
  3.0790
  3.0921
  3.0986
  3.0924
  3.0919
  3.0960
  3.0885
  3.0893
  3.0987
  3.0949
  3.0918
  3.0922
  3.0979
  3.0923
  3.0902
  3.0909
  3.0908
  3.0995
  3.0857
  3.0920
  3.0923
  3.0959
  3.1058
  3.0860
  3.0961
  3.0978
  3.0914
  3.1063
  3.1042
  3.0940
  3.0914
  3.0927
  3.0916
  3.0899
  3.0867
  3.0886
  3.0979
  3.0796
  3.0978
  3.0981
  3.0967
  3.0870
  3.0929
  3.0976
  3.0905
  3.0943
  3.0942
  3.1043
  3.0887
  3.0941
  3.0977
  3.0936
  3.0917
  3.0944
  3.0829
  3.1077
  3.0938
  3.0923
  3.0893
  3.0893
  3.0924
  3.1006
  3.0924
  3.0980
  3.0943
  3.0919
  3.0932
  3.0966
  3.0870
  3.0871
  3.0971
  3.0892
  3.0901
  3.0944
  3.0957
  3.0893
  3.0950
  3.1041
  3.0973
  3.1077
  3.0991
  3.0935
  3.0910
  3.0886
  3.0984
  3.0939
  3.0945
  3.1000
  3.0881
  3.0805
  3.0862
  3.0829
  3.0925
  3.1032
  3.0939
  3.0934
  3.0846
  3.0970
  3.0992
  3.0906
  3.0886
  3.0866
  3.1049
  3.0965
  3.0900
  3.0945
  3.0998
  3.1073
  3.1007
  3.0995
  3.1008
  3.0900
  3.0825
  3.0940
  3.0975
  3.0982
  3.0871
  3.0878
  3.1015
  3.0967
  3.0958
  3.0903
  3.0935
  3.1153
  3.0893
  3.0972
  3.0949
  3.0903
  3.1026
  3.0923
  3.0930
  3.0956
  3.0943
  3.0978
  3.0970
  3.1017
  3.0996
  3.0829
  3.1020
  3.0966
  3.1024
  3.0899
  3.0893
  3.0973
  3.0933
  3.0882
  3.0925
  3.0891
  3.0913
  3.0961
  3.0881
  3.0966
  3.0905
  3.0915
  3.1038
  3.1037
  3.0867
  3.0898
  3.0906
  3.0906
  3.0928
  3.1082
  3.0895
  3.1006
  3.0858
  3.0968
  3.0971
  3.0948
  3.0974
  3.0980
  3.0979
  3.0928
  3.0940
  3.1010
  3.0992
  3.1087
  3.1001
  3.0827
  3.0962
  3.0990
  3.0898
  3.0983
  3.1002
  3.0944
  3.0924
  3.0888
  3.0911
  3.1042
  3.0931
  3.0981
  3.0873
  3.0972
  3.0981
  3.0924
  3.0919
  3.0987
  3.0959
  3.0928
  3.0878
  3.0925
  3.0913
  3.0982
  3.0962
  3.0946
  3.0980
  3.0970
  3.0997
  3.0908
  3.0982
  3.0913
  3.1019
  3.0969
  3.0976
  3.0852
  3.0865
  3.0873
  3.0989
  3.0997
  3.1010
  3.0848
  3.0904
  3.0911
  3.0988
  3.0980
  3.0907
  3.0968
  3.0969
  3.0934
  3.0981
  3.0885
  3.0983
  3.0879
  3.1008
  3.0940
  3.0907
  3.0805
  3.0893
  3.0933
  3.0901
  3.0901
  3.0944
  3.0858
  3.0919
  3.1018
  3.0897
  3.0936
  3.1002
  3.0907
  3.0927
  3.1050
  3.0982
  3.0894
  3.0925
  3.0969
  3.1011
  3.0929
  3.0939
  3.0911
  3.0979
  3.0941
  3.0937
  3.0947
  3.0899
  3.0880
  3.0911
  3.0963
  3.0872
  3.0999
  3.0991
  3.0942
  3.1002
  3.0924
  3.0955
  3.1034
  3.1011
  3.0899
  3.0929
  3.1035
  3.0979
  3.0949
  3.0829
  3.0843
  3.0895
  3.0874
  3.0911
  3.0957
  3.0984
  3.0930
  3.0899
  3.0916
  3.0938
  3.1051
  3.1039
  3.0834
  3.0997
  3.0900
  3.0974
  3.0990
  3.0910
  3.0976
  3.1003
  3.0815
  3.0923
  3.0852
  3.0818
  3.0906
  3.1011
  3.0816
  3.0928
  3.0924
  3.0927
  3.0836
  3.1118
  3.0991
  3.1030
  3.0906
  3.1066
  3.1006
  3.1026
  3.1053
  3.0967
  3.0910
  3.0812
  3.0982
  3.1018
  3.0929
  3.0991
  3.0934
  3.0911
  3.0870
  3.0906
  3.0859
  3.0958
  3.0878
  3.0959
  3.0859
  3.0929
  3.0957
  3.0963
  3.0930
  3.0976
  3.0919
  3.0903
  3.0991
  3.0858
  3.1031
  3.0889
  3.0928
  3.1037
  3.0953
  3.0855
  3.0983
  3.0919
  3.1061
  3.0981
  3.1019
  3.0885
  3.0928
  3.0916
  3.1004
  3.0960
  3.0975
  3.0856
  3.1004
  3.0903
  3.1017
  3.0971
  3.0875
  3.0833
  3.0902
  3.0820
  3.0911
  3.0931
  3.0837
  3.0952
  3.0910
  3.0928
  3.0965
  3.0946
  3.0972
  3.0991
  3.1001
  3.0859
  3.0986
  3.1093
  3.1031
  3.0906
  3.0965
  3.0990
  3.0895
  3.0940
  3.0950
  3.0993
  3.0903
  3.0925
  3.1012
  3.0942
  3.0827
  3.0929
  3.1066
  3.0931
  3.0892
  3.0925
  3.0973
  3.0854
  3.0972
  3.0811
  3.0913
  3.0927
  3.0929
  3.1003
  3.0966
  3.0961
  3.0917
  3.1006
  3.1013
  3.0838
  3.0817
  3.0832
  3.0945
  3.0796
  3.1041
  3.0929
  3.0823
  3.1048
  3.0815
  3.0844
  3.0935
  3.0895
  3.0891
  3.0953
  3.1018
  3.0847
  3.0855
  3.0979
  3.0931
  3.0933
  3.0894
  3.0920
  3.0997
  3.0935
  3.0924
  3.0917
  3.0940
  3.0967
  3.0987
  3.0910
  3.0939
  3.1004
  3.0890
  3.0909
  3.0999
  3.0963
  3.0861
  3.0909
  3.0919
  3.1036
  3.0983
  3.1005
  3.0975
  3.0995
  3.0931
  3.0896
  3.0896
  3.0901
  3.1054
  3.0999
  3.0921
  3.1064
  3.0987
  3.0901
  3.0975
  3.0874
  3.0799
  3.0897
  3.0816
  3.0994
  3.0903
  3.0871
  3.1065
  3.0967
  3.0851
  3.0898
  3.1024
  3.0989
  3.0945
  3.0994
  3.0984
  3.0979
  3.1047
  3.0971
  3.0984
  3.0899
  3.0955
  3.0871
  3.1041
  3.0870
  3.0946
  3.0925
  3.0807
  3.0927
  3.0916
  3.0910
  3.0996
  3.0851
  3.0914
  3.0993
  3.0972
  3.1002
  3.1016
  3.0956
  3.1007
  3.0877
  3.0995
  3.0960
  3.0906
  3.1001
  3.0888
  3.0887
  3.1031
  3.0971
  3.1038
  3.0857
  3.0900
  3.0954
  3.0981
  3.0830
  3.0908
  3.0948
  3.0961
  3.0935
  3.1033
  3.1058
  3.0914
  3.1021
  3.0898
  3.1007
  3.1009
  3.1069
  3.0945
  3.0978
  3.0897
  3.1061
  3.0988
  3.0966
  3.0970
  3.0846
  3.0893
  3.0751
  3.0930
  3.0964
  3.0835
  3.0993
  3.0969
  3.0911
  3.0952
  3.1009
  3.0906
  3.0983
  3.1041
  3.1050
  3.0859
  3.0909
  3.0944
  3.0883
  3.0951
  3.0953
  3.0990
  3.0939
  3.0964
  3.0909
  3.0906
  3.1036
  3.0996
  3.0982
  3.0908
  3.0992
  3.0938
  3.1039
  3.1020
  3.0970
  3.0953
  3.1046
  3.0996
  3.1006
  3.0952
  3.0945
  3.0877
  3.0904
  3.0994
  3.0971
  3.0852
  3.0946
  3.0907
  3.0848
  3.0896
  3.0900
  3.0946
  3.1095
  3.0935
  3.0937
  3.1017
  3.0860
  3.0925
  3.0899
  3.0960
  3.1052
  3.0866
  3.1016
  3.1007
  3.1024
  3.0958
  3.1019
  3.0897
  3.1078
  3.0890
  3.0927
  3.0917
  3.1008
  3.0963
  3.0928
  3.0914
  3.0874
  3.0987
  3.1071
  3.0871
  3.0908
  3.0864
  3.0900
  3.0983
  3.0924
  3.0931
  3.0858
  3.0897
  3.0998
  3.1025
  3.0946
  3.0930
  3.1004
  3.0984
  3.0817
  3.0956
  3.1004
  3.1037
  3.0944
  3.0943
  3.0958
  3.0993
  3.0897
  3.0978
  3.1012
  3.1037
  3.0993
  3.0857
  3.0904
  3.0811
  3.0919
  3.0962
  3.1032
  3.0912
  3.1039
  3.0908
  3.0935
  3.1052
  3.0963
  3.0855
  3.0863
  3.0985
  3.0901
  3.0875
  3.1043
  3.0896
  3.0889
  3.1015
  3.0951
  3.0960
  3.0882
  3.0940
  3.0947
  3.0980
  3.0902
  3.0943
  3.0953
  3.0875
  3.0898
  3.1006
  3.1031
  3.1040
  3.0935
  3.0907
  3.0854
  3.0905
  3.0796
  3.0903
  3.0887
  3.1033
  3.1003
  3.0966
  3.0968
  3.0865
  3.0920
  3.1028
  3.0847
  3.1039
  3.0899
  3.0910
  3.0961
  3.0843
  3.0994
  3.1019
  3.0983
  3.1033
  3.1063
  3.0964
  3.1028
  3.0928
  3.0927
  3.0841
  3.0903
  3.0957
  3.1001
  3.0892
  3.1051
  3.1039
  3.0942
  3.1053
  3.0964
  3.0853
  3.1002
  3.0973
  3.0897
  3.0914
  3.0898
  3.1045
  3.1048
  3.0842
  3.1036
  3.0798
  3.0904
  3.0888
  3.1008
  3.0955
  3.0878
  3.0888
  3.0960
  3.1030
  3.0903
  3.0899
  3.1116
  3.0877
  3.0910
  3.1088
  3.0865
  3.1083
  3.0939
  3.0887
  3.0968
  3.1040
  3.0918
  3.0731
  3.0916
  3.0965
  3.0921
  3.0859
  3.0943
  3.0932
  3.0918
  3.0893
  3.0976
  3.0940
  3.0828
  3.0954
  3.0956
  3.0959
  3.1003
  3.0849
  3.1035
  3.0960
  3.0807
  3.0935
  3.1008
  3.1017
  3.0902
  3.0907
  3.0959
  3.0948
  3.1005
  3.0886
  3.0919
  3.0956
  3.0894
  3.0942
  3.0988
  3.1064
  3.1061
  3.0994
  3.0975
  3.0888
  3.0937
  3.0916
  3.0945
  3.1039
  3.0843
  3.0811
  3.1010
  3.0943
  3.0957
  3.0853
  3.1027
  3.0931
  3.0933
  3.0964
  3.0947
  3.0914
  3.0920
  3.0905
  3.0976
  3.0873
  3.1035
  3.1104
  3.0881
  3.0927
  3.0954
  3.0874
  3.0856
  3.0934
  3.1046
  3.0886
  3.1042
  3.1003
  3.0815
  3.0878
  3.0919
  3.0855
  3.1033
  3.0907
  3.0990
  3.0972
  3.0967
  3.0923
  3.0940
  3.0878
  3.0952
  3.0896
  3.0949
  3.0973
  3.0897
  3.0885
  3.0981
  3.0992
  3.0996
  3.0850
  3.1081
  3.0959
  3.0799
  3.0881
  3.0940
  3.0981
  3.0911
  3.0940
  3.0912
  3.0842
  3.0901
  3.1003
  3.0976
  3.0974
  3.0817
  3.0897
  3.1018
  3.0974
  3.0924
  3.0907
  3.0923
  3.0978
  3.0964
  3.0980
  3.0942
  3.0834
  3.0915
  3.0973
  3.0827
  3.1069
  3.0950
  3.0956
  3.0986
  3.0969
  3.0934
  3.1045
  3.1020
  3.0905
  3.0971
  3.0880
  3.0886
  3.0868
  3.0852
  3.0948
  3.1002
  3.0973
  3.1029
  3.0874
  3.0934
  3.0941
  3.0911
  3.0956
  3.0879
  3.0883
  3.0944
  3.0959
  3.0902
  3.0872
  3.0948
  3.0947
  3.0891
  3.0956
  3.0971
  3.0915
  3.0956
  3.1043
  3.1091
  3.0872
  3.1016
  3.1007
  3.0920
  3.0895
  3.1004
  3.0897
  3.0873
  3.0865
  3.0950
  3.0921
  3.0979
  3.0976
  3.0987
  3.0842
  3.1060
  3.1028
  3.1004
  3.0888
  3.1019
  3.0939
  3.0937
  3.0916
  3.1046
  3.0992
  3.0959
  3.0888
  3.1035
  3.0964
  3.0969
  3.1041
  3.0956
  3.0881
  3.0896
  3.0768
  3.0866
  3.0971
  3.0943
  3.0978
  3.1018
  3.0893
  3.0922
  3.0935
  3.0924
  3.1042
  3.1035
  3.1026
  3.0917
  3.0827
  3.0928
  3.1062
  3.0966
  3.0944
  3.0970
  3.0992
  3.0935
  3.0864
  3.0946
  3.0975
  3.0940
  3.0944
  3.0882
  3.0817
  3.1004
  3.0905
  3.0971
  3.1042
  3.0955
  3.0951
  3.1056
  3.0948
  3.0902
  3.0830
  3.0864
  3.0903
  3.0877
  3.0989
  3.0930
  3.0876
  3.1072
  3.0896
  3.0915
  3.0941
  3.1041
  3.0964
  3.0845
  3.0870
  3.0958
  3.1023
  3.0966
  3.0950
  3.0889
  3.0914
  3.1155
  3.1006
  3.0880
  3.0936
  3.0988
  3.0959
  3.0944
  3.0923
  3.0960
  3.0874
  3.0895
  3.0886
  3.0954
  3.0918
  3.0927
  3.0994
  3.0929
  3.0844
  3.0828
  3.0978
  3.0995
  3.0963
  3.0842
  3.0949
  3.0954
  3.0849
  3.0993
  3.1009
  3.0989
  3.0949
  3.0899
  3.1000
  3.1009
  3.0895
  3.0922
  3.0948
  3.0963
  3.0938
  3.0895
  3.0890
  3.0988
  3.1041
  3.1005
  3.0868
  3.0838
  3.0916
  3.0919
  3.0952
  3.0941
  3.0949
  3.0960
  3.0930
  3.1000
  3.0999
  3.0906
  3.0848
  3.0952
  3.1059
  3.1050
  3.0860
  3.0938
  3.1063
  3.0956
  3.0873
  3.0980
  3.0949
  3.0847
  3.0960
  3.0904
  3.0872
  3.0991
  3.0922
  3.0925
  3.0951
  3.0882
  3.0964
  3.0979
  3.0941
  3.1013
  3.1018
  3.0865
  3.0929
  3.0930
  3.1000
  3.1026
  3.0866
  3.0919
  3.0871
  3.0922
  3.0975
  3.0842
  3.0869
  3.1003
  3.0915
  3.0909
  3.0887
  3.0852
  3.1003
  3.1050
  3.1083
  3.0905
  3.1001
  3.0913
  3.0815
  3.0964
  3.0987
  3.1025
  3.0964
