C1431409.533967
Gadanki 14/03/2014 09:53:09 14/03/2014 09:53:40 0375 0079.2 0013.5 00
0000000 0020 0000600 0020 01
1 0 2 02000 1 0000 0030 00532.o 0 0 00 000 14 000600 0.500 BT0
532.000 .o analog 0 
  2.8854
 21.2837
 19.3462
 11.0894
 12.8480
 14.4607
 18.6968
 31.3883
 42.9578
 45.5065
 42.9686
 38.8244
 34.4470
 30.5064
 26.8746
 24.1737
 21.7333
 19.5470
 17.7558
 16.2679
 14.8706
 13.7119
 12.7798
 11.8852
 11.1163
 10.4087
  9.9761
  9.4918
  8.7245
  7.8105
  6.9666
  6.5455
  6.2698
  6.0842
  5.9619
  5.8048
  5.6989
  5.5664
  5.4213
  5.2874
  5.2450
  5.1136
  4.9169
  4.7295
  4.6191
  4.5178
  4.4645
  4.3661
  4.2615
  4.2349
  4.1264
  4.0650
  4.0806
  4.0499
  4.0680
  3.9999
  3.9137
  3.8644
  3.8710
  3.8477
  3.7351
  3.6581
  3.6530
  3.6417
  3.5844
  3.5151
  3.5275
  3.5265
  3.4907
  3.4420
  3.4301
  3.3891
  3.3622
  3.3424
  3.3488
  3.3397
  3.3014
  3.2884
  3.2763
  3.2735
  3.2735
  3.2918
  3.2612
  3.2101
  3.1961
  3.1930
  3.1762
  3.1786
  3.1622
  3.1530
  3.1465
  3.1402
  3.1260
  3.1323
  3.1310
  3.1092
  3.0954
  3.1109
  3.1007
  3.1011
  3.0910
  3.0816
  3.0844
  3.0702
  3.0693
  3.0692
  3.0598
  3.0677
  3.0602
  3.0521
  3.0529
  3.0475
  3.0406
  3.0426
  3.0437
  3.0384
  3.0373
  3.0220
  3.0338
  3.0165
  3.0151
  3.0209
  3.0295
  3.0259
  3.0124
  3.0122
  3.0120
  3.0112
  3.0002
  3.0101
  3.0026
  2.9946
  2.9960
  2.9849
  2.9901
  2.9974
  3.0027
  2.9911
  2.9880
  2.9932
  3.0021
  2.9872
  2.9809
  2.9998
  2.9824
  2.9778
  2.9684
  2.9790
  2.9702
  2.9847
  2.9690
  2.9566
  2.9659
  2.9746
  2.9621
  2.9634
  2.9742
  2.9630
  2.9543
  2.9599
  2.9607
  2.9457
  2.9674
  2.9628
  2.9559
  2.9601
  2.9651
  2.9562
  2.9581
  2.9521
  2.9575
  2.9558
  2.9404
  2.9569
  2.9572
  2.9562
  2.9464
  2.9491
  2.9336
  2.9477
  2.9397
  2.9424
  2.9482
  2.9448
  2.9517
  2.9375
  2.9489
  2.9460
  2.9497
  2.9422
  2.9571
  2.9337
  2.9405
  2.9333
  2.9414
  2.9445
  2.9400
  2.9410
  2.9384
  2.9404
  2.9359
  2.9365
  2.9428
  2.9379
  2.9339
  2.9310
  2.9393
  2.9362
  2.9436
  2.9381
  2.9267
  2.9369
  2.9296
  2.9334
  2.9390
  2.9415
  2.9428
  2.9422
  2.9207
  2.9192
  2.9280
  2.9341
  2.9260
  2.9338
  2.9260
  2.9305
  2.9259
  2.9284
  2.9332
  2.9305
  2.9384
  2.9279
  2.9299
  2.9289
  2.9289
  2.9262
  2.9272
  2.9214
  2.9381
  2.9323
  2.9241
  2.9280
  2.9169
  2.9324
  2.9257
  2.9244
  2.9375
  2.9338
  2.9341
  2.9063
  2.9224
  2.9171
  2.9303
  2.9187
  2.9338
  2.9241
  2.9231
  2.9169
  2.9224
  2.9420
  2.9344
  2.9239
  2.9155
  2.9315
  2.9249
  2.9164
  2.9247
  2.9319
  2.9242
  2.9106
  2.9151
  2.9188
  2.9199
  2.9227
  2.9138
  2.9257
  2.9282
  2.9281
  2.9199
  2.9148
  2.9316
  2.9268
  2.9258
  2.9160
  2.9190
  2.9207
  2.9211
  2.9231
  2.9254
  2.9200
  2.9194
  2.9291
  2.9118
  2.9201
  2.9143
  2.9185
  2.9173
  2.9117
  2.9139
  2.9189
  2.9103
  2.9290
  2.9200
  2.9177
  2.9200
  2.9175
  2.9125
  2.9210
  2.9147
  2.9100
  2.9191
  2.9250
  2.9180
  2.9277
  2.9174
  2.9206
  2.9214
  2.9221
  2.9120
  2.9158
  2.9149
  2.9031
  2.9167
  2.9251
  2.9166
  2.9178
  2.9193
  2.9269
  2.9160
  2.9172
  2.9129
  2.9086
  2.9110
  2.9158
  2.9223
  2.9136
  2.9209
  2.9163
  2.9048
  2.9163
  2.9176
  2.9053
  2.9138
  2.9163
  2.9132
  2.9147
  2.9195
  2.9163
  2.9138
  2.9163
  2.9193
  2.9160
  2.9148
  2.9206
  2.9162
  2.9033
  2.9058
  2.9062
  2.9081
  2.9008
  2.8989
  2.9000
  2.9085
  2.9207
  2.9101
  2.9178
  2.9132
  2.9186
  2.9180
  2.9219
  2.9087
  2.9100
  2.9043
  2.9091
  2.9088
  2.9225
  2.9151
  2.9097
  2.9180
  2.9142
  2.9134
  2.9155
  2.9052
  2.9150
  2.9120
  2.9089
  2.9236
  2.9158
  2.9213
  2.9083
  2.9075
  2.9151
  2.9199
  2.9220
  2.9115
  2.9133
  2.9114
  2.9030
  2.8912
  2.9082
  2.9193
  2.9068
  2.9096
  2.9145
  2.9045
  2.9112
  2.9092
  2.9125
  2.9179
  2.9117
  2.9058
  2.9043
  2.9084
  2.9064
  2.9080
  2.9187
  2.9210
  2.9081
  2.9134
  2.9038
  2.9133
  2.9087
  2.9091
  2.9141
  2.9166
  2.9133
  2.9163
  2.9088
  2.9171
  2.9028
  2.9081
  2.9001
  2.9243
  2.9141
  2.9037
  2.9106
  2.9197
  2.9242
  2.9151
  2.9177
  2.9100
  2.9118
  2.9090
  2.9073
  2.9180
  2.9032
  2.9181
  2.9105
  2.9153
  2.9106
  2.9148
  2.9112
  2.9141
  2.9154
  2.9011
  2.9091
  2.9114
  2.9222
  2.9172
  2.9119
  2.9061
  2.9151
  2.9148
  2.9128
  2.9081
  2.9138
  2.9108
  2.9092
  2.9109
  2.9087
  2.9124
  2.9111
  2.9140
  2.9099
  2.9112
  2.9283
  2.8971
  2.9024
  2.9149
  2.9116
  2.9118
  2.9032
  2.9078
  2.9160
  2.9147
  2.9211
  2.9118
  2.9118
  2.9238
  2.9069
  2.9017
  2.9055
  2.9114
  2.9160
  2.9108
  2.9167
  2.9179
  2.9108
  2.9169
  2.9090
  2.9173
  2.9134
  2.9190
  2.9116
  2.9102
  2.9199
  2.9062
  2.9000
  2.9089
  2.9077
  2.9135
  2.9039
  2.9153
  2.9064
  2.9043
  2.9188
  2.9081
  2.9017
  2.9065
  2.9045
  2.9156
  2.9106
  2.9178
  2.9189
  2.9070
  2.9096
  2.9080
  2.9099
  2.9066
  2.9058
  2.9104
  2.9058
  2.9097
  2.9033
  2.9036
  2.9162
  2.9067
  2.9121
  2.9252
  2.9107
  2.9156
  2.9068
  2.9106
  2.9160
  2.9103
  2.9107
  2.9179
  2.9189
  2.9121
  2.9089
  2.9140
  2.9160
  2.9152
  2.9094
  2.9206
  2.9141
  2.9108
  2.9113
  2.9095
  2.9093
  2.9060
  2.9086
  2.9142
  2.9117
  2.9067
  2.9049
  2.9042
  2.9124
  2.8974
  2.9072
  2.9084
  2.8975
  2.9113
  2.9090
  2.9145
  2.9023
  2.9067
  2.9103
  2.9199
  2.8914
  2.9075
  2.9116
  2.9034
  2.9045
  2.9077
  2.9073
  2.9139
  2.9184
  2.9102
  2.9087
  2.9115
  2.9210
  2.9079
  2.9118
  2.8989
  2.9074
  2.8977
  2.9066
  2.9046
  2.9056
  2.9148
  2.9130
  2.9071
  2.9052
  2.9125
  2.9135
  2.9091
  2.9119
  2.9094
  2.9071
  2.9062
  2.9089
  2.9058
  2.9040
  2.9074
  2.9119
  2.9151
  2.9022
  2.9025
  2.9057
  2.9112
  2.9021
  2.9168
  2.9026
  2.9062
  2.8932
  2.9062
  2.9141
  2.9122
  2.9110
  2.9125
  2.9116
  2.9068
  2.9165
  2.9166
  2.9089
  2.9113
  2.8997
  2.9021
  2.9086
  2.9062
  2.9081
  2.9064
  2.9142
  2.9047
  2.9153
  2.9110
  2.9086
  2.9023
  2.9110
  2.9176
  2.9189
  2.9007
  2.9241
  2.9154
  2.9187
  2.9084
  2.9040
  2.9047
  2.8994
  2.9123
  2.8959
  2.9002
  2.9072
  2.9132
  2.9176
  2.9058
  2.8990
  2.9024
  2.9066
  2.9043
  2.9181
  2.9064
  2.9191
  2.9068
  2.9094
  2.9088
  2.9148
  2.9140
  2.9124
  2.9154
  2.9124
  2.9144
  2.9042
  2.9145
  2.9096
  2.9014
  2.9162
  2.9051
  2.9076
  2.9067
  2.9076
  2.9091
  2.9101
  2.9128
  2.9026
  2.9077
  2.9139
  2.9204
  2.9046
  2.9003
  2.9033
  2.9084
  2.9095
  2.9161
  2.9244
  2.9095
  2.9064
  2.8971
  2.9170
  2.9060
  2.9083
  2.9132
  2.9281
  2.9181
  2.8994
  2.9177
  2.9050
  2.8999
  2.8937
  2.9049
  2.9106
  2.9073
  2.9108
  2.9143
  2.9062
  2.8979
  2.9035
  2.9088
  2.9086
  2.9127
  2.9169
  2.9136
  2.9177
  2.9051
  2.9018
  2.9097
  2.9100
  2.9116
  2.9083
  2.9127
  2.9079
  2.9187
  2.9124
  2.9135
  2.9089
  2.8968
  2.9062
  2.9158
  2.8984
  2.9015
  2.9145
  2.9190
  2.9093
  2.9088
  2.9017
  2.9083
  2.8982
  2.9075
  2.9117
  2.9030
  2.8992
  2.9166
  2.9106
  2.9111
  2.8989
  2.9007
  2.9090
  2.9132
  2.9052
  2.8975
  2.9037
  2.9069
  2.9113
  2.9131
  2.9057
  2.9092
  2.9099
  2.9178
  2.9091
  2.9012
  2.9194
  2.9068
  2.9022
  2.9032
  2.9013
  2.9123
  2.9138
  2.9099
  2.9143
  2.9024
  2.9098
  2.9079
  2.9129
  2.9070
  2.9072
  2.9048
  2.8996
  2.9094
  2.8961
  2.9138
  2.9098
  2.9109
  2.9047
  2.9106
  2.9023
  2.9040
  2.9015
  2.9121
  2.9161
  2.9133
  2.9131
  2.9108
  2.9044
  2.9163
  2.9148
  2.9085
  2.9100
  2.9086
  2.9164
  2.9067
  2.9045
  2.9141
  2.9118
  2.9040
  2.9059
  2.9075
  2.9159
  2.9010
  2.9121
  2.9132
  2.9100
  2.9119
  2.8959
  2.9024
  2.9110
  2.9104
  2.9085
  2.9104
  2.9125
  2.9141
  2.9042
  2.9032
  2.9076
  2.9117
  2.9064
  2.9209
  2.9065
  2.9157
  2.9096
  2.9160
  2.9073
  2.9014
  2.9111
  2.8985
  2.9127
  2.9207
  2.9168
  2.9102
  2.9009
  2.9136
  2.9049
  2.9136
  2.9186
  2.9016
  2.9007
  2.8974
  2.8984
  2.9165
  2.9027
  2.9129
  2.9218
  2.9202
  2.9097
  2.9054
  2.9139
  2.8995
  2.9082
  2.9202
  2.9196
  2.9019
  2.8995
  2.9147
  2.9057
  2.9117
  2.9114
  2.9004
  2.8942
  2.9110
  2.9040
  2.9069
  2.9060
  2.9095
  2.9126
  2.8993
  2.9117
  2.9149
  2.9060
  2.9008
  2.9035
  2.9083
  2.9120
  2.9082
  2.9030
  2.9085
  2.9073
  2.9033
  2.9199
  2.9176
  2.9016
  2.9012
  2.9132
  2.9082
  2.9187
  2.9168
  2.9118
  2.9113
  2.9116
  2.9148
  2.9049
  2.9069
  2.9048
  2.9133
  2.9091
  2.9165
  2.9179
  2.9049
  2.9070
  2.9085
  2.9140
  2.9138
  2.9100
  2.9068
  2.9076
  2.9107
  2.9068
  2.9147
  2.9056
  2.9091
  2.9077
  2.9028
  2.9047
  2.9094
  2.8932
  2.9125
  2.9082
  2.8994
  2.9114
  2.9073
  2.9072
  2.9127
  2.8996
  2.9101
  2.8968
  2.8948
  2.8999
  2.9049
  2.9122
  2.9162
  2.9033
  2.8940
  2.9017
  2.9033
  2.9100
  2.9124
  2.9138
  2.9064
  2.9012
  2.9142
  2.8997
  2.9164
  2.9113
  2.9070
  2.9108
  2.9058
  2.8910
  2.9126
  2.9147
  2.9148
  2.9137
  2.9063
  2.9171
  2.8993
  2.9136
  2.9131
  2.9088
  2.8991
  2.8991
  2.9103
  2.9052
  2.9055
  2.9143
  2.9075
  2.9060
  2.9116
  2.9067
  2.9109
  2.9109
  2.9136
  2.9019
  2.9087
  2.9062
  2.9071
  2.9159
  2.9091
  2.9097
  2.9021
  2.9160
  2.9195
  2.9083
  2.9203
  2.9082
  2.9065
  2.9108
  2.9120
  2.9071
  2.9152
  2.9119
  2.9044
  2.8987
  2.9053
  2.9105
  2.9076
  2.9037
  2.9083
  2.9056
  2.9147
  2.9120
  2.9029
  2.9178
  2.9032
  2.8954
  2.9063
  2.9033
  2.9110
  2.9158
  2.8990
  2.9002
  2.9028
  2.8993
  2.9147
  2.9010
  2.9061
  2.9100
  2.9009
  2.9097
  2.9100
  2.9096
  2.9221
  2.9010
  2.9093
  2.9042
  2.9010
  2.9210
  2.9045
  2.9124
  2.9140
  2.9020
  2.9153
  2.9160
  2.9097
  2.9045
  2.9058
  2.9073
  2.9189
  2.9129
  2.9036
  2.9178
  2.9131
  2.9107
  2.9152
  2.9089
  2.9020
  2.9112
  2.9034
  2.9014
  2.9091
  2.9111
  2.9076
  2.9026
  2.9053
  2.9148
  2.9055
  2.8990
  2.9124
  2.9077
  2.9069
  2.9025
  2.9091
  2.9128
  2.9054
  2.9069
  2.9142
  2.9094
  2.9113
  2.9059
  2.9193
  2.9256
  2.9109
  2.9067
  2.9025
  2.9102
  2.9116
  2.9118
  2.8958
  2.9095
  2.9056
  2.9091
  2.9086
  2.9083
  2.9007
  2.9090
  2.9075
  2.9071
  2.9128
  2.9074
  2.9039
  2.9069
  2.9102
  2.8966
  2.9038
  2.9049
  2.9051
  2.9131
  2.9037
  2.9032
  2.9037
  2.8981
  2.9109
  2.9072
  2.9012
  2.9007
  2.8971
  2.9123
  2.9041
  2.9107
  2.9116
  2.9082
  2.9044
  2.9143
  2.9156
  2.9144
  2.9106
  2.9150
  2.9042
  2.9079
  2.9075
  2.9122
  2.9042
  2.9029
  2.9109
  2.9174
  2.9189
  2.9083
  2.9073
  2.9101
  2.9121
  2.9145
  2.9143
  2.9100
  2.9005
  2.9167
  2.9048
  2.8993
  2.9087
  2.9093
  2.9051
  2.9144
  2.9103
  2.9213
  2.9043
  2.9034
  2.9080
  2.9013
  2.9126
  2.9034
  2.9141
  2.9187
  2.9190
  2.9008
  2.9062
  2.8992
  2.9084
  2.9149
  2.9148
  2.9102
  2.9088
  2.9060
  2.9107
  2.9093
  2.9193
  2.9124
  2.9049
  2.9116
  2.9062
  2.9109
  2.9125
  2.9080
  2.9055
  2.8987
  2.9043
  2.9030
  2.9052
  2.8968
  2.9214
  2.9162
  2.9149
  2.9047
  2.9128
  2.9114
  2.9139
  2.9112
  2.8974
  2.9185
  2.9139
  2.9176
  2.9142
  2.9058
  2.9075
  2.9037
  2.9059
  2.9070
  2.9060
  2.9049
  2.9082
  2.9115
  2.9107
  2.9097
  2.9147
  2.9152
  2.9075
  2.9052
  2.9165
  2.9211
  2.9058
  2.9109
  2.9121
  2.9073
  2.9100
  2.9116
  2.9103
  2.9116
  2.9025
  2.9052
  2.9107
  2.9083
  2.9121
  2.8992
  2.9116
  2.9070
  2.9081
  2.9200
  2.9096
  2.9128
  2.9202
  2.9000
  2.9094
  2.9048
  2.9017
  2.9031
  2.9082
  2.9139
  2.9086
  2.9173
  2.9061
  2.9132
  2.8997
  2.9130
  2.9089
  2.9102
  2.9050
  2.9136
  2.9048
  2.9144
  2.9096
  2.9055
  2.9049
  2.9040
  2.9163
  2.9191
  2.9155
  2.8953
  2.9171
  2.9104
  2.9036
  2.9013
  2.9085
  2.9045
  2.9150
  2.9083
  2.9090
  2.9085
  2.9119
  2.9107
  2.9041
  2.8989
  2.9082
  2.9138
  2.9093
  2.9090
  2.9046
  2.9129
  2.9062
  2.9060
  2.9012
  2.9091
  2.9033
  2.9060
  2.9020
  2.9061
  2.9111
  2.9120
  2.9113
  2.9071
  2.9092
  2.9120
  2.9107
  2.9113
  2.9102
  2.9063
  2.9034
  2.9042
  2.8991
  2.9040
  2.9082
  2.9057
  2.9025
  2.9080
  2.9090
  2.9059
  2.9027
  2.9178
  2.9110
  2.8992
  2.9013
  2.9067
  2.9087
  2.9166
  2.9075
  2.9094
  2.9106
  2.9199
  2.9102
  2.9088
  2.9089
  2.9048
  2.9120
  2.9004
  2.9152
  2.9057
  2.9149
  2.9109
  2.8980
  2.9085
  2.9190
  2.9007
  2.9095
  2.9026
  2.9145
  2.8997
  2.9112
  2.9059
  2.9289
  2.9087
  2.8885
  2.9093
  2.9127
  2.9064
  2.9098
  2.9139
  2.9084
  2.9185
  2.9027
  2.9059
  2.9069
  2.9140
  2.9111
  2.9113
  2.9080
  2.9119
  2.9010
  2.9016
  2.9154
  2.9128
  2.9077
  2.9003
  2.9087
  2.9094
  2.9061
  2.9102
  2.9063
  2.9133
  2.9107
  2.8972
  2.9072
  2.9160
  2.9111
  2.9192
  2.8993
  2.9043
  2.9053
  2.9046
  2.9052
  2.9084
  2.9119
  2.9119
  2.8956
  2.9125
  2.9052
  2.9080
  2.9066
  2.9044
  2.9131
  2.9101
  2.9058
  2.9040
  2.8989
  2.9110
  2.9203
  2.9035
  2.9042
  2.9125
  2.9171
  2.8951
  2.9128
  2.9148
  2.9048
  2.9164
  2.9122
  2.9156
  2.9054
  2.9125
  2.9064
  2.9112
  2.9056
  2.9196
  2.9150
  2.9061
  2.9173
  2.9070
  2.9027
  2.9034
  2.9028
  2.9023
  2.9110
  2.9093
  2.9030
  2.9019
  2.9053
  2.9060
  2.9052
  2.9178
  2.9086
  2.9126
  2.9160
  2.9100
  2.9108
  2.9025
  2.9060
  2.9180
  2.9182
  2.9110
  2.8965
  2.8981
  2.9096
  2.9061
  2.9129
  2.9080
  2.9045
  2.8993
  2.8978
  2.9077
  2.9031
  2.9000
  2.9155
  2.9171
  2.9119
  2.9092
  2.9181
  2.9125
  2.9143
  2.9041
  2.9092
  2.8981
  2.9098
  2.9170
  2.9109
  2.9007
  2.9032
  2.9171
  2.9073
  2.8994
  2.9120
  2.9047
  2.9128
  2.9015
  2.9041
  2.9083
  2.9063
  2.9034
  2.9114
  2.9142
  2.9052
  2.9159
  2.9059
  2.8979
  2.8996
  2.9005
  2.9002
  2.9061
  2.9080
  2.9168
  2.9046
  2.9110
  2.9047
  2.9011
  2.8992
  2.9144
  2.9088
  2.9054
  2.9090
  2.9063
  2.9135
  2.9083
  2.9079
  2.9068
  2.9132
  2.9134
  2.9146
  2.9079
  2.9078
  2.9087
  2.9041
  2.9074
  2.9115
  2.9084
  2.8992
  2.9055
  2.9003
  2.9099
  2.9063
  2.9058
  2.9144
  2.9130
  2.9001
  2.9150
  2.9090
  2.9020
  2.9093
  2.9109
  2.8982
  2.9112
  2.9186
  2.9091
  2.9071
  2.9059
  2.9055
  2.9139
  2.9097
  2.9198
  2.9081
  2.9120
  2.9053
  2.8978
  2.9057
  2.8966
  2.9034
  2.9147
  2.8973
  2.9023
  2.9019
  2.9090
  2.9098
  2.9036
  2.9128
  2.9110
  2.9080
  2.9056
  2.9153
  2.9066
  2.9087
  2.9021
  2.9040
  2.9054
  2.8963
  2.9029
  2.9072
  2.9094
  2.9112
  2.9089
  2.9163
  2.9066
  2.9109
  2.9111
  2.9109
  2.9115
  2.9048
  2.9089
  2.9055
  2.9187
  2.9090
  2.9005
  2.9035
  2.8960
  2.9016
  2.9122
  2.9183
  2.9065
  2.8997
  2.9077
  2.9004
  2.9124
  2.9041
  2.9010
  2.9081
  2.9026
  2.8988
  2.9048
  2.9048
  2.9040
  2.9070
  2.9058
  2.9159
  2.8989
  2.9090
  2.9195
  2.9087
  2.8991
  2.9128
  2.9174
  2.9155
  2.9005
  2.9147
  2.9025
  2.9077
  2.9053
  2.9080
  2.9078
  2.9071
  2.9204
  2.9022
  2.9052
  2.9082
  2.9098
  2.9102
  2.9070
  2.9066
  2.9199
  2.9220
  2.9047
  2.9065
  2.9128
  2.9019
  2.9081
  2.9026
  2.9065
  2.9132
  2.9072
  2.8979
  2.9093
  2.9047
  2.9194
  2.9067
  2.9140
  2.9093
  2.9075
  2.9038
  2.9172
  2.9108
  2.9096
  2.9117
  2.9059
  2.8981
  2.9008
  2.9164
  2.8962
  2.9168
  2.9101
  2.9038
  2.8981
  2.9215
  2.9018
  2.9133
  2.9064
  2.8990
  2.9123
  2.9124
  2.9092
  2.9079
  2.8983
  2.9076
  2.9208
  2.9043
  2.9067
  2.9072
  2.9156
  2.9021
  2.9020
  2.9019
  2.9123
  2.9040
  2.8989
  2.9109
  2.9070
  2.9190
  2.9066
  2.9100
  2.9078
  2.9078
  2.9137
  2.9082
  2.9121
  2.9090
  2.9095
  2.9015
  2.9038
  2.9100
  2.9132
  2.9113
  2.9023
  2.9159
  2.9037
  2.9113
  2.9116
  2.9150
  2.9040
  2.9054
  2.9081
  2.9024
  2.9175
  2.9081
  2.9101
  2.9092
  2.9099
  2.9054
  2.8984
  2.9151
  2.9059
  2.9153
  2.9019
  2.9119
  2.9054
  2.9058
  2.9124
  2.9170
  2.9113
  2.9123
  2.9000
  2.8964
  2.9089
  2.9163
  2.9047
  2.8994
  2.9114
  2.9086
  2.9070
  2.8982
  2.9175
  2.9057
  2.9062
  2.9189
  2.9121
  2.9124
  2.9079
  2.8996
  2.9089
  2.9066
  2.9122
  2.9174
  2.9018
  2.9054
  2.9102
  2.9066
  2.9213
  2.9123
  2.9085
  2.9057
  2.9115
  2.9037
  2.9221
  2.9261
  2.9094
  2.9053
  2.9050
  2.9150
  2.9180
  2.9005
  2.9105
  2.9077
  2.9126
  2.9103
  2.9129
  2.9078
  2.9198
  2.9111
  2.9083
  2.9088
  2.9105
  2.9072
  2.9137
  2.9031
  2.9079
  2.9156
  2.9173
  2.9093
  2.9000
  2.9107
  2.9175
  2.9053
  2.9038
  2.9102
  2.9173
  2.8995
  2.9160
  2.9028
  2.9139
  2.9109
  2.9167
  2.9104
  2.9029
  2.9057
  2.9122
  2.9061
  2.9091
  2.9095
  2.9078
  2.8996
  2.9103
  2.9040
  2.9053
  2.9128
  2.9045
  2.9109
  2.8950
  2.9112
  2.9053
  2.9142
  2.9047
  2.9118
  2.9121
  2.9081
  2.9087
  2.9038
  2.9076
  2.9093
  2.9158
  2.9038
  2.9083
  2.8980
  2.9076
  2.9046
  2.9077
  2.9018
  2.9176
  2.9056
  2.9051
  2.9011
  2.9103
  2.9026
  2.9007
  2.8975
  2.9081
  2.9091
  2.9096
  2.9029
  2.9025
  2.9039
  2.8988
  2.9156
  2.9107
  2.9058
  2.9048
  2.8983
  2.9067
  2.9117
  2.9155
  2.9033
  2.9125
  2.9091
  2.9022
  2.9085
  2.9083
  2.9137
  2.9232
  2.9135
  2.9079
  2.9156
  2.9076
  2.9121
  2.9088
  2.9183
  2.9122
  2.9046
  2.9115
  2.9102
  2.9035
  2.9045
  2.9124
  2.9042
  2.9156
  2.9109
  2.8964
  2.9059
  2.9038
  2.9168
  2.9170
  2.9015
  2.9029
  2.9012
  2.9113
  2.9174
  2.9050
  2.9077
  2.8985
  2.9074
  2.9083
  2.9116
  2.9040
  2.9105
  2.9066
  2.9102
  2.9116
  2.9107
  2.9136
  2.9082
  2.9127
  2.9052
  2.9167
  2.9071
  2.9011
  2.9079
  2.8970
  2.8973
  2.9058
  2.9137
  2.9020
  2.9196
  2.9019
  2.9054
  2.9010
  2.9077
  2.9184
  2.9027
  2.9128
  2.9085
  2.9037
  2.9022
  2.9131
  2.9133
  2.9069
  2.9053
  2.9156
  2.9130
  2.9041
  2.9176
  2.9110
  2.9201
  2.9017
  2.9059
  2.9073
  2.9094
  2.9133
  2.9128
  2.9048
  2.9183
  2.9085
  2.9145
  2.9115
  2.9045
  2.9130
  2.9078
  2.9196
  2.9112
  2.8993
  2.9091
  2.9134
  2.9155
  2.9043
  2.9141
  2.9068
  2.9065
  2.9133
  2.8992
  2.9189
  2.9091
  2.9092
  2.9110
  2.9032
  2.9197
  2.9013
  2.9034
  2.9161
  2.9110
  2.9066
  2.9035
  2.9069
  2.9124
  2.9085
  2.9012
  2.9220
