C1431409.561238
Gadanki 14/03/2014 09:55:42 14/03/2014 09:56:12 0375 0079.2 0013.5 00
0000000 0020 0000600 0020 01
1 0 2 02000 1 0000 0030 00532.o 0 0 00 000 14 000600 0.500 BT0
532.000 .o analog 0 
  2.8791
 21.3928
 18.1208
 10.7639
 12.2113
 13.8253
 18.0457
 29.6956
 40.2081
 42.4948
 39.7399
 35.8798
 32.0892
 28.9551
 26.2024
 23.4477
 20.9241
 18.7930
 17.0423
 15.5724
 14.3793
 13.2678
 12.2988
 11.5205
 10.6706
 10.0331
  9.4738
  8.8954
  7.8605
  7.1034
  6.8075
  6.5333
  6.3250
  6.1582
  5.9680
  5.8016
  5.6416
  5.5576
  5.3846
  5.2543
  5.1629
  5.0860
  4.9387
  4.7570
  4.6217
  4.5300
  4.4448
  4.3141
  4.2721
  4.2185
  4.0994
  4.0714
  4.0210
  4.0575
  4.0410
  3.9882
  3.8878
  3.8444
  3.8406
  3.8171
  3.7218
  3.6375
  3.6380
  3.6270
  3.5802
  3.5196
  3.4919
  3.4956
  3.4723
  3.4366
  3.4071
  3.3791
  3.3535
  3.3298
  3.3182
  3.3135
  3.2908
  3.2650
  3.2491
  3.2569
  3.2454
  3.2851
  3.2525
  3.1971
  3.1769
  3.1513
  3.1623
  3.1525
  3.1297
  3.1276
  3.1253
  3.1178
  3.1060
  3.1008
  3.1055
  3.0987
  3.0880
  3.0772
  3.0798
  3.0839
  3.0638
  3.0414
  3.0608
  3.0560
  3.0470
  3.0574
  3.0421
  3.0393
  3.0344
  3.0272
  3.0390
  3.0337
  3.0254
  3.0186
  3.0109
  3.0070
  3.0139
  3.0115
  3.0042
  3.0033
  3.0062
  2.9951
  3.0143
  3.0088
  2.9994
  2.9843
  2.9795
  2.9817
  2.9946
  2.9887
  2.9756
  2.9713
  2.9801
  2.9732
  2.9768
  2.9753
  2.9707
  2.9673
  2.9711
  2.9609
  2.9642
  2.9619
  2.9654
  2.9714
  2.9623
  2.9553
  2.9651
  2.9623
  2.9594
  2.9575
  2.9589
  2.9519
  2.9549
  2.9485
  2.9512
  2.9456
  2.9450
  2.9464
  2.9461
  2.9453
  2.9436
  2.9432
  2.9444
  2.9407
  2.9448
  2.9219
  2.9351
  2.9331
  2.9320
  2.9445
  2.9360
  2.9393
  2.9385
  2.9404
  2.9297
  2.9293
  2.9322
  2.9353
  2.9195
  2.9270
  2.9322
  2.9292
  2.9319
  2.9287
  2.9238
  2.9166
  2.9268
  2.9178
  2.9235
  2.9210
  2.9279
  2.9296
  2.9191
  2.9270
  2.9191
  2.9240
  2.9336
  2.9151
  2.9202
  2.9226
  2.9238
  2.9126
  2.9185
  2.9211
  2.9203
  2.9174
  2.9128
  2.9171
  2.9226
  2.9089
  2.9185
  2.9104
  2.9056
  2.9101
  2.9110
  2.9131
  2.9115
  2.9075
  2.9105
  2.9197
  2.9181
  2.9019
  2.9020
  2.9128
  2.9102
  2.9066
  2.9164
  2.9043
  2.9063
  2.9110
  2.9063
  2.9004
  2.9005
  2.9074
  2.9147
  2.9187
  2.9037
  2.9091
  2.9042
  2.8967
  2.8975
  2.9109
  2.9011
  2.9080
  2.9033
  2.9001
  2.9107
  2.9057
  2.9026
  2.8877
  2.8965
  2.9043
  2.8922
  2.9079
  2.9170
  2.9017
  2.9012
  2.9041
  2.9119
  2.9021
  2.9009
  2.8916
  2.9070
  2.9012
  2.9080
  2.9057
  2.9032
  2.8988
  2.9094
  2.8911
  2.8917
  2.8973
  2.9046
  2.9124
  2.9059
  2.9034
  2.8967
  2.9159
  2.9026
  2.9045
  2.8949
  2.9065
  2.8887
  2.9016
  2.8890
  2.8943
  2.9031
  2.9028
  2.8983
  2.8991
  2.8910
  2.8987
  2.8921
  2.8881
  2.8971
  2.8822
  2.8860
  2.8849
  2.8939
  2.9030
  2.9065
  2.8950
  2.8941
  2.9013
  2.9015
  2.9023
  2.8970
  2.8939
  2.9004
  2.8954
  2.8982
  2.8850
  2.8992
  2.8913
  2.8871
  2.9001
  2.8954
  2.8887
  2.8977
  2.8925
  2.9029
  2.8919
  2.8998
  2.8906
  2.8850
  2.8967
  2.8963
  2.8957
  2.8984
  2.8910
  2.8890
  2.9063
  2.8996
  2.8902
  2.8889
  2.9081
  2.8909
  2.8975
  2.8882
  2.8910
  2.8985
  2.8924
  2.8937
  2.8932
  2.8942
  2.8930
  2.8830
  2.8970
  2.8883
  2.9034
  2.8957
  2.8908
  2.8929
  2.8971
  2.9062
  2.8987
  2.8985
  2.8962
  2.8908
  2.8874
  2.8906
  2.8934
  2.9077
  2.8947
  2.9018
  2.8932
  2.8958
  2.8915
  2.8864
  2.8890
  2.8828
  2.8821
  2.8909
  2.8719
  2.8971
  2.8998
  2.8957
  2.9023
  2.8906
  2.8989
  2.8928
  2.8872
  2.8889
  2.8930
  2.8948
  2.8852
  2.8964
  2.8850
  2.8883
  2.8944
  2.8983
  2.8906
  2.8800
  2.9011
  2.9060
  2.8861
  2.8820
  2.8940
  2.8897
  2.8937
  2.8953
  2.8971
  2.8944
  2.8971
  2.8956
  2.8868
  2.8909
  2.8878
  2.8872
  2.8993
  2.8872
  2.8861
  2.8869
  2.8952
  2.8927
  2.8924
  2.8821
  2.8988
  2.8899
  2.8940
  2.8968
  2.8872
  2.8886
  2.8875
  2.8832
  2.8895
  2.9018
  2.8992
  2.8822
  2.8876
  2.8915
  2.8910
  2.8875
  2.8932
  2.8857
  2.8946
  2.8864
  2.8923
  2.8930
  2.8881
  2.8944
  2.8866
  2.8837
  2.8837
  2.8875
  2.8923
  2.8985
  2.8869
  2.8798
  2.8883
  2.8861
  2.8912
  2.8924
  2.8841
  2.8887
  2.8942
  2.8906
  2.8831
  2.8934
  2.8925
  2.8986
  2.8939
  2.9014
  2.8936
  2.8913
  2.8973
  2.8925
  2.8936
  2.8852
  2.8855
  2.8889
  2.8901
  2.8886
  2.8922
  2.8864
  2.8917
  2.8850
  2.8869
  2.8826
  2.8856
  2.8868
  2.8834
  2.8968
  2.8818
  2.8957
  2.8853
  2.8934
  2.8914
  2.8822
  2.8848
  2.8962
  2.8933
  2.8957
  2.8802
  2.8951
  2.8999
  2.8919
  2.8841
  2.8959
  2.8842
  2.8837
  2.8831
  2.8832
  2.8883
  2.8827
  2.8976
  2.8951
  2.8945
  2.8982
  2.8881
  2.8927
  2.8850
  2.8936
  2.8861
  2.8802
  2.8908
  2.8841
  2.8974
  2.8870
  2.8877
  2.8909
  2.8910
  2.8930
  2.8961
  2.8879
  2.8891
  2.8878
  2.8855
  2.8960
  2.8866
  2.8886
  2.8931
  2.8893
  2.8958
  2.8861
  2.8974
  2.8937
  2.8892
  2.8883
  2.8919
  2.8848
  2.8811
  2.8919
  2.8957
  2.8886
  2.8891
  2.8849
  2.8864
  2.8885
  2.8741
  2.8798
  2.8859
  2.9047
  2.8854
  2.8896
  2.8917
  2.8890
  2.8930
  2.8899
  2.8956
  2.8812
  2.8886
  2.8909
  2.8799
  2.8922
  2.8901
  2.8870
  2.8949
  2.8904
  2.8839
  2.8790
  2.8846
  2.8956
  2.8838
  2.8883
  2.8864
  2.8949
  2.8880
  2.8896
  2.8914
  2.8896
  2.8805
  2.8905
  2.8860
  2.8856
  2.8881
  2.8940
  2.8790
  2.8926
  2.8910
  2.8815
  2.9007
  2.8869
  2.8807
  2.8909
  2.8820
  2.8907
  2.8826
  2.8902
  2.8983
  2.8855
  2.8758
  2.8842
  2.8815
  2.8883
  2.8892
  2.8813
  2.8889
  2.8853
  2.9017
  2.8897
  2.8857
  2.8825
  2.8792
  2.8878
  2.8879
  2.8884
  2.8831
  2.8861
  2.8929
  2.8907
  2.8936
  2.8908
  2.8888
  2.8953
  2.8963
  2.8879
  2.8819
  2.8850
  2.8859
  2.8952
  2.9015
  2.8904
  2.8968
  2.8890
  2.8847
  2.8888
  2.8811
  2.8973
  2.8822
  2.8821
  2.8721
  2.8931
  2.8992
  2.8918
  2.8901
  2.8895
  2.8819
  2.8886
  2.8932
  2.8901
  2.8756
  2.8873
  2.8799
  2.8761
  2.8927
  2.8880
  2.8935
  2.8814
  2.8959
  2.8941
  2.8932
  2.8975
  2.8881
  2.8900
  2.8902
  2.8819
  2.8948
  2.8861
  2.8913
  2.8849
  2.8842
  2.8870
  2.8844
  2.8915
  2.8863
  2.8925
  2.8807
  2.8832
  2.8979
  2.8849
  2.8893
  2.8877
  2.8763
  2.8792
  2.8909
  2.8922
  2.8998
  2.8910
  2.8809
  2.8890
  2.8844
  2.8802
  2.8750
  2.8908
  2.8835
  2.8868
  2.8758
  2.8853
  2.8977
  2.8951
  2.8879
  2.8950
  2.8948
  2.9028
  2.8883
  2.8923
  2.8813
  2.8870
  2.8895
  2.8902
  2.8922
  2.8893
  2.8816
  2.8935
  2.8876
  2.8881
  2.8876
  2.8944
  2.8787
  2.8966
  2.8934
  2.8890
  2.8845
  2.8896
  2.8922
  2.8811
  2.8888
  2.8818
  2.8960
  2.8879
  2.8872
  2.8996
  2.8779
  2.8792
  2.8845
  2.8876
  2.8829
  2.8915
  2.8871
  2.8870
  2.8885
  2.8948
  2.8907
  2.8830
  2.8817
  2.8970
  2.8805
  2.8881
  2.8855
  2.8777
  2.8796
  2.8908
  2.8864
  2.9012
  2.8800
  2.8805
  2.8899
  2.8826
  2.8907
  2.8907
  2.8900
  2.8850
  2.8934
  2.8794
  2.8907
  2.8837
  2.8956
  2.8932
  2.8903
  2.8863
  2.9027
  2.8802
  2.8903
  2.8930
  2.8991
  2.8825
  2.8891
  2.8920
  2.8895
  2.8872
  2.8890
  2.8857
  2.8944
  2.8895
  2.8906
  2.8857
  2.8827
  2.8803
  2.8868
  2.8877
  2.8810
  2.8806
  2.8993
  2.8845
  2.8880
  2.8917
  2.8875
  2.8896
  2.8813
  2.8924
  2.8877
  2.8829
  2.8931
  2.8787
  2.8861
  2.8825
  2.8911
  2.8887
  2.8791
  2.8795
  2.8846
  2.8813
  2.8953
  2.8881
  2.8881
  2.8888
  2.9025
  2.8876
  2.8811
  2.8845
  2.8907
  2.8901
  2.8890
  2.8884
  2.8930
  2.8941
  2.8832
  2.8874
  2.8943
  2.8880
  2.8885
  2.8913
  2.8891
  2.8866
  2.8873
  2.8814
  2.8799
  2.8911
  2.8807
  2.8795
  2.8863
  2.8899
  2.8898
  2.8973
  2.8925
  2.8909
  2.8950
  2.8912
  2.8915
  2.8932
  2.8879
  2.8890
  2.8893
  2.8863
  2.8879
  2.8874
  2.8849
  2.8883
  2.8942
  2.8943
  2.8849
  2.8884
  2.8828
  2.8889
  2.8793
  2.8899
  2.8917
  2.8865
  2.8845
  2.8949
  2.8932
  2.8864
  2.8876
  2.8861
  2.8909
  2.8857
  2.8823
  2.8879
  2.8861
  2.8881
  2.8923
  2.8886
  2.8964
  2.8919
  2.8944
  2.8797
  2.8795
  2.8947
  2.8851
  2.8799
  2.8903
  2.8977
  2.8938
  2.8844
  2.8774
  2.8923
  2.8919
  2.8960
  2.8942
  2.8865
  2.8912
  2.8861
  2.8859
  2.8882
  2.8895
  2.8952
  2.8938
  2.8867
  2.8873
  2.8922
  2.8901
  2.8878
  2.8763
  2.8893
  2.8853
  2.8874
  2.8918
  2.8925
  2.8852
  2.8789
  2.8917
  2.8962
  2.8970
  2.8789
  2.8864
  2.8860
  2.8872
  2.9018
  2.8836
  2.8898
  2.8948
  2.8853
  2.8954
  2.8831
  2.8876
  2.8940
  2.8977
  2.8785
  2.8823
  2.8913
  2.8801
  2.8837
  2.8891
  2.8840
  2.8929
  2.8941
  2.8939
  2.8913
  2.8892
  2.8783
  2.8732
  2.8822
  2.8880
  2.8908
  2.8898
  2.8909
  2.8856
  2.8848
  2.8790
  2.8915
  2.8910
  2.8944
  2.8808
  2.8906
  2.8839
  2.8820
  2.8835
  2.8875
  2.8782
  2.8823
  2.8867
  2.8836
  2.8838
  2.8893
  2.8892
  2.8913
  2.8948
  2.8906
  2.8819
  2.8890
  2.8861
  2.8939
  2.8884
  2.8917
  2.8806
  2.8868
  2.8796
  2.8828
  2.8873
  2.8905
  2.8942
  2.8907
  2.8871
  2.8943
  2.8837
  2.8841
  2.8878
  2.8795
  2.8857
  2.8767
  2.8807
  2.8943
  2.8763
  2.8821
  2.8853
  2.8871
  2.8761
  2.8863
  2.8855
  2.8851
  2.8953
  2.8838
  2.8884
  2.8832
  2.8901
  2.8829
  2.8756
  2.8943
  2.8998
  2.8911
  2.8894
  2.8903
  2.8860
  2.8918
  2.8816
  2.8949
  2.8964
  2.8939
  2.8887
  2.8918
  2.8781
  2.8871
  2.8915
  2.8940
  2.8949
  2.8806
  2.8915
  2.8824
  2.8918
  2.8890
  2.8902
  2.8781
  2.8959
  2.8754
  2.8894
  2.8886
  2.8828
  2.8782
  2.8875
  2.8946
  2.8824
  2.8781
  2.8746
  2.8837
  2.8925
  2.8926
  2.8837
  2.8970
  2.8949
  2.8785
  2.8809
  2.8892
  2.8831
  2.8835
  2.8960
  2.8840
  2.8839
  2.8809
  2.8985
  2.8926
  2.8882
  2.8899
  2.8942
  2.8889
  2.8867
  2.8824
  2.8956
  2.8751
  2.8847
  2.8906
  2.8799
  2.8802
  2.8778
  2.8772
  2.8755
  2.8777
  2.8843
  2.8923
  2.8854
  2.8790
  2.8876
  2.8870
  2.8916
  2.8946
  2.8888
  2.8934
  2.8903
  2.8849
  2.8838
  2.8858
  2.8840
  2.8908
  2.8876
  2.8858
  2.8967
  2.8878
  2.8880
  2.8829
  2.8897
  2.8855
  2.8872
  2.9050
  2.8902
  2.8919
  2.8885
  2.8923
  2.8945
  2.8826
  2.8817
  2.8985
  2.8933
  2.8792
  2.8891
  2.8875
  2.8818
  2.8829
  2.8868
  2.8904
  2.8709
  2.8895
  2.8820
  2.8830
  2.8870
  2.8859
  2.8834
  2.8802
  2.8953
  2.8820
  2.8678
  2.8869
  2.8905
  2.8954
  2.8928
  2.8966
  2.8781
  2.8884
  2.8809
  2.8942
  2.8859
  2.8893
  2.8796
  2.8860
  2.8834
  2.8870
  2.8864
  2.8897
  2.8905
  2.8834
  2.8964
  2.8883
  2.8837
  2.8843
  2.8881
  2.8890
  2.8905
  2.8853
  2.8813
  2.8754
  2.8892
  2.8784
  2.8852
  2.8930
  2.8816
  2.8853
  2.8885
  2.8920
  2.8944
  2.8748
  2.8864
  2.8887
  2.8963
  2.8925
  2.8890
  2.8829
  2.8850
  2.8807
  2.8776
  2.8938
  2.8899
  2.8813
  2.8791
  2.8837
  2.8842
  2.8830
  2.8863
  2.8719
  2.8834
  2.8774
  2.8791
  2.8864
  2.8785
  2.8853
  2.8906
  2.8931
  2.8868
  2.8732
  2.8901
  2.8785
  2.8800
  2.8872
  2.8861
  2.8985
  2.8795
  2.8955
  2.8900
  2.8797
  2.8909
  2.8875
  2.8921
  2.8861
  2.8892
  2.8838
  2.8934
  2.8787
  2.8891
  2.8868
  2.8991
  2.8876
  2.8964
  2.8751
  2.8870
  2.8890
  2.8884
  2.8888
  2.9001
  2.8867
  2.8896
  2.8881
  2.8867
  2.8931
  2.8827
  2.8871
  2.8838
  2.8910
  2.8865
  2.8848
  2.8826
  2.8787
  2.8851
  2.8892
  2.8935
  2.8925
  2.8830
  2.8906
  2.8936
  2.8844
  2.8881
  2.8880
  2.8748
  2.8886
  2.8799
  2.8889
  2.8962
  2.8777
  2.8841
  2.8950
  2.8909
  2.8867
  2.8844
  2.8939
  2.8933
  2.8904
  2.8755
  2.8771
  2.8954
  2.8752
  2.8856
  2.8872
  2.8891
  2.8949
  2.8978
  2.8768
  2.8813
  2.8837
  2.8909
  2.8888
  2.8913
  2.8910
  2.8880
  2.8845
  2.8819
  2.8903
  2.8853
  2.8929
  2.8851
  2.8881
  2.8869
  2.8927
  2.8837
  2.8874
  2.8825
  2.8925
  2.8904
  2.8767
  2.8888
  2.8928
  2.8844
  2.8768
  2.8876
  2.8982
  2.8923
  2.8942
  2.8837
  2.8827
  2.8760
  2.8908
  2.8829
  2.8911
  2.8872
  2.8835
  2.8911
  2.8821
  2.8882
  2.8793
  2.8797
  2.8913
  2.8844
  2.8985
  2.8854
  2.8812
  2.8931
  2.8887
  2.8788
  2.9000
  2.8936
  2.8882
  2.8972
  2.8865
  2.8808
  2.8921
  2.8870
  2.8970
  2.8887
  2.8745
  2.8919
  2.8829
  2.8828
  2.8889
  2.8874
  2.8777
  2.8947
  2.8822
  2.8987
  2.8868
  2.8900
  2.8943
  2.8983
  2.8871
  2.8880
  2.9022
  2.8865
  2.8768
  2.8824
  2.8919
  2.8926
  2.8886
  2.8911
  2.8864
  2.8857
  2.8782
  2.8829
  2.8840
  2.8770
  2.8862
  2.8867
  2.8927
  2.8890
  2.8859
  2.8852
  2.8874
  2.8931
  2.8855
  2.8838
  2.8981
  2.8800
  2.8898
  2.8858
  2.8817
  2.8808
  2.8839
  2.8879
  2.8904
  2.8903
  2.8925
  2.8955
  2.8872
  2.8851
  2.8817
  2.8875
  2.8893
  2.8797
  2.8910
  2.8787
  2.8823
  2.8955
  2.8897
  2.8960
  2.8938
  2.8864
  2.8845
  2.8852
  2.8824
  2.8861
  2.8896
  2.8832
  2.8848
  2.8807
  2.8808
  2.8762
  2.8907
  2.8913
  2.9005
  2.8905
  2.8894
  2.8874
  2.8890
  2.8929
  2.8783
  2.8744
  2.8740
  2.8960
  2.9023
  2.8914
  2.8905
  2.9011
  2.8888
  2.8770
  2.8880
  2.8795
  2.8791
  2.8766
  2.8860
  2.8837
  2.8867
  2.8903
  2.8806
  2.8829
  2.8880
  2.8894
  2.8881
  2.8921
  2.8886
  2.8817
  2.8899
  2.8885
  2.8910
  2.8927
  2.8837
  2.8944
  2.8927
  2.8847
  2.8904
  2.8886
  2.8778
  2.8907
  2.8813
  2.8874
  2.8941
  2.8849
  2.8882
  2.8906
  2.8846
  2.8836
  2.8898
  2.8876
  2.8889
  2.8845
  2.8889
  2.8936
  2.8859
  2.8846
  2.8861
  2.8800
  2.8956
  2.8871
  2.8780
  2.8748
  2.8819
  2.8891
  2.8844
  2.8886
  2.8780
  2.8781
  2.8898
  2.8836
  2.8873
  2.8895
  2.8893
  2.8824
  2.8837
  2.8868
  2.9053
  2.8851
  2.8843
  2.8848
  2.8837
  2.8809
  2.8928
  2.8880
  2.8916
  2.8915
  2.8834
  2.8785
  2.8807
  2.8873
  2.8876
  2.8815
  2.8898
  2.8895
  2.8860
  2.8966
  2.8889
  2.8839
  2.8823
  2.8993
  2.8866
  2.8778
  2.8813
  2.8866
  2.9036
  2.8786
  2.8917
  2.8923
  2.8806
  2.8863
  2.8989
  2.8901
  2.8927
  2.8909
  2.8886
  2.8978
  2.8934
  2.8916
  2.8786
  2.8888
  2.8750
  2.8881
  2.8820
  2.8881
  2.8849
  2.8909
  2.8799
  2.8905
  2.8890
  2.8761
  2.8794
  2.8893
  2.8890
  2.8888
  2.8877
  2.8752
  2.8851
  2.8801
  2.8856
  2.8925
  2.8876
  2.8971
  2.8791
  2.8964
  2.8790
  2.8893
  2.8800
  2.8802
  2.8839
  2.8876
  2.8831
  2.8922
  2.8863
  2.8904
  2.8899
  2.8826
  2.8903
  2.8787
  2.8965
  2.8871
  2.8946
  2.8868
  2.8877
  2.8829
  2.8779
  2.8837
  2.8812
  2.8957
  2.8867
  2.8943
  2.8898
  2.8846
  2.8831
  2.8767
  2.8857
  2.8830
  2.8938
  2.8865
  2.8897
  2.8899
  2.8912
  2.8991
  2.8802
  2.8858
  2.8907
  2.8899
  2.8831
  2.8863
  2.8916
  2.8842
  2.8703
  2.8750
  2.8843
  2.8915
  2.8881
  2.8818
  2.8824
  2.8940
  2.8949
  2.9011
  2.8877
  2.8786
  2.8895
  2.8878
  2.8829
  2.8904
  2.8900
  2.8855
  2.8910
  2.8813
  2.8880
  2.8884
  2.8914
  2.8924
  2.8807
  2.8855
  2.8823
  2.8783
  2.8854
  2.8868
  2.8897
  2.8890
  2.8917
  2.8860
  2.8819
  2.8882
  2.8914
  2.8875
  2.8873
  2.8872
  2.8896
  2.8880
  2.8833
  2.8788
  2.8796
  2.8880
  2.8894
  2.8982
  2.8872
  2.8820
  2.8898
  2.8910
  2.8836
  2.8924
  2.8903
  2.8852
  2.8847
  2.8822
  2.8916
  2.8840
  2.8894
  2.8816
  2.8828
  2.8889
  2.8846
  2.8848
  2.8843
  2.8903
  2.8825
  2.8798
  2.8833
  2.8846
  2.8831
  2.8930
  2.8941
  2.8758
  2.8945
  2.8824
  2.8867
  2.8854
  2.8801
  2.8867
  2.8924
  2.8950
  2.9037
  2.9023
  2.8898
  2.8966
  2.8752
  2.8790
  2.8873
  2.8895
  2.8871
  2.8793
  2.8760
  2.8734
  2.8898
  2.8854
  2.8885
  2.8917
  2.8816
  2.8841
  2.8888
  2.8825
  2.8905
  2.8923
  2.8903
  2.8875
  2.8846
  2.8849
  2.8794
  2.8819
  2.8880
  2.8968
  2.8927
  2.8898
  2.8835
  2.8857
  2.8729
  2.8886
  2.8894
  2.8911
  2.8847
  2.8886
  2.8860
  2.8968
  2.8765
  2.8888
  2.8882
  2.8971
  2.8947
  2.8887
  2.8843
  2.8813
  2.8884
  2.8953
  2.8994
  2.8873
  2.8930
  2.8784
  2.8799
  2.9044
  2.8793
  2.8874
  2.8808
  2.8972
  2.8855
  2.8825
  2.8916
  2.8886
  2.8843
  2.8868
  2.8923
  2.8809
  2.8864
  2.8871
  2.8948
  2.8909
  2.8846
  2.8946
  2.8900
  2.8860
  2.8808
  2.8869
  2.8826
  2.8808
  2.8797
  2.8969
  2.8898
  2.8820
  2.8856
  2.8737
  2.8902
  2.8794
  2.8896
  2.8905
  2.8836
  2.8851
  2.8847
  2.8845
  2.8841
  2.8879
  2.8807
  2.8910
  2.8925
  2.8827
  2.8951
  2.8915
  2.8962
  2.8883
  2.8785
  2.8933
  2.8874
  2.8827
  2.8864
  2.8858
  2.8844
  2.8868
  2.8884
  2.8873
  2.8912
  2.8919
  2.8938
  2.8866
  2.8791
  2.8905
  2.8861
  2.8884
  2.8865
  2.8931
  2.8829
  2.8829
  2.8810
  2.8789
  2.8921
  2.8852
  2.8948
  2.8835
  2.8883
  2.8891
  2.8829
  2.8976
  2.8858
  2.8918
  2.8801
  2.8895
  2.8881
  2.8793
  2.8815
  2.8887
  2.8783
  2.8908
  2.9035
  2.8814
  2.8876
  2.8969
  2.8826
  2.8816
  2.8934
  2.8825
  2.8814
  2.8839
  2.8838
  2.8823
  2.8930
  2.8888
  2.8847
  2.8876
  2.8766
  2.8947
  2.8849
  2.8908
  2.8877
  2.8820
  2.8813
  2.8900
  2.8947
  2.8965
  2.8970
  2.8863
  2.8940
  2.8809
  2.8888
  2.8856
  2.8969
  2.8910
  2.8764
  2.8845
  2.8792
  2.8856
  2.8816
  2.8884
  2.8926
  2.8866
  2.8822
  2.8872
  2.8790
  2.8872
  2.8836
  2.8840
  2.8908
  2.8789
  2.8878
  2.8812
  2.8859
  2.8909
  2.8795
  2.8942
  2.8810
  2.8878
  2.8940
  2.8925
  2.8754
  2.8867
  2.8864
  2.8910
  2.8895
  2.8900
  2.8846
  2.8941
  2.8860
  2.8851
  2.8834
  2.8881
  2.8851
  2.8888
  2.8849
  2.8816
  2.8952
  2.8804
  2.8904
  2.8878
  2.8789
  2.8819
  2.8825
  2.8905
  2.8826
  2.8801
  2.8930
  2.8942
  2.8980
  2.8898
  2.8908
  2.8843
  2.8870
  2.8901
  2.8869
  2.8886
  2.8856
  2.8837
  2.8827
  2.8934
  2.8832
  2.8903
  2.8993
  2.8886
  2.8910
  2.8870
  2.8749
  2.8762
  2.8843
  2.8781
  2.8822
  2.8873
  2.8830
  2.8896
  2.8876
  2.8881
  2.8905
  2.8813
  2.8806
  2.8874
  2.8843
  2.8854
  2.8797
  2.8831
  2.8804
  2.8855
  2.8718
  2.8790
  2.8886
  2.8799
  2.8913
  2.8814
  2.8811
  2.8992
  2.8917
  2.8932
  2.8912
  2.8757
  2.8949
  2.8863
  2.8884
  2.8842
  2.8870
  2.8948
  2.8980
  2.8903
  2.8919
  2.8906
  2.8897
  2.8843
  2.8765
  2.8922
