C1431410.125887
Gadanki 14/03/2014 10:12:28 14/03/2014 10:12:59 0375 0079.2 0013.5 00
0000000 0020 0000600 0020 01
1 0 2 02000 1 0000 0030 00532.o 0 0 00 000 14 000600 0.500 BT0
532.000 .o analog 0 
  3.0566
 21.3152
 18.3780
 11.1341
 12.4525
 13.8426
 16.9779
 26.7563
 37.2385
 40.5144
 38.9017
 35.3610
 31.5516
 28.1708
 25.0237
 22.4484
 20.2502
 18.2696
 16.6489
 15.4383
 14.1888
 12.8709
 12.0382
 11.3900
 10.7087
 10.2661
  9.6301
  9.1824
  8.8925
  8.4339
  8.1282
  7.7299
  7.2910
  6.9230
  6.5433
  6.1973
  5.9157
  5.7417
  5.5265
  5.3613
  5.2293
  5.1090
  4.9902
  4.9012
  4.7792
  4.6733
  4.5625
  4.4701
  4.4105
  4.3674
  4.3113
  4.2109
  4.1403
  4.0966
  4.1100
  4.0851
  4.0830
  3.9545
  3.9558
  3.9820
  3.9433
  3.8705
  3.7908
  3.7697
  3.7743
  3.7086
  3.6525
  3.6460
  3.6399
  3.6008
  3.5965
  3.5544
  3.5400
  3.5141
  3.4929
  3.4777
  3.4719
  3.4450
  3.4348
  3.4259
  3.4558
  3.4709
  3.4372
  3.3700
  3.3507
  3.3392
  3.3425
  3.3362
  3.3254
  3.3012
  3.2900
  3.2998
  3.2943
  3.2908
  3.2758
  3.2837
  3.2662
  3.2584
  3.2584
  3.2571
  3.2597
  3.2476
  3.2396
  3.2303
  3.2148
  3.2248
  3.2153
  3.2158
  3.2088
  3.2110
  3.2130
  3.2107
  3.1979
  3.1800
  3.1877
  3.1945
  3.1930
  3.1781
  3.1758
  3.1894
  3.1850
  3.1883
  3.1732
  3.1751
  3.1501
  3.1629
  3.1634
  3.1629
  3.1630
  3.1576
  3.1513
  3.1591
  3.1570
  3.1479
  3.1615
  3.1374
  3.1340
  3.1462
  3.1379
  3.1420
  3.1483
  3.1457
  3.1470
  3.1396
  3.1312
  3.1428
  3.1285
  3.1432
  3.1355
  3.1237
  3.1275
  3.1285
  3.1349
  3.1273
  3.1344
  3.1318
  3.1172
  3.1304
  3.1164
  3.1197
  3.1097
  3.1169
  3.1087
  3.1156
  3.1150
  3.1112
  3.1264
  3.1094
  3.1169
  3.1025
  3.1092
  3.1137
  3.1104
  3.1064
  3.1078
  3.1253
  3.1026
  3.1131
  3.1152
  3.1057
  3.1062
  3.0976
  3.0995
  3.1015
  3.1159
  3.1126
  3.1052
  3.1047
  3.1043
  3.0963
  3.1062
  3.0999
  3.0931
  3.1041
  3.0930
  3.0999
  3.0999
  3.0936
  3.0858
  3.0917
  3.0892
  3.0960
  3.1031
  3.0950
  3.0878
  3.0968
  3.0973
  3.1005
  3.0871
  3.1054
  3.1087
  3.0927
  3.0962
  3.0903
  3.0908
  3.0899
  3.0739
  3.0955
  3.0947
  3.0915
  3.0883
  3.0771
  3.0917
  3.1026
  3.0936
  3.0915
  3.0919
  3.0976
  3.0883
  3.0866
  3.0860
  3.0951
  3.0841
  3.0845
  3.0821
  3.0843
  3.0813
  3.0911
  3.0862
  3.0771
  3.0768
  3.0804
  3.0914
  3.0893
  3.0866
  3.0751
  3.0812
  3.0871
  3.0847
  3.0734
  3.0812
  3.0891
  3.0761
  3.0803
  3.0843
  3.0772
  3.0811
  3.0842
  3.0758
  3.0676
  3.0751
  3.0708
  3.0827
  3.0803
  3.0859
  3.0679
  3.0785
  3.0838
  3.0754
  3.0767
  3.0756
  3.0740
  3.0814
  3.0854
  3.0763
  3.0840
  3.0706
  3.0861
  3.0732
  3.0731
  3.0777
  3.0792
  3.0670
  3.0756
  3.0672
  3.0743
  3.0692
  3.0843
  3.0767
  3.0772
  3.0661
  3.0765
  3.0830
  3.0812
  3.0696
  3.0829
  3.0891
  3.0710
  3.0771
  3.0790
  3.0717
  3.0637
  3.0712
  3.0838
  3.0583
  3.0797
  3.0632
  3.0899
  3.0836
  3.0732
  3.0782
  3.0681
  3.0751
  3.0582
  3.0765
  3.0770
  3.0836
  3.0747
  3.0791
  3.0716
  3.0783
  3.0686
  3.0752
  3.0783
  3.0824
  3.0701
  3.0848
  3.0707
  3.0856
  3.0737
  3.0851
  3.0723
  3.0736
  3.0924
  3.0764
  3.0711
  3.0670
  3.0621
  3.0683
  3.0704
  3.0792
  3.0689
  3.0748
  3.0793
  3.0774
  3.0838
  3.0693
  3.0678
  3.0780
  3.0800
  3.0666
  3.0688
  3.0724
  3.0644
  3.0534
  3.0671
  3.0620
  3.0653
  3.0643
  3.0705
  3.0697
  3.0621
  3.0661
  3.0716
  3.0681
  3.0712
  3.0603
  3.0645
  3.0634
  3.0720
  3.0673
  3.0666
  3.0692
  3.0753
  3.0767
  3.0549
  3.0747
  3.0716
  3.0584
  3.0699
  3.0666
  3.0641
  3.0688
  3.0733
  3.0695
  3.0705
  3.0695
  3.0669
  3.0724
  3.0790
  3.0713
  3.0814
  3.0711
  3.0763
  3.0634
  3.0682
  3.0718
  3.0610
  3.0622
  3.0686
  3.0712
  3.0727
  3.0786
  3.0659
  3.0714
  3.0577
  3.0718
  3.0589
  3.0648
  3.0628
  3.0675
  3.0776
  3.0736
  3.0650
  3.0693
  3.0644
  3.0648
  3.0714
  3.0582
  3.0724
  3.0674
  3.0663
  3.0746
  3.0823
  3.0683
  3.0705
  3.0744
  3.0624
  3.0657
  3.0717
  3.0727
  3.0714
  3.0721
  3.0627
  3.0794
  3.0677
  3.0682
  3.0702
  3.0710
  3.0640
  3.0635
  3.0591
  3.0636
  3.0753
  3.0707
  3.0776
  3.0658
  3.0626
  3.0706
  3.0662
  3.0715
  3.0664
  3.0717
  3.0605
  3.0541
  3.0630
  3.0654
  3.0698
  3.0621
  3.0700
  3.0632
  3.0695
  3.0806
  3.0771
  3.0693
  3.0734
  3.0612
  3.0654
  3.0765
  3.0780
  3.0723
  3.0643
  3.0793
  3.0634
  3.0651
  3.0682
  3.0696
  3.0710
  3.0694
  3.0661
  3.0573
  3.0629
  3.0763
  3.0653
  3.0666
  3.0729
  3.0614
  3.0738
  3.0691
  3.0665
  3.0555
  3.0737
  3.0791
  3.0586
  3.0585
  3.0727
  3.0686
  3.0642
  3.0757
  3.0723
  3.0743
  3.0653
  3.0729
  3.0573
  3.0671
  3.0664
  3.0661
  3.0696
  3.0679
  3.0745
  3.0664
  3.0608
  3.0697
  3.0700
  3.0674
  3.0667
  3.0613
  3.0756
  3.0593
  3.0692
  3.0671
  3.0612
  3.0581
  3.0657
  3.0771
  3.0748
  3.0545
  3.0599
  3.0503
  3.0667
  3.0708
  3.0599
  3.0683
  3.0580
  3.0686
  3.0707
  3.0663
  3.0582
  3.0784
  3.0563
  3.0686
  3.0658
  3.0717
  3.0776
  3.0858
  3.0667
  3.0630
  3.0706
  3.0684
  3.0598
  3.0663
  3.0691
  3.0646
  3.0709
  3.0497
  3.0687
  3.0626
  3.0767
  3.0712
  3.0622
  3.0745
  3.0773
  3.0681
  3.0646
  3.0661
  3.0568
  3.0639
  3.0713
  3.0643
  3.0677
  3.0709
  3.0759
  3.0673
  3.0716
  3.0575
  3.0739
  3.0692
  3.0652
  3.0605
  3.0535
  3.0713
  3.0638
  3.0680
  3.0673
  3.0708
  3.0722
  3.0681
  3.0745
  3.0777
  3.0762
  3.0532
  3.0651
  3.0716
  3.0695
  3.0772
  3.0696
  3.0667
  3.0533
  3.0647
  3.0595
  3.0698
  3.0648
  3.0590
  3.0662
  3.0566
  3.0773
  3.0674
  3.0741
  3.0550
  3.0741
  3.0779
  3.0647
  3.0646
  3.0678
  3.0766
  3.0547
  3.0754
  3.0715
  3.0539
  3.0651
  3.0629
  3.0675
  3.0712
  3.0793
  3.0649
  3.0620
  3.0598
  3.0640
  3.0611
  3.0621
  3.0595
  3.0612
  3.0727
  3.0609
  3.0647
  3.0700
  3.0658
  3.0676
  3.0691
  3.0610
  3.0671
  3.0588
  3.0572
  3.0717
  3.0678
  3.0679
  3.0702
  3.0598
  3.0606
  3.0620
  3.0744
  3.0610
  3.0755
  3.0650
  3.0684
  3.0699
  3.0679
  3.0641
  3.0622
  3.0709
  3.0665
  3.0680
  3.0650
  3.0680
  3.0711
  3.0596
  3.0547
  3.0629
  3.0753
  3.0736
  3.0675
  3.0576
  3.0593
  3.0734
  3.0711
  3.0686
  3.0594
  3.0703
  3.0640
  3.0616
  3.0558
  3.0600
  3.0730
  3.0634
  3.0687
  3.0583
  3.0660
  3.0522
  3.0768
  3.0641
  3.0722
  3.0587
  3.0794
  3.0561
  3.0727
  3.0582
  3.0649
  3.0680
  3.0694
  3.0610
  3.0726
  3.0665
  3.0519
  3.0612
  3.0588
  3.0639
  3.0600
  3.0754
  3.0619
  3.0694
  3.0595
  3.0642
  3.0661
  3.0638
  3.0537
  3.0541
  3.0676
  3.0624
  3.0733
  3.0591
  3.0702
  3.0671
  3.0757
  3.0652
  3.0665
  3.0539
  3.0683
  3.0747
  3.0588
  3.0774
  3.0610
  3.0634
  3.0629
  3.0666
  3.0688
  3.0700
  3.0659
  3.0565
  3.0673
  3.0617
  3.0647
  3.0688
  3.0672
  3.0618
  3.0609
  3.0619
  3.0698
  3.0591
  3.0565
  3.0618
  3.0726
  3.0544
  3.0620
  3.0646
  3.0584
  3.0685
  3.0542
  3.0623
  3.0681
  3.0665
  3.0628
  3.0638
  3.0573
  3.0669
  3.0639
  3.0750
  3.0729
  3.0633
  3.0549
  3.0554
  3.0604
  3.0608
  3.0582
  3.0683
  3.0681
  3.0659
  3.0679
  3.0727
  3.0695
  3.0607
  3.0580
  3.0576
  3.0558
  3.0667
  3.0681
  3.0631
  3.0593
  3.0674
  3.0663
  3.0686
  3.0664
  3.0649
  3.0688
  3.0621
  3.0674
  3.0749
  3.0795
  3.0720
  3.0635
  3.0697
  3.0645
  3.0637
  3.0753
  3.0734
  3.0637
  3.0687
  3.0620
  3.0626
  3.0569
  3.0612
  3.0603
  3.0695
  3.0626
  3.0634
  3.0608
  3.0695
  3.0642
  3.0665
  3.0627
  3.0774
  3.0662
  3.0650
  3.0637
  3.0716
  3.0570
  3.0674
  3.0752
  3.0566
  3.0748
  3.0624
  3.0664
  3.0695
  3.0621
  3.0682
  3.0697
  3.0655
  3.0589
  3.0670
  3.0637
  3.0682
  3.0742
  3.0653
  3.0702
  3.0628
  3.0672
  3.0668
  3.0638
  3.0629
  3.0639
  3.0697
  3.0675
  3.0576
  3.0618
  3.0699
  3.0663
  3.0529
  3.0636
  3.0725
  3.0542
  3.0735
  3.0667
  3.0653
  3.0580
  3.0529
  3.0665
  3.0692
  3.0653
  3.0613
  3.0523
  3.0671
  3.0715
  3.0751
  3.0646
  3.0630
  3.0671
  3.0600
  3.0626
  3.0704
  3.0629
  3.0453
  3.0648
  3.0592
  3.0721
  3.0780
  3.0588
  3.0579
  3.0613
  3.0647
  3.0636
  3.0638
  3.0755
  3.0671
  3.0715
  3.0524
  3.0579
  3.0562
  3.0631
  3.0655
  3.0703
  3.0659
  3.0638
  3.0554
  3.0713
  3.0724
  3.0741
  3.0613
  3.0621
  3.0669
  3.0609
  3.0638
  3.0664
  3.0561
  3.0673
  3.0603
  3.0707
  3.0718
  3.0596
  3.0607
  3.0614
  3.0718
  3.0690
  3.0732
  3.0512
  3.0625
  3.0650
  3.0627
  3.0655
  3.0603
  3.0641
  3.0587
  3.0707
  3.0703
  3.0597
  3.0668
  3.0720
  3.0603
  3.0650
  3.0653
  3.0691
  3.0613
  3.0753
  3.0550
  3.0555
  3.0608
  3.0574
  3.0551
  3.0632
  3.0709
  3.0617
  3.0599
  3.0633
  3.0657
  3.0807
  3.0678
  3.0644
  3.0628
  3.0702
  3.0726
  3.0653
  3.0669
  3.0636
  3.0663
  3.0705
  3.0725
  3.0647
  3.0602
  3.0570
  3.0594
  3.0743
  3.0634
  3.0680
  3.0537
  3.0658
  3.0683
  3.0597
  3.0599
  3.0594
  3.0616
  3.0648
  3.0605
  3.0680
  3.0612
  3.0739
  3.0593
  3.0608
  3.0568
  3.0641
  3.0680
  3.0669
  3.0465
  3.0669
  3.0623
  3.0613
  3.0646
  3.0673
  3.0585
  3.0768
  3.0609
  3.0515
  3.0663
  3.0500
  3.0717
  3.0631
  3.0561
  3.0592
  3.0671
  3.0717
  3.0603
  3.0640
  3.0715
  3.0568
  3.0728
  3.0577
  3.0629
  3.0726
  3.0611
  3.0682
  3.0650
  3.0683
  3.0685
  3.0584
  3.0625
  3.0637
  3.0659
  3.0516
  3.0628
  3.0608
  3.0653
  3.0546
  3.0655
  3.0682
  3.0640
  3.0621
  3.0639
  3.0725
  3.0563
  3.0739
  3.0715
  3.0646
  3.0650
  3.0669
  3.0659
  3.0607
  3.0573
  3.0663
  3.0620
  3.0644
  3.0747
  3.0671
  3.0665
  3.0725
  3.0741
  3.0545
  3.0659
  3.0648
  3.0673
  3.0641
  3.0648
  3.0635
  3.0659
  3.0589
  3.0662
  3.0734
  3.0738
  3.0648
  3.0609
  3.0692
  3.0656
  3.0702
  3.0633
  3.0532
  3.0557
  3.0671
  3.0508
  3.0709
  3.0686
  3.0594
  3.0578
  3.0658
  3.0667
  3.0543
  3.0703
  3.0623
  3.0567
  3.0684
  3.0713
  3.0643
  3.0645
  3.0594
  3.0613
  3.0779
  3.0654
  3.0624
  3.0675
  3.0674
  3.0671
  3.0596
  3.0605
  3.0633
  3.0663
  3.0625
  3.0768
  3.0625
  3.0597
  3.0653
  3.0620
  3.0641
  3.0589
  3.0696
  3.0710
  3.0655
  3.0624
  3.0537
  3.0532
  3.0670
  3.0665
  3.0661
  3.0694
  3.0629
  3.0644
  3.0696
  3.0718
  3.0770
  3.0679
  3.0585
  3.0584
  3.0721
  3.0561
  3.0652
  3.0481
  3.0576
  3.0502
  3.0623
  3.0649
  3.0586
  3.0720
  3.0573
  3.0697
  3.0537
  3.0681
  3.0735
  3.0673
  3.0713
  3.0734
  3.0659
  3.0701
  3.0642
  3.0697
  3.0634
  3.0664
  3.0694
  3.0553
  3.0702
  3.0631
  3.0699
  3.0681
  3.0765
  3.0601
  3.0628
  3.0603
  3.0692
  3.0589
  3.0585
  3.0621
  3.0731
  3.0626
  3.0521
  3.0604
  3.0621
  3.0595
  3.0640
  3.0610
  3.0626
  3.0774
  3.0710
  3.0662
  3.0672
  3.0586
  3.0644
  3.0751
  3.0733
  3.0575
  3.0708
  3.0737
  3.0717
  3.0631
  3.0665
  3.0755
  3.0705
  3.0668
  3.0562
  3.0725
  3.0587
  3.0693
  3.0615
  3.0630
  3.0683
  3.0717
  3.0558
  3.0717
  3.0765
  3.0727
  3.0651
  3.0607
  3.0732
  3.0662
  3.0564
  3.0658
  3.0646
  3.0577
  3.0656
  3.0540
  3.0666
  3.0614
  3.0685
  3.0589
  3.0557
  3.0654
  3.0589
  3.0681
  3.0745
  3.0730
  3.0612
  3.0691
  3.0700
  3.0706
  3.0729
  3.0712
  3.0639
  3.0645
  3.0544
  3.0727
  3.0779
  3.0669
  3.0673
  3.0674
  3.0741
  3.0570
  3.0645
  3.0651
  3.0612
  3.0568
  3.0671
  3.0629
  3.0602
  3.0618
  3.0618
  3.0574
  3.0524
  3.0639
  3.0632
  3.0672
  3.0562
  3.0722
  3.0738
  3.0657
  3.0588
  3.0614
  3.0738
  3.0740
  3.0738
  3.0619
  3.0578
  3.0706
  3.0727
  3.0636
  3.0779
  3.0688
  3.0567
  3.0579
  3.0616
  3.0547
  3.0677
  3.0550
  3.0588
  3.0624
  3.0583
  3.0597
  3.0697
  3.0721
  3.0525
  3.0584
  3.0696
  3.0712
  3.0684
  3.0643
  3.0646
  3.0686
  3.0528
  3.0587
  3.0689
  3.0642
  3.0497
  3.0598
  3.0600
  3.0667
  3.0740
  3.0614
  3.0613
  3.0713
  3.0708
  3.0545
  3.0593
  3.0562
  3.0580
  3.0631
  3.0656
  3.0630
  3.0632
  3.0706
  3.0610
  3.0678
  3.0664
  3.0593
  3.0571
  3.0654
  3.0595
  3.0630
  3.0581
  3.0681
  3.0650
  3.0653
  3.0662
  3.0684
  3.0721
  3.0534
  3.0624
  3.0683
  3.0709
  3.0606
  3.0640
  3.0703
  3.0629
  3.0707
  3.0587
  3.0744
  3.0787
  3.0634
  3.0628
  3.0559
  3.0570
  3.0624
  3.0576
  3.0778
  3.0643
  3.0668
  3.0595
  3.0720
  3.0653
  3.0620
  3.0574
  3.0598
  3.0573
  3.0522
  3.0618
  3.0619
  3.0676
  3.0715
  3.0630
  3.0626
  3.0678
  3.0773
  3.0638
  3.0717
  3.0685
  3.0689
  3.0802
  3.0659
  3.0620
  3.0627
  3.0522
  3.0569
  3.0649
  3.0630
  3.0596
  3.0553
  3.0523
  3.0587
  3.0650
  3.0700
  3.0644
  3.0756
  3.0617
  3.0612
  3.0748
  3.0682
  3.0657
  3.0555
  3.0607
  3.0625
  3.0654
  3.0627
  3.0589
  3.0691
  3.0627
  3.0680
  3.0633
  3.0710
  3.0648
  3.0707
  3.0581
  3.0691
  3.0766
  3.0555
  3.0624
  3.0736
  3.0687
  3.0606
  3.0633
  3.0748
  3.0678
  3.0638
  3.0718
  3.0794
  3.0574
  3.0669
  3.0641
  3.0658
  3.0629
  3.0699
  3.0680
  3.0632
  3.0689
  3.0694
  3.0537
  3.0598
  3.0591
  3.0745
  3.0676
  3.0703
  3.0578
  3.0695
  3.0625
  3.0706
  3.0652
  3.0692
  3.0602
  3.0645
  3.0743
  3.0594
  3.0569
  3.0564
  3.0705
  3.0627
  3.0647
  3.0598
  3.0615
  3.0622
  3.0666
  3.0772
  3.0673
  3.0681
  3.0737
  3.0624
  3.0587
  3.0698
  3.0656
  3.0577
  3.0644
  3.0580
  3.0588
  3.0519
  3.0699
  3.0662
  3.0672
  3.0628
  3.0667
  3.0684
  3.0675
  3.0671
  3.0748
  3.0633
  3.0675
  3.0615
  3.0498
  3.0632
  3.0584
  3.0516
  3.0602
  3.0706
  3.0563
  3.0649
  3.0686
  3.0592
  3.0722
  3.0607
  3.0662
  3.0674
  3.0671
  3.0631
  3.0485
  3.0605
  3.0568
  3.0753
  3.0664
  3.0681
  3.0632
  3.0665
  3.0671
  3.0701
  3.0600
  3.0605
  3.0708
  3.0594
  3.0657
  3.0668
  3.0629
  3.0690
  3.0700
  3.0657
  3.0699
  3.0556
  3.0605
  3.0655
  3.0578
  3.0721
  3.0538
  3.0673
  3.0639
  3.0664
  3.0668
  3.0531
  3.0741
  3.0629
  3.0607
  3.0693
  3.0616
  3.0685
  3.0536
  3.0673
  3.0669
  3.0676
  3.0639
  3.0531
  3.0684
  3.0526
  3.0613
  3.0670
  3.0685
  3.0707
  3.0659
  3.0600
  3.0631
  3.0737
  3.0670
  3.0551
  3.0657
  3.0695
  3.0642
  3.0603
  3.0558
  3.0595
  3.0553
  3.0632
  3.0761
  3.0585
  3.0613
  3.0664
  3.0614
  3.0626
  3.0666
  3.0730
  3.0685
  3.0638
  3.0666
  3.0609
  3.0594
  3.0694
  3.0651
  3.0631
  3.0615
  3.0677
  3.0725
  3.0726
  3.0707
  3.0696
  3.0538
  3.0620
  3.0685
  3.0687
  3.0694
  3.0612
  3.0670
  3.0570
  3.0661
  3.0737
  3.0705
  3.0668
  3.0711
  3.0691
  3.0691
  3.0730
  3.0553
  3.0680
  3.0548
  3.0658
  3.0703
  3.0649
  3.0630
  3.0748
  3.0696
  3.0668
  3.0563
  3.0553
  3.0663
  3.0603
  3.0647
  3.0708
  3.0691
  3.0790
  3.0571
  3.0616
  3.0599
  3.0678
  3.0625
  3.0567
  3.0603
  3.0437
  3.0639
  3.0764
  3.0636
  3.0651
  3.0677
  3.0689
  3.0590
  3.0664
  3.0739
  3.0608
  3.0630
  3.0764
  3.0686
  3.0750
  3.0581
  3.0568
  3.0504
  3.0652
  3.0645
  3.0755
  3.0699
  3.0558
  3.0622
  3.0716
  3.0739
  3.0633
  3.0726
  3.0607
  3.0701
  3.0605
  3.0674
  3.0631
  3.0588
  3.0697
  3.0760
  3.0577
  3.0654
  3.0623
  3.0567
  3.0600
  3.0722
  3.0600
  3.0671
  3.0650
  3.0672
  3.0630
  3.0645
  3.0665
  3.0577
  3.0683
  3.0655
  3.0691
  3.0668
  3.0640
  3.0534
  3.0637
  3.0640
  3.0663
  3.0720
  3.0655
  3.0667
  3.0734
  3.0723
  3.0700
  3.0639
  3.0673
  3.0672
  3.0680
  3.0582
  3.0685
  3.0620
  3.0640
  3.0665
  3.0657
  3.0706
  3.0706
  3.0616
  3.0565
  3.0668
  3.0639
  3.0582
  3.0596
  3.0597
  3.0772
  3.0625
  3.0639
  3.0710
  3.0581
  3.0601
  3.0583
  3.0697
  3.0643
  3.0703
  3.0647
  3.0623
  3.0780
  3.0703
  3.0680
  3.0729
  3.0669
  3.0797
  3.0688
  3.0604
  3.0646
  3.0636
  3.0642
  3.0574
  3.0571
  3.0748
  3.0647
  3.0606
  3.0597
  3.0638
  3.0787
  3.0562
  3.0661
  3.0630
  3.0613
  3.0793
  3.0575
  3.0524
  3.0713
  3.0596
  3.0620
  3.0643
  3.0556
  3.0718
  3.0630
  3.0598
  3.0639
  3.0702
  3.0683
  3.0718
  3.0787
  3.0582
  3.0634
  3.0635
  3.0685
  3.0811
  3.0618
  3.0607
  3.0599
  3.0636
  3.0614
  3.0647
  3.0706
  3.0659
  3.0643
  3.0676
  3.0703
  3.0694
  3.0751
  3.0656
  3.0676
  3.0654
  3.0643
  3.0692
  3.0650
  3.0694
  3.0628
  3.0646
  3.0596
  3.0597
  3.0586
  3.0648
  3.0643
  3.0571
  3.0626
  3.0748
  3.0682
  3.0653
  3.0695
  3.0763
  3.0751
  3.0683
  3.0632
  3.0598
  3.0670
  3.0604
  3.0708
  3.0682
  3.0665
  3.0582
  3.0715
  3.0590
  3.0624
  3.0589
  3.0629
  3.0634
  3.0568
  3.0527
  3.0606
  3.0587
  3.0742
  3.0624
  3.0656
  3.0612
  3.0493
  3.0628
  3.0686
  3.0674
  3.0646
  3.0777
  3.0666
  3.0697
  3.0669
  3.0568
  3.0664
  3.0692
  3.0685
  3.0597
  3.0680
  3.0559
  3.0674
  3.0593
  3.0705
  3.0781
  3.0698
  3.0718
  3.0664
  3.0595
  3.0589
  3.0567
  3.0569
  3.0604
  3.0685
  3.0674
  3.0672
  3.0614
  3.0616
  3.0669
  3.0634
  3.0775
  3.0655
  3.0564
  3.0583
  3.0675
  3.0663
  3.0565
  3.0495
  3.0636
  3.0571
  3.0629
  3.0705
  3.0437
  3.0676
  3.0625
  3.0638
  3.0655
  3.0571
  3.0576
  3.0676
  3.0646
  3.0593
  3.0689
  3.0631
  3.0621
  3.0683
  3.0648
  3.0593
  3.0782
  3.0582
  3.0794
  3.0730
  3.0759
  3.0695
  3.0534
  3.0559
  3.0674
  3.0592
  3.0584
  3.0577
  3.0643
  3.0594
  3.0566
  3.0583
  3.0715
  3.0550
  3.0705
  3.0569
  3.0556
  3.0707
  3.0597
  3.0723
  3.0665
  3.0598
  3.0691
  3.0622
  3.0777
  3.0674
  3.0685
  3.0666
  3.0728
  3.0734
  3.0591
  3.0760
  3.0602
  3.0611
  3.0624
  3.0603
  3.0748
  3.0682
  3.0567
  3.0623
  3.0499
  3.0679
  3.0682
  3.0531
  3.0516
  3.0627
  3.0675
  3.0706
  3.0613
  3.0709
  3.0619
  3.0509
  3.0679
  3.0690
  3.0594
  3.0667
  3.0569
  3.0593
  3.0766
  3.0643
  3.0599
  3.0544
  3.0559
  3.0650
  3.0689
  3.0537
  3.0756
  3.0715
  3.0622
  3.0655
  3.0703
  3.0594
  3.0643
  3.0720
  3.0670
  3.0556
  3.0618
  3.0702
  3.0614
  3.0565
  3.0610
  3.0645
  3.0659
  3.0590
  3.0675
  3.0657
  3.0645
  3.0552
  3.0648
  3.0672
  3.0629
  3.0617
  3.0711
  3.0715
  3.0754
  3.0599
  3.0559
  3.0594
  3.0705
  3.0574
  3.0629
  3.0717
  3.0718
  3.0675
  3.0661
  3.0643
  3.0657
  3.0692
  3.0624
  3.0704
  3.0670
  3.0527
  3.0577
  3.0601
  3.0621
  3.0480
  3.0665
  3.0637
