C1431410.021825
Gadanki 14/03/2014 10:01:48 14/03/2014 10:02:18 0375 0079.2 0013.5 00
0000000 0020 0000600 0020 01
1 0 2 02000 1 0000 0030 00532.o 0 0 00 000 14 000600 0.500 BT0
532.000 .o analog 0 
  2.9588
 21.5052
 19.1779
 11.2729
 12.6955
 14.2076
 17.6346
 28.0219
 38.7736
 41.9926
 40.1920
 36.5577
 32.5060
 28.7971
 25.6732
 22.8173
 20.4303
 18.5003
 16.9533
 15.5698
 14.3696
 13.2273
 12.0278
 11.0975
 10.3991
  9.8140
  9.1579
  8.8044
  8.4430
  8.0786
  7.7305
  7.4122
  7.1108
  6.6397
  6.3123
  5.9555
  5.7185
  5.5990
  5.4291
  5.2862
  5.2021
  5.1249
  5.0222
  4.8933
  4.7228
  4.6107
  4.5291
  4.3851
  4.3139
  4.2838
  4.2347
  4.1182
  4.0715
  4.0501
  4.0746
  4.0634
  3.9961
  3.9065
  3.8900
  3.9016
  3.8472
  3.7490
  3.6950
  3.6971
  3.6650
  3.6041
  3.5675
  3.5627
  3.5566
  3.5163
  3.4797
  3.4605
  3.4373
  3.4113
  3.4013
  3.3869
  3.3772
  3.3578
  3.3483
  3.3488
  3.3529
  3.3703
  3.3660
  3.2846
  3.2529
  3.2553
  3.2442
  3.2418
  3.2207
  3.2196
  3.2041
  3.2094
  3.2035
  3.1986
  3.1862
  3.1825
  3.1760
  3.1711
  3.1547
  3.1555
  3.1422
  3.1409
  3.1530
  3.1391
  3.1267
  3.1407
  3.1300
  3.1362
  3.1323
  3.1079
  3.1096
  3.1119
  3.1064
  3.1060
  3.1095
  3.0917
  3.0950
  3.1020
  3.0911
  3.0834
  3.0945
  3.0764
  3.0893
  3.0770
  3.0842
  3.0754
  3.0734
  3.0704
  3.0623
  3.0672
  3.0691
  3.0619
  3.0503
  3.0691
  3.0613
  3.0655
  3.0551
  3.0499
  3.0607
  3.0540
  3.0426
  3.0477
  3.0488
  3.0537
  3.0599
  3.0506
  3.0371
  3.0437
  3.0424
  3.0377
  3.0411
  3.0296
  3.0288
  3.0437
  3.0295
  3.0357
  3.0317
  3.0211
  3.0298
  3.0334
  3.0328
  3.0303
  3.0342
  3.0184
  3.0206
  3.0203
  3.0179
  3.0262
  3.0133
  3.0273
  3.0129
  3.0161
  3.0276
  3.0187
  3.0174
  3.0124
  3.0068
  3.0191
  3.0204
  3.0158
  3.0221
  3.0077
  3.0140
  3.0142
  3.0231
  3.0001
  3.0086
  3.0110
  3.0181
  3.0199
  3.0198
  3.0173
  3.0122
  3.0083
  3.0022
  3.0141
  3.0029
  3.0130
  3.0171
  3.0073
  3.0036
  3.0136
  3.0023
  3.0141
  3.0129
  2.9819
  3.0032
  2.9981
  3.0068
  2.9949
  2.9933
  2.9946
  2.9954
  2.9980
  3.0066
  3.0087
  3.0076
  3.0020
  3.0035
  2.9974
  2.9978
  2.9927
  3.0013
  2.9963
  2.9941
  2.9932
  3.0028
  3.0027
  3.0088
  2.9907
  2.9979
  2.9897
  2.9889
  2.9846
  2.9907
  3.0007
  2.9988
  2.9750
  2.9866
  2.9930
  2.9931
  2.9748
  2.9965
  3.0020
  2.9901
  2.9870
  2.9807
  2.9899
  2.9755
  2.9722
  2.9806
  2.9893
  2.9883
  2.9927
  2.9898
  2.9969
  2.9886
  2.9898
  2.9949
  2.9939
  2.9955
  2.9938
  2.9869
  2.9782
  2.9881
  2.9853
  2.9807
  2.9819
  2.9906
  2.9825
  2.9882
  2.9798
  2.9892
  2.9813
  2.9830
  2.9991
  2.9936
  2.9721
  2.9852
  2.9908
  2.9847
  2.9877
  2.9839
  2.9807
  2.9855
  2.9887
  2.9874
  2.9810
  2.9858
  2.9831
  2.9878
  2.9890
  2.9828
  2.9902
  2.9783
  2.9948
  2.9959
  2.9748
  2.9805
  2.9907
  2.9869
  2.9861
  2.9832
  2.9837
  2.9869
  2.9880
  2.9834
  2.9875
  2.9817
  2.9928
  2.9711
  2.9785
  2.9774
  2.9781
  2.9742
  2.9775
  2.9854
  2.9852
  2.9809
  2.9788
  2.9760
  2.9842
  2.9872
  2.9716
  2.9770
  2.9797
  2.9866
  2.9824
  2.9859
  2.9852
  2.9852
  2.9830
  2.9973
  2.9766
  2.9803
  2.9959
  2.9978
  2.9807
  2.9808
  2.9710
  2.9829
  2.9736
  2.9929
  2.9757
  2.9729
  2.9743
  2.9836
  2.9815
  2.9789
  2.9812
  2.9814
  2.9734
  2.9817
  2.9768
  2.9751
  2.9793
  2.9777
  2.9853
  2.9911
  2.9724
  2.9822
  2.9877
  2.9786
  2.9795
  2.9769
  2.9785
  2.9797
  2.9813
  2.9882
  2.9806
  2.9719
  2.9808
  2.9738
  2.9692
  2.9757
  2.9873
  2.9832
  2.9772
  2.9910
  2.9704
  2.9780
  2.9913
  2.9704
  2.9786
  2.9822
  2.9882
  2.9971
  2.9830
  2.9766
  2.9764
  2.9830
  2.9864
  2.9803
  2.9731
  2.9807
  2.9656
  2.9756
  2.9877
  2.9738
  2.9686
  2.9705
  2.9892
  2.9944
  2.9830
  2.9697
  2.9803
  2.9756
  2.9744
  2.9767
  2.9855
  2.9799
  2.9783
  2.9731
  2.9803
  2.9857
  2.9800
  2.9763
  2.9774
  2.9763
  2.9727
  2.9762
  2.9744
  2.9714
  2.9747
  2.9664
  2.9669
  2.9737
  2.9780
  2.9749
  2.9758
  2.9712
  2.9754
  2.9823
  2.9761
  2.9741
  2.9685
  2.9694
  2.9762
  2.9847
  2.9698
  2.9668
  2.9805
  2.9826
  2.9711
  2.9849
  2.9751
  2.9833
  2.9673
  2.9767
  2.9829
  2.9897
  2.9943
  2.9803
  2.9781
  2.9766
  2.9749
  2.9767
  2.9708
  2.9657
  2.9656
  2.9826
  2.9809
  2.9825
  2.9745
  2.9676
  2.9807
  2.9773
  2.9755
  2.9714
  2.9713
  2.9852
  2.9661
  2.9809
  2.9913
  2.9729
  2.9773
  2.9760
  2.9715
  2.9787
  2.9725
  2.9726
  2.9741
  2.9844
  2.9831
  2.9731
  2.9821
  2.9736
  2.9795
  2.9733
  2.9808
  2.9744
  2.9859
  2.9746
  2.9670
  2.9707
  2.9741
  2.9729
  2.9768
  2.9694
  2.9798
  2.9730
  2.9814
  2.9693
  2.9750
  2.9857
  2.9737
  2.9772
  2.9677
  2.9796
  2.9861
  2.9752
  2.9808
  2.9787
  2.9751
  2.9744
  2.9722
  2.9744
  2.9739
  2.9786
  2.9665
  2.9679
  2.9700
  2.9824
  2.9777
  2.9877
  2.9782
  2.9723
  2.9622
  2.9637
  2.9616
  2.9670
  2.9738
  2.9667
  2.9790
  2.9765
  2.9822
  2.9758
  2.9752
  2.9807
  2.9768
  2.9739
  2.9770
  2.9814
  2.9751
  2.9719
  2.9845
  2.9844
  2.9803
  2.9837
  2.9617
  2.9721
  2.9812
  2.9813
  2.9836
  2.9727
  2.9859
  2.9827
  2.9884
  2.9789
  2.9757
  2.9634
  2.9749
  2.9725
  2.9728
  2.9858
  2.9777
  2.9790
  2.9771
  2.9766
  2.9743
  2.9685
  2.9805
  2.9775
  2.9794
  2.9715
  2.9692
  2.9767
  2.9828
  2.9610
  2.9788
  2.9805
  2.9654
  2.9751
  2.9683
  2.9696
  2.9786
  2.9821
  2.9759
  2.9763
  2.9686
  2.9631
  2.9695
  2.9716
  2.9762
  2.9709
  2.9804
  2.9763
  2.9686
  2.9763
  2.9831
  2.9785
  2.9712
  2.9721
  2.9690
  2.9723
  2.9680
  2.9768
  2.9671
  2.9828
  2.9716
  2.9782
  2.9765
  2.9766
  2.9667
  2.9820
  2.9937
  2.9787
  2.9569
  2.9719
  2.9775
  2.9715
  2.9755
  2.9783
  2.9677
  2.9759
  2.9748
  2.9751
  2.9731
  2.9716
  2.9823
  2.9750
  2.9764
  2.9695
  2.9824
  2.9672
  2.9740
  2.9794
  2.9884
  2.9723
  2.9552
  2.9777
  2.9728
  2.9742
  2.9702
  2.9737
  2.9727
  2.9742
  2.9723
  2.9673
  2.9791
  2.9773
  2.9732
  2.9774
  2.9670
  2.9803
  2.9719
  2.9917
  2.9867
  2.9695
  2.9737
  2.9777
  2.9751
  2.9762
  2.9705
  2.9787
  2.9781
  2.9660
  2.9763
  2.9702
  2.9674
  2.9750
  2.9726
  2.9787
  2.9806
  2.9684
  2.9775
  2.9773
  2.9750
  2.9782
  2.9769
  2.9871
  2.9740
  2.9784
  2.9763
  2.9788
  2.9708
  2.9720
  2.9690
  2.9769
  2.9657
  2.9682
  2.9757
  2.9739
  2.9786
  2.9797
  2.9800
  2.9791
  2.9728
  2.9822
  2.9713
  2.9812
  2.9777
  2.9766
  2.9708
  2.9791
  2.9808
  2.9728
  2.9648
  2.9789
  2.9718
  2.9732
  2.9779
  2.9788
  2.9728
  2.9745
  2.9813
  2.9814
  2.9910
  2.9795
  2.9808
  2.9771
  2.9744
  2.9751
  2.9791
  2.9834
  2.9705
  2.9729
  2.9778
  2.9701
  2.9834
  2.9856
  2.9636
  2.9785
  2.9690
  2.9706
  2.9738
  2.9724
  2.9769
  2.9860
  2.9692
  2.9812
  2.9648
  2.9794
  2.9669
  2.9727
  2.9719
  2.9848
  2.9815
  2.9764
  2.9730
  2.9736
  2.9785
  2.9677
  2.9771
  2.9769
  2.9817
  2.9744
  2.9708
  2.9708
  2.9567
  2.9644
  2.9775
  2.9669
  2.9793
  2.9784
  2.9681
  2.9659
  2.9762
  2.9759
  2.9656
  2.9788
  2.9605
  2.9742
  2.9743
  2.9728
  2.9680
  2.9754
  2.9754
  2.9728
  2.9756
  2.9796
  2.9677
  2.9746
  2.9824
  2.9731
  2.9753
  2.9806
  2.9690
  2.9725
  2.9691
  2.9653
  2.9829
  2.9680
  2.9637
  2.9791
  2.9710
  2.9880
  2.9714
  2.9703
  2.9708
  2.9691
  2.9714
  2.9796
  2.9684
  2.9757
  2.9726
  2.9716
  2.9738
  2.9814
  2.9664
  2.9787
  2.9654
  2.9757
  2.9780
  2.9777
  2.9768
  2.9782
  2.9780
  2.9761
  2.9716
  2.9862
  2.9816
  2.9775
  2.9702
  2.9752
  2.9747
  2.9699
  2.9716
  2.9767
  2.9646
  2.9852
  2.9684
  2.9732
  2.9792
  2.9763
  2.9766
  2.9773
  2.9633
  2.9761
  2.9752
  2.9748
  2.9706
  2.9744
  2.9814
  2.9729
  2.9804
  2.9687
  2.9766
  2.9753
  2.9744
  2.9674
  2.9760
  2.9777
  2.9783
  2.9728
  2.9782
  2.9690
  2.9681
  2.9671
  2.9774
  2.9716
  2.9701
  2.9797
  2.9795
  2.9737
  2.9726
  2.9728
  2.9800
  2.9663
  2.9715
  2.9663
  2.9806
  2.9657
  2.9803
  2.9708
  2.9677
  2.9784
  2.9662
  2.9808
  2.9783
  2.9704
  2.9773
  2.9699
  2.9670
  2.9715
  2.9658
  2.9736
  2.9662
  2.9721
  2.9693
  2.9711
  2.9777
  2.9851
  2.9690
  2.9744
  2.9799
  2.9695
  2.9735
  2.9733
  2.9704
  2.9761
  2.9688
  2.9637
  2.9723
  2.9917
  2.9743
  2.9686
  2.9818
  2.9804
  2.9769
  2.9784
  2.9677
  2.9652
  2.9679
  2.9684
  2.9793
  2.9772
  2.9792
  2.9853
  2.9842
  2.9707
  2.9718
  2.9715
  2.9809
  2.9704
  2.9823
  2.9756
  2.9628
  2.9792
  2.9675
  2.9722
  2.9721
  2.9781
  2.9663
  2.9643
  2.9702
  2.9809
  2.9861
  2.9738
  2.9683
  2.9769
  2.9724
  2.9659
  2.9810
  2.9794
  2.9813
  2.9804
  2.9702
  2.9683
  2.9684
  2.9697
  2.9882
  2.9744
  2.9714
  2.9767
  2.9757
  2.9768
  2.9664
  2.9782
  2.9711
  2.9735
  2.9684
  2.9675
  2.9684
  2.9824
  2.9796
  2.9718
  2.9747
  2.9635
  2.9671
  2.9741
  2.9692
  2.9652
  2.9690
  2.9791
  2.9810
  2.9701
  2.9776
  2.9744
  2.9737
  2.9682
  2.9798
  2.9795
  2.9830
  2.9743
  2.9657
  2.9719
  2.9779
  2.9657
  2.9594
  2.9786
  2.9772
  2.9714
  2.9699
  2.9703
  2.9718
  2.9732
  2.9837
  2.9704
  2.9719
  2.9797
  2.9772
  2.9762
  2.9768
  2.9708
  2.9711
  2.9838
  2.9804
  2.9652
  2.9816
  2.9703
  2.9777
  2.9700
  2.9801
  2.9728
  2.9678
  2.9755
  2.9713
  2.9729
  2.9650
  2.9753
  2.9727
  2.9763
  2.9720
  2.9680
  2.9707
  2.9710
  2.9709
  2.9796
  2.9710
  2.9795
  2.9698
  2.9630
  2.9689
  2.9722
  2.9628
  2.9826
  2.9752
  2.9732
  2.9655
  2.9637
  2.9683
  2.9748
  2.9674
  2.9736
  2.9705
  2.9803
  2.9759
  2.9718
  2.9718
  2.9802
  2.9719
  2.9714
  2.9653
  2.9840
  2.9751
  2.9668
  2.9853
  2.9897
  2.9728
  2.9661
  2.9734
  2.9703
  2.9754
  2.9714
  2.9651
  2.9763
  2.9646
  2.9824
  2.9631
  2.9685
  2.9719
  2.9710
  2.9778
  2.9783
  2.9738
  2.9741
  2.9753
  2.9772
  2.9726
  2.9706
  2.9745
  2.9669
  2.9836
  2.9722
  2.9781
  2.9769
  2.9848
  2.9707
  2.9750
  2.9750
  2.9748
  2.9694
  2.9812
  2.9719
  2.9723
  2.9760
  2.9666
  2.9854
  2.9734
  2.9722
  2.9659
  2.9664
  2.9750
  2.9686
  2.9684
  2.9647
  2.9651
  2.9707
  2.9702
  2.9643
  2.9678
  2.9793
  2.9728
  2.9740
  2.9775
  2.9787
  2.9721
  2.9722
  2.9726
  2.9732
  2.9729
  2.9857
  2.9728
  2.9775
  2.9681
  2.9751
  2.9684
  2.9741
  2.9668
  2.9769
  2.9718
  2.9719
  2.9808
  2.9749
  2.9760
  2.9918
  2.9691
  2.9744
  2.9799
  2.9660
  2.9862
  2.9691
  2.9800
  2.9722
  2.9705
  2.9876
  2.9775
  2.9690
  2.9723
  2.9650
  2.9814
  2.9671
  2.9730
  2.9729
  2.9729
  2.9665
  2.9767
  2.9710
  2.9783
  2.9874
  2.9705
  2.9795
  2.9763
  2.9735
  2.9633
  2.9788
  2.9890
  2.9751
  2.9821
  2.9692
  2.9740
  2.9744
  2.9654
  2.9728
  2.9811
  2.9782
  2.9844
  2.9684
  2.9741
  2.9761
  2.9745
  2.9716
  2.9680
  2.9721
  2.9740
  2.9726
  2.9824
  2.9722
  2.9680
  2.9785
  2.9812
  2.9619
  2.9648
  2.9694
  2.9680
  2.9830
  2.9822
  2.9721
  2.9832
  2.9691
  2.9692
  2.9763
  2.9784
  2.9824
  2.9735
  2.9766
  2.9826
  2.9609
  2.9779
  2.9667
  2.9765
  2.9771
  2.9703
  2.9757
  2.9796
  2.9766
  2.9841
  2.9731
  2.9773
  2.9729
  2.9774
  2.9714
  2.9743
  2.9701
  2.9677
  2.9844
  2.9754
  2.9651
  2.9770
  2.9738
  2.9734
  2.9714
  2.9824
  2.9771
  2.9703
  2.9790
  2.9670
  2.9714
  2.9744
  2.9711
  2.9764
  2.9720
  2.9843
  2.9795
  2.9769
  2.9796
  2.9752
  2.9786
  2.9767
  2.9671
  2.9713
  2.9784
  2.9839
  2.9672
  2.9736
  2.9724
  2.9715
  2.9618
  2.9609
  2.9775
  2.9767
  2.9765
  2.9719
  2.9876
  2.9612
  2.9741
  2.9765
  2.9769
  2.9696
  2.9667
  2.9728
  2.9720
  2.9770
  2.9771
  2.9705
  2.9600
  2.9724
  2.9843
  2.9767
  2.9687
  2.9730
  2.9750
  2.9762
  2.9609
  2.9712
  2.9706
  2.9743
  2.9735
  2.9729
  2.9708
  2.9716
  2.9829
  2.9815
  2.9725
  2.9840
  2.9755
  2.9782
  2.9741
  2.9753
  2.9764
  2.9779
  2.9728
  2.9824
  2.9822
  2.9706
  2.9763
  2.9855
  2.9694
  2.9727
  2.9707
  2.9799
  2.9763
  2.9829
  2.9795
  2.9678
  2.9637
  2.9710
  2.9751
  2.9604
  2.9798
  2.9812
  2.9743
  2.9705
  2.9848
  2.9715
  2.9791
  2.9760
  2.9667
  2.9677
  2.9676
  2.9743
  2.9756
  2.9577
  2.9702
  2.9731
  2.9745
  2.9728
  2.9691
  2.9669
  2.9865
  2.9802
  2.9756
  2.9760
  2.9707
  2.9718
  2.9732
  2.9765
  2.9890
  2.9651
  2.9877
  2.9710
  2.9736
  2.9715
  2.9593
  2.9702
  2.9676
  2.9683
  2.9662
  2.9647
  2.9748
  2.9706
  2.9621
  2.9766
  2.9697
  2.9725
  2.9808
  2.9784
  2.9705
  2.9692
  2.9676
  2.9773
  2.9738
  2.9691
  2.9686
  2.9737
  2.9781
  2.9647
  2.9693
  2.9728
  2.9663
  2.9729
  2.9723
  2.9765
  2.9756
  2.9723
  2.9685
  2.9755
  2.9729
  2.9729
  2.9730
  2.9747
  2.9815
  2.9744
  2.9769
  2.9817
  2.9774
  2.9773
  2.9654
  2.9729
  2.9689
  2.9728
  2.9718
  2.9673
  2.9742
  2.9706
  2.9787
  2.9775
  2.9723
  2.9693
  2.9776
  2.9823
  2.9778
  2.9747
  2.9699
  2.9700
  2.9721
  2.9679
  2.9823
  2.9735
  2.9799
  2.9735
  2.9707
  2.9691
  2.9661
  2.9767
  2.9781
  2.9808
  2.9793
  2.9723
  2.9605
  2.9779
  2.9674
  2.9676
  2.9809
  2.9774
  2.9869
  2.9762
  2.9727
  2.9743
  2.9797
  2.9663
  2.9709
  2.9687
  2.9704
  2.9670
  2.9744
  2.9778
  2.9717
  2.9647
  2.9733
  2.9756
  2.9713
  2.9736
  2.9808
  2.9675
  2.9769
  2.9715
  2.9830
  2.9758
  2.9713
  2.9757
  2.9696
  2.9568
  2.9751
  2.9801
  2.9853
  2.9825
  2.9741
  2.9674
  2.9747
  2.9740
  2.9807
  2.9758
  2.9851
  2.9602
  2.9723
  2.9812
  2.9751
  2.9770
  2.9673
  2.9701
  2.9652
  2.9761
  2.9810
  2.9740
  2.9692
  2.9730
  2.9743
  2.9638
  2.9719
  2.9786
  2.9685
  2.9680
  2.9752
  2.9713
  2.9661
  2.9709
  2.9719
  2.9716
  2.9722
  2.9677
  2.9764
  2.9665
  2.9605
  2.9730
  2.9780
  2.9756
  2.9720
  2.9671
  2.9702
  2.9839
  2.9718
  2.9774
  2.9766
  2.9738
  2.9745
  2.9646
  2.9752
  2.9721
  2.9821
  2.9816
  2.9731
  2.9679
  2.9676
  2.9611
  2.9707
  2.9698
  2.9737
  2.9795
  2.9772
  2.9794
  2.9635
  2.9723
  2.9677
  2.9681
  2.9747
  2.9779
  2.9705
  2.9880
  2.9719
  2.9707
  2.9771
  2.9811
  2.9740
  2.9614
  2.9698
  2.9754
  2.9709
  2.9764
  2.9694
  2.9779
  2.9796
  2.9672
  2.9697
  2.9678
  2.9609
  2.9691
  2.9767
  2.9669
  2.9857
  2.9777
  2.9736
  2.9735
  2.9776
  2.9656
  2.9733
  2.9714
  2.9702
  2.9773
  2.9800
  2.9753
  2.9748
  2.9797
  2.9674
  2.9803
  2.9793
  2.9727
  2.9752
  2.9662
  2.9804
  2.9717
  2.9674
  2.9786
  2.9641
  2.9672
  2.9793
  2.9627
  2.9660
  2.9791
  2.9637
  2.9821
  2.9692
  2.9778
  2.9643
  2.9803
  2.9693
  2.9785
  2.9690
  2.9742
  2.9763
  2.9752
  2.9758
  2.9632
  2.9809
  2.9694
  2.9612
  2.9651
  2.9712
  2.9673
  2.9742
  2.9694
  2.9675
  2.9731
  2.9728
  2.9719
  2.9796
  2.9747
  2.9741
  2.9628
  2.9754
  2.9802
  2.9707
  2.9655
  2.9800
  2.9841
  2.9683
  2.9809
  2.9708
  2.9699
  2.9837
  2.9815
  2.9785
  2.9831
  2.9722
  2.9702
  2.9730
  2.9686
  2.9849
  2.9605
  2.9729
  2.9722
  2.9727
  2.9721
  2.9785
  2.9657
  2.9780
  2.9883
  2.9616
  2.9823
  2.9702
  2.9782
  2.9843
  2.9754
  2.9652
  2.9767
  2.9675
  2.9749
  2.9752
  2.9786
  2.9741
  2.9778
  2.9858
  2.9781
  2.9726
  2.9711
  2.9754
  2.9744
  2.9690
  2.9768
  2.9669
  2.9737
  2.9689
  2.9774
  2.9817
  2.9852
  2.9681
  2.9659
  2.9664
  2.9804
  2.9687
  2.9690
  2.9657
  2.9791
  2.9814
  2.9790
  2.9743
  2.9685
  2.9729
  2.9810
  2.9724
  2.9723
  2.9775
  2.9775
  2.9823
  2.9793
  2.9719
  2.9674
  2.9724
  2.9808
  2.9775
  2.9662
  2.9790
  2.9772
  2.9762
  2.9841
  2.9680
  2.9719
  2.9731
  2.9687
  2.9667
  2.9763
  2.9720
  2.9672
  2.9793
  2.9744
  2.9713
  2.9888
  2.9773
  2.9758
  2.9601
  2.9705
  2.9726
  2.9781
  2.9656
  2.9797
  2.9707
  2.9649
  2.9816
  2.9679
  2.9778
  2.9736
  2.9745
  2.9763
  2.9748
  2.9750
  2.9681
  2.9743
  2.9663
  2.9804
  2.9702
  2.9750
  2.9768
  2.9748
  2.9734
  2.9827
  2.9803
  2.9752
  2.9743
  2.9697
  2.9720
  2.9517
  2.9625
  2.9733
  2.9589
  2.9758
  2.9727
  2.9652
  2.9762
  2.9786
  2.9695
  2.9725
  2.9715
  2.9709
  2.9742
  2.9705
  2.9732
  2.9678
  2.9734
  2.9754
  2.9697
  2.9687
  2.9747
  2.9724
  2.9730
  2.9744
  2.9755
  2.9765
  2.9693
  2.9763
  2.9639
  2.9641
  2.9737
  2.9876
  2.9785
  2.9673
  2.9770
  2.9703
  2.9670
  2.9774
  2.9785
  2.9797
  2.9830
  2.9706
  2.9729
  2.9671
  2.9728
  2.9812
  2.9741
  2.9636
  2.9700
  2.9631
  2.9580
  2.9773
  2.9757
  2.9740
  2.9792
  2.9630
  2.9730
  2.9721
  2.9739
  2.9709
  2.9739
  2.9726
  2.9766
  2.9715
  2.9679
  2.9684
  2.9620
  2.9735
  2.9753
  2.9805
  2.9697
  2.9791
  2.9806
  2.9724
  2.9713
  2.9783
  2.9715
  2.9727
  2.9658
  2.9797
  2.9884
  2.9551
  2.9803
  2.9724
  2.9785
  2.9713
  2.9709
  2.9732
  2.9730
  2.9751
  2.9614
  2.9758
  2.9730
  2.9851
  2.9791
  2.9716
  2.9801
  2.9727
  2.9873
  2.9683
  2.9678
  2.9653
  2.9730
  2.9684
  2.9717
  2.9689
  2.9760
  2.9711
  2.9743
  2.9790
  2.9726
  2.9692
  2.9742
  2.9791
  2.9672
  2.9726
  2.9795
  2.9775
  2.9791
  2.9652
  2.9720
  2.9695
  2.9601
  2.9824
  2.9660
  2.9709
  2.9684
  2.9806
  2.9733
  2.9793
  2.9767
  2.9638
  2.9791
  2.9783
  2.9759
  2.9797
  2.9666
  2.9751
  2.9828
  2.9678
  2.9723
  2.9775
  2.9705
  2.9714
  2.9792
  2.9720
  2.9704
  2.9785
  2.9791
  2.9809
  2.9758
  2.9758
  2.9793
  2.9633
  2.9741
  2.9678
  2.9714
  2.9814
  2.9722
  2.9742
  2.9720
  2.9780
  2.9700
  2.9675
  2.9727
  2.9729
  2.9571
  2.9782
  2.9666
  2.9637
  2.9790
  2.9652
  2.9753
  2.9755
  2.9807
  2.9668
  2.9706
  2.9617
  2.9781
  2.9777
  2.9705
  2.9742
  2.9755
  2.9762
  2.9750
  2.9760
  2.9780
  2.9679
  2.9884
  2.9756
  2.9848
  2.9698
  2.9840
  2.9639
  2.9809
  2.9755
  2.9816
  2.9704
  2.9705
  2.9697
  2.9805
  2.9698
  2.9753
  2.9712
  2.9721
  2.9749
  2.9692
  2.9749
  2.9721
  2.9735
  2.9691
  2.9657
  2.9623
  2.9744
  2.9798
  2.9799
  2.9808
  2.9655
  2.9668
  2.9833
  2.9792
  2.9763
  2.9718
  2.9692
  2.9779
  2.9794
  2.9836
  2.9751
  2.9809
  2.9782
  2.9740
  2.9775
  2.9812
  2.9768
  2.9691
  2.9667
  2.9847
  2.9610
  2.9667
  2.9728
  2.9767
  2.9573
  2.9755
  2.9645
  2.9704
  2.9717
  2.9678
  2.9736
