C1431409.584472
Gadanki 14/03/2014 09:58:14 14/03/2014 09:58:45 0375 0079.2 0013.5 00
0000000 0020 0000600 0020 01
1 0 2 02000 1 0000 0030 00532.o 0 0 00 000 14 000600 0.500 BT0
532.000 .o analog 0 
  2.8844
 21.4984
 18.1439
 10.6995
 12.1727
 14.1422
 18.3090
 30.5711
 41.6691
 44.1730
 41.5743
 37.7200
 33.2364
 29.4441
 26.2847
 23.2441
 20.7369
 18.6622
 16.9154
 15.1329
 13.8765
 12.6576
 11.7632
 10.4643
  9.3468
  8.5952
  8.1077
  7.7839
  7.4054
  7.1061
  6.9510
  6.7485
  6.4657
  6.1934
  6.0098
  5.8700
  5.7305
  5.5507
  5.4188
  5.2926
  5.2222
  5.1063
  4.9074
  4.7689
  4.6410
  4.5450
  4.4460
  4.3274
  4.3067
  4.2078
  4.1028
  4.0856
  4.0485
  4.0927
  4.0526
  3.9968
  3.8985
  3.8479
  3.8527
  3.8220
  3.7563
  3.6569
  3.6284
  3.6306
  3.5975
  3.5452
  3.5033
  3.5009
  3.4871
  3.4369
  3.4232
  3.4041
  3.3782
  3.3400
  3.3255
  3.3170
  3.3031
  3.2982
  3.2684
  3.2615
  3.2763
  3.2896
  3.2830
  3.2190
  3.1830
  3.1850
  3.1653
  3.1681
  3.1592
  3.1444
  3.1464
  3.1354
  3.1282
  3.1274
  3.1031
  3.1095
  3.1015
  3.0945
  3.0836
  3.0776
  3.0888
  3.0795
  3.0699
  3.0725
  3.0727
  3.0600
  3.0518
  3.0537
  3.0492
  3.0545
  3.0395
  3.0504
  3.0359
  3.0384
  3.0377
  3.0206
  3.0311
  3.0208
  3.0252
  3.0244
  3.0157
  3.0156
  3.0180
  3.0056
  3.0135
  2.9934
  3.0028
  2.9947
  2.9911
  2.9974
  2.9992
  2.9964
  2.9884
  2.9858
  2.9939
  2.9862
  2.9912
  2.9900
  2.9803
  2.9876
  2.9788
  2.9793
  2.9862
  2.9826
  2.9759
  2.9686
  2.9648
  2.9768
  2.9623
  2.9671
  2.9626
  2.9657
  2.9722
  2.9639
  2.9656
  2.9496
  2.9646
  2.9482
  2.9551
  2.9465
  2.9657
  2.9531
  2.9544
  2.9428
  2.9468
  2.9475
  2.9427
  2.9470
  2.9495
  2.9446
  2.9533
  2.9502
  2.9506
  2.9452
  2.9329
  2.9386
  2.9423
  2.9398
  2.9419
  2.9522
  2.9464
  2.9396
  2.9446
  2.9291
  2.9332
  2.9381
  2.9358
  2.9367
  2.9318
  2.9472
  2.9326
  2.9379
  2.9477
  2.9309
  2.9295
  2.9341
  2.9292
  2.9321
  2.9431
  2.9331
  2.9357
  2.9203
  2.9324
  2.9262
  2.9283
  2.9269
  2.9190
  2.9198
  2.9284
  2.9232
  2.9217
  2.9323
  2.9251
  2.9256
  2.9384
  2.9340
  2.9200
  2.9298
  2.9217
  2.9200
  2.9200
  2.9267
  2.9301
  2.9356
  2.9154
  2.9074
  2.9151
  2.9293
  2.9214
  2.9187
  2.9239
  2.9207
  2.9135
  2.9166
  2.9186
  2.9177
  2.9174
  2.9132
  2.9242
  2.9248
  2.9172
  2.9158
  2.9061
  2.9095
  2.9081
  2.9270
  2.9074
  2.9228
  2.9172
  2.9126
  2.9172
  2.9176
  2.9152
  2.9224
  2.9148
  2.9145
  2.9093
  2.9124
  2.9122
  2.9181
  2.9228
  2.9054
  2.9184
  2.9109
  2.9153
  2.9062
  2.9117
  2.9014
  2.9154
  2.9133
  2.9149
  2.9105
  2.9126
  2.9144
  2.9112
  2.9127
  2.9056
  2.9000
  2.9097
  2.9100
  2.9164
  2.9141
  2.9064
  2.9063
  2.9125
  2.9051
  2.9096
  2.9178
  2.9059
  2.9215
  2.9039
  2.9139
  2.9217
  2.9174
  2.9051
  2.9123
  2.9167
  2.9021
  2.9101
  2.9008
  2.9076
  2.8988
  2.8993
  2.9006
  2.9101
  2.9144
  2.9112
  2.9034
  2.9058
  2.9107
  2.9137
  2.9047
  2.9076
  2.9124
  2.8973
  2.9087
  2.9128
  2.9067
  2.9063
  2.9130
  2.9044
  2.9052
  2.8964
  2.9091
  2.9009
  2.9058
  2.9037
  2.8948
  2.9077
  2.9095
  2.9064
  2.9095
  2.9084
  2.8924
  2.8967
  2.9022
  2.9066
  2.9096
  2.9031
  2.9125
  2.9096
  2.9138
  2.9007
  2.9139
  2.9042
  2.9113
  2.9053
  2.9145
  2.9119
  2.9037
  2.9071
  2.9022
  2.9069
  2.9080
  2.8954
  2.9046
  2.9047
  2.9074
  2.9195
  2.9038
  2.9055
  2.9097
  2.9114
  2.9082
  2.9061
  2.8986
  2.8936
  2.8965
  2.9059
  2.9010
  2.9003
  2.9031
  2.9074
  2.9015
  2.9076
  2.9121
  2.9005
  2.8958
  2.8944
  2.9090
  2.9003
  2.9150
  2.8973
  2.9052
  2.9036
  2.9055
  2.8964
  2.9087
  2.9025
  2.8994
  2.8948
  2.9075
  2.9073
  2.9092
  2.8978
  2.9020
  2.8952
  2.9016
  2.9059
  2.8990
  2.9020
  2.9158
  2.9054
  2.8982
  2.9084
  2.9052
  2.8960
  2.9032
  2.8897
  2.9056
  2.8997
  2.8942
  2.9024
  2.9076
  2.9057
  2.9075
  2.9000
  2.9043
  2.9009
  2.9023
  2.9083
  2.9041
  2.8999
  2.9036
  2.8880
  2.9074
  2.9048
  2.9073
  2.9104
  2.8934
  2.8984
  2.9025
  2.9001
  2.8975
  2.9112
  2.9010
  2.8972
  2.9014
  2.8996
  2.9024
  2.8995
  2.9001
  2.9003
  2.9136
  2.8963
  2.8994
  2.8902
  2.8984
  2.9038
  2.9053
  2.9047
  2.9024
  2.9041
  2.8971
  2.8982
  2.9022
  2.8909
  2.8924
  2.9036
  2.8953
  2.9087
  2.9005
  2.9019
  2.8956
  2.8983
  2.9046
  2.9108
  2.9073
  2.9012
  2.8978
  2.9052
  2.9006
  2.9004
  2.9034
  2.8979
  2.9012
  2.8977
  2.9010
  2.9164
  2.9087
  2.9032
  2.9069
  2.9090
  2.8897
  2.8987
  2.9084
  2.9126
  2.8860
  2.8977
  2.9059
  2.8971
  2.8986
  2.8954
  2.8878
  2.8959
  2.9034
  2.8999
  2.9047
  2.8926
  2.9073
  2.9018
  2.9004
  2.9103
  2.8932
  2.8948
  2.9006
  2.9030
  2.9036
  2.9021
  2.9027
  2.9083
  2.8955
  2.8961
  2.9008
  2.9040
  2.9072
  2.9046
  2.8996
  2.9118
  2.8875
  2.8950
  2.9038
  2.8997
  2.8918
  2.9028
  2.9013
  2.8916
  2.8997
  2.9013
  2.8979
  2.8910
  2.8952
  2.8947
  2.9064
  2.9054
  2.8994
  2.9015
  2.9086
  2.9018
  2.9023
  2.9029
  2.8908
  2.8995
  2.9027
  2.9030
  2.9082
  2.9120
  2.9003
  2.8941
  2.9132
  2.8957
  2.9024
  2.9049
  2.9032
  2.8943
  2.9030
  2.8995
  2.9119
  2.9001
  2.9060
  2.9087
  2.9053
  2.9017
  2.9020
  2.8967
  2.8937
  2.9060
  2.9025
  2.8784
  2.9006
  2.9017
  2.9077
  2.9024
  2.9028
  2.9073
  2.9034
  2.9016
  2.8904
  2.9037
  2.8967
  2.9001
  2.8976
  2.9046
  2.9029
  2.9008
  2.9017
  2.9065
  2.8904
  2.9004
  2.9071
  2.9006
  2.8928
  2.8996
  2.8983
  2.9080
  2.9031
  2.9005
  2.9053
  2.8975
  2.8937
  2.8912
  2.9024
  2.8993
  2.9089
  2.8982
  2.9039
  2.8989
  2.8931
  2.8955
  2.8997
  2.8997
  2.9018
  2.9013
  2.9166
  2.8897
  2.9045
  2.9016
  2.8995
  2.9085
  2.8960
  2.8966
  2.9043
  2.8961
  2.8907
  2.8983
  2.8967
  2.9037
  2.9066
  2.9002
  2.8997
  2.8975
  2.9050
  2.9062
  2.8888
  2.8975
  2.8988
  2.8962
  2.9006
  2.8925
  2.9100
  2.8993
  2.9100
  2.8964
  2.8960
  2.9013
  2.8997
  2.9084
  2.8941
  2.9011
  2.8938
  2.8920
  2.9031
  2.9072
  2.9000
  2.9007
  2.9053
  2.8969
  2.8999
  2.8955
  2.9042
  2.9001
  2.8947
  2.8936
  2.9064
  2.8950
  2.8984
  2.8951
  2.9023
  2.8958
  2.9006
  2.8940
  2.9085
  2.9092
  2.8986
  2.8961
  2.9069
  2.8910
  2.8957
  2.8975
  2.9013
  2.8968
  2.9026
  2.8905
  2.9027
  2.8978
  2.8932
  2.8980
  2.8972
  2.8928
  2.9095
  2.9045
  2.9001
  2.8873
  2.8976
  2.8946
  2.9026
  2.9033
  2.9043
  2.9049
  2.8998
  2.8970
  2.8946
  2.9050
  2.8972
  2.8938
  2.9002
  2.8900
  2.9070
  2.9003
  2.9002
  2.8997
  2.9061
  2.9051
  2.9000
  2.9011
  2.9100
  2.9002
  2.8952
  2.8973
  2.9153
  2.8964
  2.9047
  2.9052
  2.9036
  2.8967
  2.8946
  2.8953
  2.8959
  2.8940
  2.9037
  2.8967
  2.9022
  2.8964
  2.9073
  2.9001
  2.8918
  2.8962
  2.8973
  2.8846
  2.9079
  2.8944
  2.8989
  2.8916
  2.8954
  2.8947
  2.9028
  2.8965
  2.9119
  2.9003
  2.9044
  2.9068
  2.8805
  2.8880
  2.8995
  2.9059
  2.9011
  2.9036
  2.9027
  2.8926
  2.8934
  2.8948
  2.8969
  2.8910
  2.9005
  2.8994
  2.9047
  2.8991
  2.8941
  2.8991
  2.9011
  2.8979
  2.9050
  2.9071
  2.9007
  2.9015
  2.8948
  2.8983
  2.9025
  2.8995
  2.8989
  2.8907
  2.8945
  2.9120
  2.8987
  2.9058
  2.9137
  2.8933
  2.9011
  2.8878
  2.8955
  2.9023
  2.8859
  2.8997
  2.8992
  2.9027
  2.8964
  2.8946
  2.9029
  2.9030
  2.8987
  2.9000
  2.8976
  2.8925
  2.8918
  2.8978
  2.9002
  2.8875
  2.9056
  2.9021
  2.8978
  2.8967
  2.8961
  2.8823
  2.9002
  2.8988
  2.8968
  2.8991
  2.8955
  2.9048
  2.8960
  2.8983
  2.8998
  2.9017
  2.8944
  2.9041
  2.9001
  2.8962
  2.8884
  2.8994
  2.8970
  2.8961
  2.9107
  2.9015
  2.9071
  2.9028
  2.8923
  2.9024
  2.8949
  2.9023
  2.8994
  2.8967
  2.8985
  2.9037
  2.9013
  2.8975
  2.8970
  2.8996
  2.8924
  2.9003
  2.9067
  2.9127
  2.8893
  2.9048
  2.8916
  2.8937
  2.8874
  2.8920
  2.9051
  2.9009
  2.9070
  2.8927
  2.8941
  2.8961
  2.9135
  2.8971
  2.9043
  2.8979
  2.8952
  2.8985
  2.8908
  2.9028
  2.8996
  2.9000
  2.9010
  2.8998
  2.9013
  2.9044
  2.9106
  2.9021
  2.8937
  2.8952
  2.8937
  2.8941
  2.8999
  2.9054
  2.8981
  2.8843
  2.9045
  2.9040
  2.8901
  2.9076
  2.8971
  2.8984
  2.8937
  2.8929
  2.8967
  2.9083
  2.9125
  2.9025
  2.8950
  2.8999
  2.8992
  2.8951
  2.9105
  2.8985
  2.8975
  2.8997
  2.8954
  2.8907
  2.9020
  2.8966
  2.9085
  2.8953
  2.8945
  2.9058
  2.9052
  2.8924
  2.8942
  2.8997
  2.8925
  2.8966
  2.9026
  2.9060
  2.9030
  2.8993
  2.8915
  2.8948
  2.9069
  2.9062
  2.8879
  2.8848
  2.8974
  2.8992
  2.9042
  2.8935
  2.8895
  2.8995
  2.9052
  2.8866
  2.9005
  2.8947
  2.9055
  2.9024
  2.9072
  2.8971
  2.9041
  2.9033
  2.9023
  2.8996
  2.8995
  2.8981
  2.9032
  2.9023
  2.9084
  2.8971
  2.8956
  2.9057
  2.8987
  2.9093
  2.9032
  2.9123
  2.9038
  2.8927
  2.9020
  2.9040
  2.8997
  2.8872
  2.9005
  2.9057
  2.8949
  2.8863
  2.8958
  2.8993
  2.8985
  2.8939
  2.8966
  2.9019
  2.8984
  2.8952
  2.8966
  2.8973
  2.8970
  2.9082
  2.9082
  2.9012
  2.9017
  2.8977
  2.9039
  2.9032
  2.8894
  2.8916
  2.8930
  2.9018
  2.8966
  2.8953
  2.8959
  2.8955
  2.8980
  2.9136
  2.9059
  2.9021
  2.8985
  2.8944
  2.8988
  2.9052
  2.8998
  2.9014
  2.9075
  2.8922
  2.9021
  2.9129
  2.8954
  2.8873
  2.8943
  2.8894
  2.9036
  2.9026
  2.9002
  2.9063
  2.8978
  2.8977
  2.9029
  2.9036
  2.9050
  2.9076
  2.8927
  2.8997
  2.8948
  2.9042
  2.9026
  2.9014
  2.8935
  2.9005
  2.8973
  2.8879
  2.8864
  2.9038
  2.8966
  2.8944
  2.8944
  2.8926
  2.8944
  2.8938
  2.9038
  2.9017
  2.8987
  2.9016
  2.8919
  2.9032
  2.9059
  2.8942
  2.8964
  2.8989
  2.8942
  2.9066
  2.9042
  2.8936
  2.9029
  2.9050
  2.8876
  2.8957
  2.9021
  2.9075
  2.9067
  2.8956
  2.9070
  2.8888
  2.8929
  2.9016
  2.9061
  2.8975
  2.8955
  2.9005
  2.9020
  2.9003
  2.8970
  2.8951
  2.8998
  2.9007
  2.8910
  2.9108
  2.9003
  2.9047
  2.8984
  2.8923
  2.8988
  2.8980
  2.9069
  2.8998
  2.9026
  2.8993
  2.8950
  2.9020
  2.8936
  2.8969
  2.8959
  2.8938
  2.9006
  2.8940
  2.9045
  2.9049
  2.8925
  2.8991
  2.9052
  2.9061
  2.8869
  2.9017
  2.8822
  2.8887
  2.9069
  2.9007
  2.8936
  2.8973
  2.9043
  2.8951
  2.8987
  2.8966
  2.8961
  2.8908
  2.9018
  2.9024
  2.8973
  2.8882
  2.9009
  2.8973
  2.8936
  2.8952
  2.8876
  2.8954
  2.8981
  2.9067
  2.9031
  2.9034
  2.9013
  2.8880
  2.8960
  2.9000
  2.8960
  2.8865
  2.8930
  2.8981
  2.8990
  2.8992
  2.9077
  2.9054
  2.8997
  2.8978
  2.9044
  2.9049
  2.9063
  2.8931
  2.8978
  2.9020
  2.8979
  2.8915
  2.9036
  2.9015
  2.8986
  2.9002
  2.8839
  2.9079
  2.9079
  2.9020
  2.9045
  2.8959
  2.8995
  2.9028
  2.9000
  2.9024
  2.8935
  2.8987
  2.9025
  2.9011
  2.8968
  2.8984
  2.9016
  2.9038
  2.8994
  2.9051
  2.9108
  2.8944
  2.8954
  2.8872
  2.8992
  2.8963
  2.9010
  2.8940
  2.9079
  2.8977
  2.9125
  2.9099
  2.9011
  2.9033
  2.9048
  2.8991
  2.9019
  2.9035
  2.8956
  2.8946
  2.8996
  2.8970
  2.8971
  2.9002
  2.8951
  2.9041
  2.9003
  2.9082
  2.8932
  2.9027
  2.9047
  2.8994
  2.9043
  2.8903
  2.9005
  2.9002
  2.8988
  2.9063
  2.9080
  2.9026
  2.8912
  2.9084
  2.8995
  2.8959
  2.9052
  2.8991
  2.9017
  2.8959
  2.9087
  2.9041
  2.8953
  2.9002
  2.8998
  2.8941
  2.9011
  2.9015
  2.9048
  2.8914
  2.8924
  2.8945
  2.8963
  2.8963
  2.8933
  2.8988
  2.8984
  2.9024
  2.9130
  2.8978
  2.9036
  2.9046
  2.8910
  2.8987
  2.8951
  2.8942
  2.8931
  2.9070
  2.9023
  2.8994
  2.8974
  2.8976
  2.9052
  2.8982
  2.9026
  2.9004
  2.8985
  2.9035
  2.8971
  2.9081
  2.8987
  2.9040
  2.9001
  2.9063
  2.8953
  2.8789
  2.8989
  2.8945
  2.8867
  2.9042
  2.8903
  2.8912
  2.8963
  2.9052
  2.8924
  2.8955
  2.9048
  2.8998
  2.8959
  2.8992
  2.9019
  2.9020
  2.9056
  2.8873
  2.9030
  2.8920
  2.9032
  2.8958
  2.9035
  2.9062
  2.9071
  2.9018
  2.9100
  2.8968
  2.9012
  2.8913
  2.8951
  2.8954
  2.8969
  2.9085
  2.8970
  2.9039
  2.8925
  2.8959
  2.8991
  2.8957
  2.9027
  2.8953
  2.9024
  2.9028
  2.8994
  2.8958
  2.8918
  2.9026
  2.8966
  2.9055
  2.9058
  2.9020
  2.9031
  2.9020
  2.9047
  2.8995
  2.9004
  2.9093
  2.8986
  2.8998
  2.8922
  2.8897
  2.8977
  2.8983
  2.8941
  2.8959
  2.9074
  2.8840
  2.8951
  2.8970
  2.9026
  2.8930
  2.8997
  2.8988
  2.9034
  2.9064
  2.9074
  2.9052
  2.8911
  2.9049
  2.8909
  2.8996
  2.8912
  2.9096
  2.8975
  2.9008
  2.9027
  2.9004
  2.8962
  2.9092
  2.8963
  2.9020
  2.9018
  2.8960
  2.9060
  2.8932
  2.8997
  2.9019
  2.8995
  2.8985
  2.8826
  2.9056
  2.9012
  2.8982
  2.9039
  2.9070
  2.9098
  2.8994
  2.8959
  2.8979
  2.8986
  2.8931
  2.9003
  2.8925
  2.9021
  2.9050
  2.8986
  2.9012
  2.8993
  2.9063
  2.8985
  2.8976
  2.8981
  2.9114
  2.9030
  2.9054
  2.8943
  2.9047
  2.8981
  2.8959
  2.8994
  2.9015
  2.9065
  2.8929
  2.9081
  2.8959
  2.8926
  2.9018
  2.8975
  2.8936
  2.8958
  2.8906
  2.9001
  2.8924
  2.9030
  2.9038
  2.9015
  2.8923
  2.8970
  2.8896
  2.9008
  2.9005
  2.8928
  2.8942
  2.8932
  2.9066
  2.9092
  2.8954
  2.8988
  2.8972
  2.8985
  2.8945
  2.8907
  2.9131
  2.8888
  2.9010
  2.8970
  2.9012
  2.8952
  2.8859
  2.8959
  2.8912
  2.9041
  2.9032
  2.8997
  2.9121
  2.9053
  2.9029
  2.8994
  2.9041
  2.8950
  2.9023
  2.9143
  2.8930
  2.8900
  2.8851
  2.9002
  2.8984
  2.8961
  2.8969
  2.8983
  2.9085
  2.9032
  2.9028
  2.9036
  2.8962
  2.8949
  2.9109
  2.9017
  2.8987
  2.8949
  2.8978
  2.8973
  2.8942
  2.8965
  2.8999
  2.9020
  2.9043
  2.8927
  2.8966
  2.9003
  2.8990
  2.8924
  2.8873
  2.9066
  2.9062
  2.9062
  2.9078
  2.8894
  2.8974
  2.9017
  2.9057
  2.8974
  2.8938
  2.9051
  2.9045
  2.8954
  2.8963
  2.8992
  2.9102
  2.8967
  2.8939
  2.9133
  2.8964
  2.8943
  2.8979
  2.8917
  2.8927
  2.8969
  2.8988
  2.9026
  2.9006
  2.8873
  2.8937
  2.9006
  2.9069
  2.8970
  2.8982
  2.8940
  2.8869
  2.8996
  2.8885
  2.8988
  2.9117
  2.8939
  2.8952
  2.8931
  2.8966
  2.9040
  2.8959
  2.9002
  2.9024
  2.8956
  2.8927
  2.9027
  2.8927
  2.8973
  2.8906
  2.8974
  2.8974
  2.8891
  2.8939
  2.9001
  2.9057
  2.9017
  2.9019
  2.9062
  2.9123
  2.9094
  2.9046
  2.9059
  2.9051
  2.9114
  2.9011
  2.8960
  2.8975
  2.8940
  2.8934
  2.8983
  2.8951
  2.8997
  2.8908
  2.9065
  2.9041
  2.8999
  2.9014
  2.9056
  2.9054
  2.8941
  2.8947
  2.8914
  2.8924
  2.8908
  2.8968
  2.8926
  2.9055
  2.8987
  2.8979
  2.8905
  2.9029
  2.9043
  2.8964
  2.8941
  2.9040
  2.9027
  2.9084
  2.9092
  2.8913
  2.9072
  2.8978
  2.8920
  2.9085
  2.8988
  2.8896
  2.8930
  2.8935
  2.9067
  2.9020
  2.9022
  2.8971
  2.9033
  2.8918
  2.8994
  2.8915
  2.8964
  2.9046
  2.9036
  2.8921
  2.8978
  2.8990
  2.8984
  2.9026
  2.9027
  2.8943
  2.9032
  2.8956
  2.8951
  2.9033
  2.8994
  2.9014
  2.9068
  2.8999
  2.8983
  2.9081
  2.8936
  2.8914
  2.9001
  2.8932
  2.8998
  2.8840
  2.8935
  2.8885
  2.9006
  2.8999
  2.8967
  2.8973
  2.8957
  2.8972
  2.9077
  2.8972
  2.8870
  2.8966
  2.8893
  2.8956
  2.9014
  2.8975
  2.8992
  2.9028
  2.9042
  2.9086
  2.8952
  2.8989
  2.8932
  2.9044
  2.8965
  2.9001
  2.8952
  2.9006
  2.9023
  2.9006
  2.8994
  2.9072
  2.9104
  2.9008
  2.8904
  2.8958
  2.8948
  2.8909
  2.9007
  2.9004
  2.9006
  2.9013
  2.9004
  2.8911
  2.9003
  2.9022
  2.9048
  2.9067
  2.8963
  2.8905
  2.9051
  2.9011
  2.8963
  2.9033
  2.9015
  2.9043
  2.9078
  2.8983
  2.8925
  2.8989
  2.8981
  2.8962
  2.8889
  2.8969
  2.8897
  2.8932
  2.8940
  2.8922
  2.9011
  2.9001
  2.8941
  2.9025
  2.8956
  2.8908
  2.9010
  2.8999
  2.8951
  2.8930
  2.9042
  2.9010
  2.9038
  2.8965
  2.9015
  2.8928
  2.9029
  2.8943
  2.9060
  2.9017
  2.8923
  2.9046
  2.9115
  2.9050
  2.8954
  2.9018
  2.9031
  2.9010
  2.9052
  2.9072
  2.9059
  2.8935
  2.8929
  2.8944
  2.8948
  2.9014
  2.8968
  2.9025
  2.9036
  2.8954
  2.8913
  2.9003
  2.8853
  2.8982
  2.9052
  2.9094
  2.9000
  2.9010
  2.9014
  2.9043
  2.8963
  2.9026
  2.8936
  2.8890
  2.9069
  2.8922
  2.8980
  2.8898
  2.8935
  2.8959
  2.8989
  2.8953
  2.8982
  2.8989
  2.9049
  2.8942
  2.8949
  2.8908
  2.9013
  2.9009
  2.8936
  2.8949
  2.9036
  2.9013
  2.9011
  2.9030
  2.8997
  2.8974
  2.8987
  2.9023
  2.8890
  2.9076
  2.9019
  2.8966
  2.9015
  2.8997
  2.8928
  2.9048
  2.9059
  2.8953
  2.8889
  2.8938
  2.8853
  2.8979
  2.8959
  2.8984
  2.8888
  2.8981
  2.8969
  2.8997
  2.9011
  2.9056
  2.8955
  2.9061
  2.9019
  2.8946
  2.8859
  2.9040
  2.9033
  2.8946
  2.8912
  2.8992
  2.8967
  2.9024
  2.9035
  2.9016
  2.8897
  2.8926
  2.9019
  2.9103
  2.9000
  2.8951
  2.8972
  2.8942
  2.8910
  2.8969
  2.9100
  2.9023
  2.8922
  2.8919
  2.8943
  2.8996
  2.9023
  2.9062
  2.8944
  2.8930
  2.9016
  2.8933
  2.8980
  2.8935
  2.9028
  2.9051
  2.9047
  2.8991
  2.9178
  2.8969
  2.9023
  2.8889
  2.9016
  2.9013
  2.8847
  2.8867
  2.8871
  2.8977
  2.9020
  2.8914
  2.9027
  2.8939
  2.8982
  2.8964
  2.8917
  2.9050
  2.9031
  2.9001
  2.9049
  2.8983
  2.8983
  2.9037
  2.8957
  2.8989
  2.9026
  2.9024
  2.9061
  2.8912
  2.8967
  2.8958
  2.9029
  2.9044
  2.9020
  2.9064
  2.9047
  2.8944
  2.8987
  2.8991
  2.8929
  2.8908
  2.8986
  2.9015
  2.9022
  2.8907
  2.8878
  2.9004
  2.8977
  2.9015
  2.9005
  2.9001
  2.9006
  2.9054
  2.8970
  2.8956
  2.9035
  2.9002
  2.8960
  2.8973
  2.9033
  2.9036
  2.9125
  2.8850
  2.8964
  2.9101
  2.8898
  2.8983
  2.8912
  2.9093
  2.8976
  2.8991
  2.8929
  2.8974
  2.8956
  2.8993
  2.8956
  2.9053
  2.8934
  2.8935
  2.8827
  2.9054
  2.8953
  2.9129
  2.9028
  2.8917
  2.9016
  2.9052
  2.9052
  2.8940
  2.9060
  2.8989
  2.9034
  2.8919
  2.8969
  2.8854
  2.9001
  2.9011
  2.8927
  2.8947
  2.8991
  2.8983
  2.9045
  2.9030
  2.9055
  2.9006
  2.9010
  2.8922
  2.8982
  2.9088
  2.9018
  2.8966
  2.8914
  2.8963
  2.8974
  2.8989
  2.9024
  2.8965
  2.9028
  2.9094
  2.9025
  2.8974
  2.8972
  2.9004
  2.9072
  2.9043
  2.9026
  2.8906
  2.8964
  2.8953
  2.8965
  2.8981
  2.8995
  2.9033
  2.9015
  2.8968
  2.8930
  2.8985
  2.8954
  2.8973
  2.9081
  2.9026
  2.9018
  2.8986
  2.9037
  2.9017
  2.8919
  2.8968
  2.8955
  2.8923
  2.8968
  2.8931
  2.8941
  2.9007
  2.9010
