C1431410.072331
Gadanki 14/03/2014 10:06:53 14/03/2014 10:07:23 0375 0079.2 0013.5 00
0000000 0020 0000600 0020 01
1 0 2 02000 1 0000 0030 00532.o 0 0 00 000 14 000600 0.500 BT0
532.000 .o analog 0 
  2.9992
 21.2416
 18.1918
 10.8913
 12.2604
 13.7637
 17.2676
 27.8375
 38.2648
 41.2474
 39.3650
 35.6694
 31.6307
 28.0067
 24.8900
 22.3468
 20.1952
 18.2471
 16.6024
 15.3132
 14.1028
 13.1514
 12.3309
 11.5081
 10.8901
 10.1717
  9.7521
  9.1221
  8.6373
  8.2467
  7.8358
  7.4793
  7.0555
  6.7110
  6.3630
  6.0146
  5.7954
  5.6743
  5.5211
  5.3688
  5.2295
  5.0855
  4.9496
  4.8783
  4.7530
  4.6545
  4.5609
  4.4523
  4.3479
  4.3054
  4.2690
  4.1737
  4.1088
  4.0655
  4.0715
  4.0623
  4.0224
  3.9415
  3.8724
  3.9066
  3.8908
  3.8348
  3.7406
  3.6991
  3.6989
  3.6623
  3.5804
  3.5726
  3.5679
  3.5587
  3.5125
  3.5076
  3.4799
  3.4630
  3.4365
  3.4174
  3.4051
  3.3888
  3.3885
  3.3786
  3.3743
  3.4093
  3.4013
  3.3594
  3.2951
  3.2847
  3.2649
  3.2793
  3.2620
  3.2554
  3.2527
  3.2229
  3.2326
  3.2304
  3.2263
  3.2125
  3.2022
  3.1941
  3.1929
  3.1850
  3.1850
  3.1745
  3.1774
  3.1595
  3.1760
  3.1557
  3.1577
  3.1578
  3.1611
  3.1463
  3.1458
  3.1431
  3.1464
  3.1422
  3.1188
  3.1353
  3.1284
  3.1330
  3.1175
  3.1272
  3.1193
  3.1155
  3.1054
  3.1028
  3.0976
  3.1073
  3.1089
  3.0931
  3.0990
  3.0877
  3.0883
  3.0994
  3.0965
  3.0859
  3.0904
  3.0912
  3.0946
  3.0831
  3.0941
  3.0756
  3.0842
  3.0796
  3.0761
  3.0702
  3.0703
  3.0623
  3.0704
  3.0649
  3.0595
  3.0674
  3.0683
  3.0721
  3.0640
  3.0595
  3.0662
  3.0487
  3.0657
  3.0568
  3.0618
  3.0557
  3.0613
  3.0602
  3.0502
  3.0611
  3.0390
  3.0553
  3.0658
  3.0510
  3.0514
  3.0423
  3.0472
  3.0527
  3.0474
  3.0449
  3.0370
  3.0469
  3.0524
  3.0517
  3.0466
  3.0385
  3.0381
  3.0450
  3.0478
  3.0333
  3.0438
  3.0433
  3.0367
  3.0410
  3.0319
  3.0178
  3.0298
  3.0313
  3.0410
  3.0309
  3.0431
  3.0281
  3.0262
  3.0330
  3.0302
  3.0344
  3.0357
  3.0318
  3.0183
  3.0374
  3.0294
  3.0312
  3.0201
  3.0292
  3.0273
  3.0181
  3.0286
  3.0389
  3.0224
  3.0227
  3.0281
  3.0228
  3.0339
  3.0175
  3.0236
  3.0216
  3.0303
  3.0299
  3.0236
  3.0265
  3.0242
  3.0207
  3.0242
  3.0211
  3.0098
  3.0229
  3.0314
  3.0209
  3.0192
  3.0119
  3.0225
  3.0216
  3.0211
  3.0206
  3.0167
  3.0210
  3.0195
  3.0155
  3.0169
  3.0169
  3.0130
  3.0235
  3.0131
  3.0156
  3.0125
  3.0064
  3.0030
  3.0196
  3.0282
  3.0294
  3.0089
  3.0133
  3.0164
  3.0114
  3.0158
  3.0145
  3.0116
  3.0134
  3.0080
  3.0293
  3.0164
  3.0095
  3.0170
  3.0113
  3.0133
  3.0200
  3.0165
  3.0143
  3.0101
  3.0144
  3.0113
  3.0147
  3.0244
  3.0165
  3.0222
  3.0153
  3.0051
  3.0151
  3.0098
  3.0128
  3.0110
  3.0149
  3.0110
  3.0224
  3.0104
  3.0161
  3.0125
  3.0136
  3.0018
  3.0092
  3.0095
  2.9982
  3.0188
  3.0066
  3.0062
  3.0185
  3.0185
  3.0166
  3.0094
  3.0094
  3.0088
  3.0119
  3.0185
  3.0200
  3.0162
  3.0154
  3.0000
  3.0076
  3.0074
  3.0117
  3.0240
  3.0032
  3.0144
  3.0224
  3.0030
  3.0013
  3.0142
  3.0109
  3.0058
  3.0147
  3.0102
  3.0041
  3.0066
  3.0124
  3.0018
  3.0122
  3.0080
  3.0036
  3.0065
  3.0022
  3.0150
  3.0104
  3.0030
  3.0010
  3.0061
  3.0060
  3.0172
  3.0016
  3.0085
  3.0019
  3.0008
  3.0109
  3.0042
  2.9954
  3.0080
  3.0094
  3.0027
  3.0084
  3.0065
  3.0081
  2.9929
  3.0063
  3.0072
  3.0071
  3.0002
  3.0056
  2.9983
  3.0028
  3.0156
  3.0055
  3.0028
  2.9986
  3.0035
  2.9951
  3.0068
  2.9970
  2.9960
  3.0001
  3.0038
  3.0105
  3.0166
  3.0060
  2.9993
  3.0026
  2.9951
  3.0035
  3.0026
  3.0012
  3.0034
  3.0065
  3.0151
  2.9986
  3.0055
  3.0103
  2.9989
  3.0099
  3.0046
  2.9989
  3.0053
  3.0028
  3.0233
  2.9975
  3.0014
  3.0103
  3.0096
  3.0028
  3.0083
  2.9989
  3.0008
  2.9863
  3.0093
  3.0111
  2.9946
  3.0018
  3.0054
  3.0134
  3.0141
  3.0095
  2.9995
  3.0022
  2.9939
  3.0090
  3.0153
  3.0155
  3.0095
  3.0069
  3.0010
  2.9988
  3.0016
  3.0100
  3.0139
  2.9967
  3.0055
  3.0070
  3.0122
  2.9986
  3.0037
  3.0168
  2.9868
  3.0055
  3.0031
  3.0070
  2.9977
  3.0069
  2.9971
  2.9992
  3.0025
  2.9932
  3.0153
  3.0062
  3.0195
  2.9988
  3.0147
  3.0125
  2.9960
  2.9920
  3.0076
  2.9921
  3.0011
  2.9995
  3.0194
  3.0043
  3.0135
  2.9955
  3.0002
  3.0053
  3.0019
  3.0046
  3.0017
  3.0087
  3.0122
  3.0006
  3.0022
  3.0060
  3.0021
  3.0026
  3.0066
  2.9969
  3.0100
  3.0088
  2.9977
  2.9976
  3.0079
  2.9979
  3.0037
  3.0037
  3.0082
  3.0025
  3.0047
  3.0086
  3.0004
  3.0003
  3.0119
  3.0059
  2.9974
  3.0039
  2.9921
  3.0080
  3.0014
  3.0079
  3.0062
  2.9980
  2.9947
  2.9980
  3.0044
  3.0043
  3.0084
  3.0064
  3.0040
  2.9973
  3.0049
  3.0072
  3.0072
  2.9987
  2.9964
  3.0067
  3.0061
  2.9977
  3.0073
  3.0030
  2.9926
  2.9990
  3.0053
  3.0041
  2.9988
  2.9994
  3.0004
  3.0082
  3.0032
  3.0077
  2.9918
  2.9947
  3.0049
  3.0011
  2.9894
  2.9987
  3.0020
  3.0123
  2.9968
  2.9970
  2.9981
  3.0057
  3.0016
  3.0003
  2.9939
  3.0121
  2.9968
  2.9946
  3.0030
  2.9955
  3.0002
  3.0021
  2.9978
  2.9949
  3.0067
  2.9956
  2.9986
  2.9961
  2.9987
  2.9967
  3.0008
  3.0000
  2.9977
  3.0018
  3.0021
  2.9962
  3.0109
  3.0006
  2.9897
  3.0036
  3.0008
  2.9981
  2.9886
  3.0000
  2.9932
  2.9990
  2.9949
  3.0013
  3.0024
  3.0002
  3.0035
  2.9967
  3.0044
  2.9996
  3.0107
  3.0014
  2.9990
  3.0054
  2.9992
  3.0004
  3.0030
  3.0064
  2.9973
  2.9986
  2.9992
  3.0061
  3.0019
  3.0035
  2.9914
  2.9946
  3.0067
  2.9959
  3.0052
  2.9964
  3.0068
  2.9970
  2.9950
  2.9989
  3.0010
  3.0019
  3.0092
  3.0048
  3.0050
  2.9963
  3.0064
  3.0065
  3.0140
  2.9984
  3.0043
  3.0156
  3.0023
  3.0017
  3.0017
  3.0018
  2.9966
  2.9978
  3.0053
  3.0015
  2.9958
  2.9994
  3.0061
  3.0059
  2.9964
  2.9994
  2.9996
  2.9958
  2.9851
  3.0093
  3.0070
  2.9995
  3.0059
  3.0005
  2.9932
  3.0075
  3.0015
  3.0045
  2.9974
  3.0014
  2.9999
  3.0030
  2.9958
  3.0007
  2.9927
  2.9851
  3.0130
  3.0019
  2.9996
  3.0063
  3.0037
  3.0158
  3.0019
  3.0000
  3.0030
  3.0060
  2.9986
  3.0078
  3.0056
  3.0149
  2.9958
  3.0007
  2.9997
  3.0005
  2.9931
  3.0026
  2.9936
  2.9918
  2.9880
  2.9943
  3.0156
  3.0109
  3.0055
  3.0012
  3.0043
  2.9871
  2.9990
  3.0039
  2.9923
  3.0068
  2.9998
  2.9988
  3.0117
  3.0066
  3.0042
  2.9970
  2.9927
  2.9959
  3.0068
  2.9904
  3.0016
  3.0066
  3.0033
  2.9871
  2.9890
  3.0015
  2.9977
  2.9958
  3.0087
  3.0056
  3.0052
  2.9959
  3.0119
  2.9961
  3.0057
  2.9909
  3.0013
  2.9961
  3.0075
  3.0094
  3.0096
  2.9971
  3.0033
  2.9954
  2.9960
  3.0054
  2.9950
  3.0036
  3.0069
  3.0018
  2.9987
  2.9992
  2.9961
  2.9972
  3.0086
  2.9935
  3.0000
  2.9971
  3.0064
  2.9969
  2.9968
  2.9910
  3.0054
  2.9910
  2.9975
  3.0013
  2.9983
  3.0012
  3.0032
  3.0011
  3.0076
  2.9971
  2.9927
  2.9972
  3.0018
  3.0087
  2.9956
  3.0015
  3.0079
  2.9960
  3.0021
  2.9964
  3.0013
  3.0081
  3.0008
  3.0039
  3.0088
  2.9906
  2.9996
  3.0034
  3.0077
  3.0006
  3.0039
  3.0092
  2.9997
  3.0039
  3.0147
  3.0022
  2.9973
  3.0075
  2.9914
  3.0061
  3.0042
  2.9917
  2.9875
  3.0028
  2.9978
  2.9930
  3.0036
  3.0028
  2.9897
  2.9994
  3.0010
  3.0051
  2.9940
  3.0087
  2.9960
  2.9957
  2.9875
  3.0098
  3.0017
  2.9921
  3.0126
  3.0034
  3.0004
  2.9919
  2.9985
  2.9959
  2.9994
  3.0105
  3.0072
  3.0016
  2.9991
  2.9975
  3.0007
  3.0082
  3.0055
  2.9818
  2.9961
  2.9869
  3.0008
  3.0033
  3.0035
  3.0115
  3.0029
  3.0021
  2.9994
  3.0047
  2.9883
  2.9958
  2.9951
  3.0027
  3.0024
  2.9990
  2.9986
  2.9928
  3.0069
  3.0058
  2.9991
  2.9988
  3.0103
  3.0007
  2.9932
  2.9891
  3.0096
  3.0141
  3.0062
  2.9943
  2.9980
  2.9967
  2.9912
  3.0047
  3.0027
  3.0002
  2.9990
  3.0009
  3.0018
  2.9970
  2.9959
  3.0058
  3.0030
  2.9995
  2.9944
  3.0032
  2.9985
  3.0027
  2.9987
  2.9954
  2.9904
  2.9950
  2.9912
  3.0058
  3.0034
  2.9933
  2.9999
  3.0061
  2.9893
  3.0129
  2.9964
  3.0004
  2.9962
  2.9995
  3.0061
  2.9999
  3.0099
  3.0028
  3.0004
  3.0015
  2.9933
  3.0024
  2.9979
  3.0101
  2.9934
  2.9987
  3.0000
  3.0074
  3.0012
  2.9973
  2.9995
  2.9954
  3.0058
  3.0014
  2.9961
  2.9872
  2.9993
  2.9921
  3.0050
  3.0035
  3.0083
  3.0025
  3.0006
  3.0002
  3.0064
  2.9916
  3.0015
  3.0023
  2.9985
  3.0000
  3.0116
  3.0040
  2.9918
  2.9995
  3.0026
  2.9997
  3.0039
  3.0046
  3.0038
  3.0077
  2.9950
  3.0004
  3.0036
  2.9901
  2.9963
  3.0098
  2.9986
  2.9968
  2.9941
  2.9969
  2.9963
  3.0024
  2.9879
  2.9999
  3.0033
  3.0014
  2.9992
  2.9984
  3.0002
  3.0049
  2.9958
  2.9994
  2.9996
  2.9939
  2.9997
  2.9910
  3.0021
  3.0019
  3.0031
  2.9937
  3.0087
  2.9992
  3.0112
  3.0013
  3.0004
  2.9934
  3.0011
  2.9928
  3.0107
  2.9997
  2.9974
  3.0029
  3.0006
  2.9967
  3.0032
  2.9969
  3.0060
  3.0003
  3.0082
  2.9984
  2.9917
  2.9987
  3.0071
  3.0010
  3.0028
  2.9960
  3.0049
  3.0037
  3.0069
  3.0111
  3.0059
  3.0010
  3.0067
  2.9908
  2.9941
  2.9951
  2.9934
  3.0090
  3.0066
  2.9946
  2.9987
  3.0034
  2.9959
  2.9988
  3.0044
  2.9950
  2.9984
  3.0102
  2.9951
  2.9959
  3.0020
  3.0043
  3.0033
  3.0021
  2.9973
  2.9986
  3.0085
  2.9922
  3.0004
  3.0011
  3.0090
  2.9977
  2.9987
  3.0103
  3.0022
  2.9933
  2.9974
  3.0049
  3.0032
  2.9963
  3.0127
  3.0013
  2.9980
  2.9953
  2.9962
  2.9896
  2.9956
  3.0130
  2.9993
  2.9985
  2.9892
  3.0005
  3.0036
  2.9935
  3.0058
  3.0032
  3.0150
  3.0111
  3.0030
  2.9994
  2.9958
  3.0040
  3.0062
  2.9947
  3.0059
  3.0075
  2.9909
  2.9974
  2.9986
  3.0000
  2.9959
  3.0034
  3.0035
  3.0040
  3.0066
  2.9874
  2.9957
  3.0002
  2.9991
  3.0061
  3.0049
  3.0013
  2.9970
  3.0014
  2.9952
  3.0053
  2.9976
  2.9930
  3.0088
  3.0096
  2.9988
  2.9910
  3.0071
  2.9996
  2.9995
  2.9881
  3.0078
  3.0001
  2.9927
  3.0156
  2.9988
  3.0101
  2.9983
  2.9928
  2.9881
  3.0007
  2.9966
  3.0081
  3.0003
  2.9932
  3.0067
  3.0007
  3.0051
  3.0038
  2.9925
  2.9981
  3.0102
  2.9970
  3.0016
  3.0084
  3.0072
  2.9970
  2.9960
  2.9997
  3.0020
  3.0043
  3.0054
  2.9975
  2.9988
  3.0043
  3.0050
  2.9933
  3.0116
  2.9996
  2.9942
  2.9927
  2.9935
  3.0008
  3.0006
  2.9918
  3.0000
  2.9988
  2.9980
  3.0034
  3.0098
  3.0072
  2.9966
  2.9985
  2.9998
  3.0025
  3.0031
  2.9970
  2.9969
  2.9951
  2.9955
  2.9998
  2.9888
  3.0070
  2.9976
  3.0056
  2.9952
  3.0050
  3.0099
  3.0030
  3.0043
  2.9979
  3.0115
  2.9978
  2.9943
  2.9981
  2.9878
  3.0101
  3.0133
  2.9881
  2.9967
  2.9989
  3.0014
  2.9950
  2.9961
  3.0179
  2.9984
  3.0084
  2.9974
  2.9988
  3.0030
  2.9864
  3.0007
  3.0058
  3.0015
  2.9993
  3.0011
  2.9936
  2.9981
  3.0010
  3.0017
  3.0087
  2.9946
  3.0051
  2.9940
  3.0110
  2.9993
  3.0025
  2.9995
  2.9945
  3.0015
  2.9940
  3.0052
  2.9971
  3.0067
  2.9885
  2.9956
  2.9932
  3.0034
  2.9979
  2.9938
  3.0039
  3.0015
  3.0027
  3.0040
  2.9942
  2.9957
  3.0034
  3.0051
  3.0004
  3.0080
  2.9977
  2.9892
  2.9986
  3.0023
  3.0077
  2.9951
  2.9973
  3.0030
  3.0088
  2.9977
  3.0030
  2.9945
  3.0047
  3.0062
  3.0099
  3.0058
  2.9971
  3.0037
  3.0043
  3.0073
  2.9941
  3.0096
  3.0093
  3.0076
  3.0083
  2.9944
  3.0016
  3.0000
  3.0008
  2.9995
  2.9927
  2.9924
  3.0024
  2.9996
  2.9908
  3.0004
  3.0037
  3.0101
  3.0028
  2.9949
  3.0096
  3.0098
  3.0132
  2.9947
  2.9990
  3.0012
  2.9945
  3.0017
  3.0111
  3.0034
  3.0032
  3.0149
  2.9972
  2.9959
  3.0038
  2.9959
  2.9945
  3.0028
  3.0011
  3.0046
  3.0008
  3.0077
  3.0002
  3.0067
  2.9986
  3.0043
  2.9967
  2.9974
  2.9956
  3.0022
  2.9922
  2.9948
  2.9963
  3.0050
  2.9979
  2.9969
  2.9964
  2.9976
  3.0002
  3.0138
  3.0015
  2.9934
  2.9952
  3.0019
  2.9922
  3.0056
  2.9969
  3.0093
  3.0157
  3.0003
  2.9926
  2.9994
  2.9990
  2.9920
  3.0098
  3.0101
  3.0081
  2.9979
  3.0141
  3.0075
  2.9976
  2.9907
  2.9964
  2.9977
  2.9957
  2.9986
  2.9994
  3.0119
  3.0091
  3.0127
  3.0058
  3.0027
  2.9948
  2.9983
  2.9959
  3.0003
  3.0058
  3.0010
  3.0002
  3.0008
  2.9952
  2.9925
  2.9999
  3.0115
  3.0033
  2.9981
  2.9976
  3.0081
  3.0015
  3.0003
  2.9898
  2.9884
  3.0082
  3.0090
  2.9839
  2.9978
  2.9898
  2.9952
  3.0059
  2.9969
  2.9924
  2.9977
  2.9839
  3.0139
  3.0033
  2.9906
  3.0099
  2.9952
  2.9971
  2.9904
  3.0107
  3.0039
  3.0065
  3.0107
  2.9937
  3.0021
  2.9960
  3.0046
  3.0026
  3.0040
  3.0184
  3.0025
  3.0076
  3.0092
  3.0108
  3.0032
  3.0006
  2.9842
  2.9986
  3.0078
  2.9983
  2.9948
  2.9992
  2.9891
  3.0017
  3.0046
  3.0058
  2.9998
  2.9999
  3.0026
  3.0030
  2.9971
  3.0046
  2.9945
  3.0001
  2.9941
  3.0113
  2.9975
  2.9815
  2.9966
  3.0144
  3.0130
  3.0007
  3.0028
  3.0041
  3.0033
  2.9920
  3.0001
  3.0103
  3.0041
  3.0021
  2.9946
  2.9907
  3.0037
  3.0023
  3.0034
  2.9949
  2.9997
  3.0053
  2.9977
  2.9904
  2.9958
  3.0090
  2.9968
  3.0037
  2.9947
  3.0048
  2.9906
  3.0103
  3.0106
  3.0000
  2.9984
  2.9952
  3.0022
  3.0004
  3.0128
  2.9974
  3.0084
  3.0008
  3.0097
  3.0073
  3.0013
  3.0028
  2.9953
  2.9879
  2.9881
  2.9996
  2.9997
  3.0029
  3.0076
  2.9995
  3.0073
  3.0009
  3.0003
  3.0031
  3.0032
  3.0062
  2.9933
  2.9947
  3.0092
  2.9977
  2.9975
  3.0099
  3.0067
  2.9933
  2.9977
  3.0054
  2.9833
  3.0015
  2.9947
  2.9990
  2.9951
  3.0033
  3.0006
  2.9902
  2.9913
  2.9986
  2.9988
  3.0028
  2.9874
  2.9959
  3.0129
  2.9976
  2.9936
  2.9977
  2.9987
  3.0003
  2.9927
  2.9972
  2.9956
  2.9920
  2.9966
  2.9958
  2.9940
  2.9978
  2.9813
  2.9993
  3.0067
  3.0044
  2.9959
  2.9992
  3.0042
  2.9937
  3.0070
  3.0165
  3.0113
  3.0001
  2.9985
  3.0000
  3.0106
  2.9914
  3.0029
  2.9977
  3.0069
  2.9944
  3.0054
  3.0017
  2.9968
  2.9874
  3.0032
  3.0016
  3.0176
  3.0080
  3.0041
  3.0025
  2.9967
  3.0134
  2.9961
  3.0086
  3.0023
  2.9868
  2.9893
  3.0002
  3.0016
  3.0065
  3.0041
  3.0047
  3.0011
  2.9974
  2.9947
  3.0053
  2.9987
  3.0002
  2.9985
  3.0030
  2.9993
  3.0044
  3.0018
  3.0000
  3.0021
  2.9919
  2.9979
  3.0042
  2.9951
  2.9965
  3.0066
  3.0004
  3.0033
  2.9948
  2.9948
  3.0000
  3.0000
  2.9934
  2.9944
  3.0062
  2.9904
  2.9979
  2.9965
  3.0066
  2.9915
  3.0051
  2.9945
  3.0024
  3.0096
  3.0075
  3.0084
  3.0080
  2.9918
  2.9968
  2.9944
  3.0018
  2.9958
  3.0027
  3.0056
  2.9930
  3.0067
  3.0114
  3.0055
  2.9944
  3.0009
  3.0010
  3.0053
  2.9952
  3.0063
  2.9948
  3.0003
  3.0055
  3.0009
  2.9967
  3.0034
  3.0018
  2.9983
  3.0028
  3.0029
  3.0069
  2.9977
  3.0030
  3.0115
  3.0069
  3.0107
  3.0032
  3.0039
  3.0032
  3.0072
  2.9865
  3.0095
  2.9928
  2.9991
  2.9960
  3.0008
  2.9983
  2.9979
  3.0022
  2.9952
  2.9861
  3.0062
  3.0062
  3.0118
  3.0026
  3.0030
  2.9935
  3.0038
  3.0025
  3.0027
  2.9932
  2.9965
  2.9894
  2.9946
  2.9965
  3.0126
  3.0034
  3.0033
  3.0008
  2.9985
  3.0035
  3.0000
  2.9963
  2.9889
  2.9890
  2.9957
  3.0023
  2.9939
  3.0092
  2.9975
  2.9986
  3.0005
  3.0053
  3.0092
  3.0069
  2.9987
  3.0055
  2.9996
  2.9949
  2.9935
  3.0077
  2.9907
  2.9900
  3.0033
  3.0043
  3.0061
  2.9989
  3.0056
  2.9987
  3.0007
  2.9970
  3.0123
  3.0020
  3.0048
  2.9990
  3.0048
  2.9924
  2.9966
  3.0050
  3.0066
  3.0030
  2.9982
  2.9933
  3.0019
  2.9981
  3.0092
  3.0036
  2.9908
  3.0003
  2.9973
  3.0059
  3.0036
  3.0142
  3.0004
  2.9901
  2.9958
  3.0073
  2.9969
  2.9997
  2.9916
  3.0001
  2.9890
  2.9993
  3.0058
  2.9986
  2.9942
  2.9956
  2.9979
  2.9987
  3.0016
  3.0115
  2.9974
  3.0020
  2.9988
  2.9938
  2.9870
  2.9922
  2.9964
  2.9963
  3.0008
  3.0081
  3.0039
  3.0029
  3.0098
  3.0014
  3.0060
  2.9972
  2.9938
  2.9933
  2.9950
  2.9978
  2.9959
  2.9971
  2.9944
  3.0023
  3.0016
  2.9930
  2.9885
  3.0067
  3.0053
  2.9907
  3.0017
  2.9920
  2.9993
  3.0038
  3.0016
  3.0036
  3.0077
  2.9947
  3.0160
  2.9933
  3.0072
  2.9967
  3.0019
  3.0030
  3.0035
  2.9888
  3.0077
  2.9909
  2.9947
  3.0064
  3.0021
  3.0039
  3.0009
  3.0050
  3.0057
  3.0009
  3.0013
  3.0049
  2.9985
  3.0005
  2.9974
  3.0070
  3.0070
  2.9969
  3.0038
  3.0036
  3.0053
  3.0024
  3.0000
  3.0060
  2.9961
  3.0007
  2.9840
  3.0110
  3.0105
  2.9915
  3.0064
  3.0098
  3.0093
  2.9937
  3.0035
  3.0066
  2.9921
  2.9994
  3.0025
  3.0003
  2.9974
  3.0036
  3.0055
  2.9961
  2.9983
  2.9976
  2.9983
  3.0006
  2.9984
  2.9963
  3.0080
  2.9997
  3.0026
  3.0033
  3.0020
  3.0065
  3.0061
  2.9943
  3.0051
  2.9997
  2.9977
  2.9979
  3.0002
  3.0081
  2.9990
  3.0001
  2.9978
  3.0012
  3.0065
  2.9999
  3.0038
  3.0007
  2.9918
  2.9883
  3.0052
  3.0077
  3.0050
  2.9970
  2.9920
  3.0045
  2.9948
  2.9920
  2.9980
  3.0030
  3.0043
  3.0018
  3.0014
  2.9979
  3.0005
  2.9934
  2.9991
  3.0005
  3.0021
  2.9973
  2.9994
  3.0040
  3.0138
  3.0058
  2.9999
  2.9926
  2.9890
  2.9914
  2.9922
  3.0029
  3.0073
  2.9916
  3.0037
  2.9846
  2.9937
  2.9886
  2.9929
  3.0022
  2.9975
  2.9980
  3.0090
  2.9948
  3.0081
  2.9985
  2.9869
  3.0026
  2.9943
  3.0042
  3.0074
  2.9931
  2.9927
  3.0040
  2.9987
  2.9890
  3.0038
  2.9924
  3.0006
  3.0008
  3.0006
  2.9952
  2.9900
  3.0005
  2.9969
  3.0127
  3.0005
  2.9967
  2.9974
  2.9969
  3.0020
  2.9968
  3.0025
  3.0106
  3.0012
  2.9995
  3.0099
  3.0048
  3.0072
  2.9906
  3.0048
  2.9987
  3.0066
  3.0103
  3.0006
  3.0013
  3.0082
  3.0007
  3.0039
  2.9989
  3.0021
  2.9996
  2.9925
  2.9947
  3.0104
  3.0039
  3.0065
  2.9943
  3.0088
  2.9946
  2.9991
  2.9915
  3.0000
  2.9971
  2.9983
  2.9927
  2.9827
  2.9881
  3.0075
  2.9920
  2.9985
  3.0030
  2.9997
  3.0096
  2.9917
  3.0004
  3.0030
  3.0128
  2.9985
  2.9972
  2.9896
  2.9919
  2.9918
  3.0036
  3.0041
  3.0069
  3.0107
  2.9998
  3.0063
  3.0100
  3.0047
  2.9921
  3.0008
  3.0008
  3.0027
  3.0027
  2.9960
  2.9837
  2.9941
  3.0046
  3.0002
  3.0009
  3.0025
  2.9915
  3.0024
  3.0015
  3.0036
  2.9990
  3.0025
  2.9985
  2.9992
  3.0037
  2.9996
  2.9936
  2.9914
  2.9930
  2.9992
  2.9920
  3.0051
  3.0098
  3.0010
  2.9930
  2.9952
  2.9987
  3.0014
  2.9987
  2.9974
  3.0025
  3.0019
  2.9890
  3.0078
  2.9999
