C1431409.554168
Gadanki 14/03/2014 09:55:11 14/03/2014 09:55:42 0375 0079.2 0013.5 00
0000000 0020 0000600 0020 01
1 0 2 02000 1 0000 0030 00532.o 0 0 00 000 14 000600 0.500 BT0
532.000 .o analog 0 
  2.8740
 21.2896
 18.0675
 10.7456
 12.1455
 13.7941
 17.9921
 30.4778
 41.6049
 43.8208
 41.5206
 37.7349
 33.4587
 29.7644
 26.3793
 23.5799
 21.1532
 18.8359
 17.0731
 15.7093
 14.3647
 13.2645
 12.2593
 11.3303
 10.4388
  9.7358
  9.0608
  8.1969
  7.3943
  7.0760
  6.8179
  6.5164
  6.2851
  6.1336
  5.9681
  5.8006
  5.6690
  5.5579
  5.3837
  5.2772
  5.2086
  5.0936
  4.9106
  4.7383
  4.6109
  4.5120
  4.4305
  4.3112
  4.2641
  4.1992
  4.0976
  4.0798
  4.0220
  4.0551
  4.0502
  3.9790
  3.8813
  3.8419
  3.8570
  3.8189
  3.7086
  3.6319
  3.6241
  3.6019
  3.5467
  3.5025
  3.4913
  3.4886
  3.4591
  3.4274
  3.4194
  3.3658
  3.3292
  3.3013
  3.3131
  3.2922
  3.2799
  3.2691
  3.2417
  3.2371
  3.2388
  3.2547
  3.2291
  3.1765
  3.1786
  3.1651
  3.1595
  3.1458
  3.1363
  3.1106
  3.1180
  3.1134
  3.1092
  3.0958
  3.0912
  3.0921
  3.0838
  3.0611
  3.0780
  3.0615
  3.0530
  3.0532
  3.0510
  3.0545
  3.0428
  3.0426
  3.0377
  3.0248
  3.0183
  3.0324
  3.0212
  3.0157
  3.0036
  3.0247
  3.0115
  2.9995
  3.0066
  3.0033
  2.9957
  2.9942
  2.9988
  2.9939
  2.9838
  2.9967
  2.9790
  2.9824
  2.9857
  2.9769
  2.9694
  2.9734
  2.9571
  2.9778
  2.9660
  2.9679
  2.9686
  2.9613
  2.9537
  2.9689
  2.9584
  2.9644
  2.9684
  2.9608
  2.9539
  2.9464
  2.9541
  2.9598
  2.9594
  2.9533
  2.9545
  2.9472
  2.9414
  2.9373
  2.9397
  2.9421
  2.9437
  2.9414
  2.9455
  2.9347
  2.9376
  2.9370
  2.9447
  2.9485
  2.9364
  2.9367
  2.9285
  2.9262
  2.9339
  2.9224
  2.9325
  2.9307
  2.9270
  2.9371
  2.9274
  2.9250
  2.9175
  2.9300
  2.9229
  2.9184
  2.9268
  2.9337
  2.9242
  2.9203
  2.9236
  2.9331
  2.9249
  2.9134
  2.9017
  2.9126
  2.9071
  2.9168
  2.9221
  2.9124
  2.9220
  2.9130
  2.9135
  2.9207
  2.9089
  2.9044
  2.9058
  2.9129
  2.9041
  2.9062
  2.9062
  2.9054
  2.8957
  2.9152
  2.9119
  2.9080
  2.9045
  2.9139
  2.9088
  2.9066
  2.9066
  2.9092
  2.9016
  2.9017
  2.9120
  2.9130
  2.8960
  2.9073
  2.9091
  2.9077
  2.8926
  2.8936
  2.9081
  2.8968
  2.9101
  2.9062
  2.8946
  2.8921
  2.8995
  2.9048
  2.9000
  2.9008
  2.8954
  2.8956
  2.8917
  2.8900
  2.9016
  2.9055
  2.8895
  2.9044
  2.9056
  2.8893
  2.9058
  2.9042
  2.8897
  2.8997
  2.8973
  2.8850
  2.8890
  2.9028
  2.9004
  2.9006
  2.8943
  2.8857
  2.8923
  2.8886
  2.9022
  2.8948
  2.8904
  2.8903
  2.9002
  2.8888
  2.8889
  2.8869
  2.8973
  2.8992
  2.8945
  2.8934
  2.9002
  2.8879
  2.8965
  2.8783
  2.8817
  2.8836
  2.8981
  2.8874
  2.8911
  2.8840
  2.8887
  2.8846
  2.8869
  2.9047
  2.8957
  2.8844
  2.8875
  2.9013
  2.8754
  2.8865
  2.8934
  2.8906
  2.8955
  2.9021
  2.8900
  2.8940
  2.8923
  2.8829
  2.8904
  2.8828
  2.8826
  2.8946
  2.8838
  2.8881
  2.8932
  2.8914
  2.8777
  2.8969
  2.8818
  2.8924
  2.8812
  2.8935
  2.8919
  2.8849
  2.8844
  2.8814
  2.8863
  2.8849
  2.8878
  2.8874
  2.8882
  2.8870
  2.8906
  2.8762
  2.8881
  2.8808
  2.8891
  2.8902
  2.8900
  2.8830
  2.8776
  2.8925
  2.8864
  2.8823
  2.8833
  2.8795
  2.8876
  2.8766
  2.8822
  2.8911
  2.8781
  2.8813
  2.8872
  2.8835
  2.8800
  2.8905
  2.8713
  2.8843
  2.8862
  2.8833
  2.8878
  2.8857
  2.8793
  2.8912
  2.8713
  2.8864
  2.8913
  2.8780
  2.8826
  2.8860
  2.8848
  2.8784
  2.8874
  2.8861
  2.8887
  2.8790
  2.8890
  2.8946
  2.8890
  2.8934
  2.8873
  2.8898
  2.8864
  2.8830
  2.8854
  2.8700
  2.8720
  2.8827
  2.8838
  2.8841
  2.8849
  2.8822
  2.8768
  2.8852
  2.8874
  2.8786
  2.8792
  2.8797
  2.8927
  2.8823
  2.8889
  2.8755
  2.8881
  2.8918
  2.8775
  2.8863
  2.8899
  2.8797
  2.8869
  2.8841
  2.8849
  2.8856
  2.8963
  2.8867
  2.8764
  2.8883
  2.8798
  2.8873
  2.8772
  2.8808
  2.8891
  2.8779
  2.8879
  2.8853
  2.8849
  2.8760
  2.8694
  2.8898
  2.8793
  2.8755
  2.8795
  2.8811
  2.8852
  2.8888
  2.8897
  2.8757
  2.8810
  2.8868
  2.8843
  2.8743
  2.8894
  2.8812
  2.8839
  2.8841
  2.8863
  2.8832
  2.8833
  2.8866
  2.8815
  2.8755
  2.8747
  2.8893
  2.8756
  2.8801
  2.8829
  2.8900
  2.8876
  2.8942
  2.8789
  2.8713
  2.8894
  2.8794
  2.8825
  2.8874
  2.8802
  2.8788
  2.8834
  2.8875
  2.8788
  2.8717
  2.8847
  2.8839
  2.8780
  2.8807
  2.8703
  2.8757
  2.8817
  2.8775
  2.8727
  2.8847
  2.8856
  2.8775
  2.8833
  2.8809
  2.8824
  2.8875
  2.8867
  2.8810
  2.8847
  2.8748
  2.8767
  2.8872
  2.8717
  2.8775
  2.8785
  2.8728
  2.8779
  2.8804
  2.8845
  2.8713
  2.8709
  2.8822
  2.8845
  2.8840
  2.8725
  2.8882
  2.8811
  2.8764
  2.8889
  2.8795
  2.8856
  2.8884
  2.8911
  2.8845
  2.8872
  2.8811
  2.8787
  2.8823
  2.8853
  2.8842
  2.8738
  2.8811
  2.8866
  2.8792
  2.8818
  2.8789
  2.8813
  2.8872
  2.8844
  2.8830
  2.8835
  2.8743
  2.8886
  2.8828
  2.8834
  2.8793
  2.8840
  2.8760
  2.8768
  2.8818
  2.8934
  2.8831
  2.8844
  2.8842
  2.8721
  2.8894
  2.8740
  2.8780
  2.8873
  2.8865
  2.8789
  2.8694
  2.8846
  2.8864
  2.8876
  2.8752
  2.8787
  2.8731
  2.8790
  2.8775
  2.8782
  2.8884
  2.8739
  2.8749
  2.8846
  2.8868
  2.8777
  2.8838
  2.8748
  2.8827
  2.8727
  2.8809
  2.8739
  2.8765
  2.8792
  2.8824
  2.8794
  2.8823
  2.8759
  2.8850
  2.8806
  2.8768
  2.8891
  2.8844
  2.8809
  2.8776
  2.8873
  2.8781
  2.8830
  2.8740
  2.8785
  2.8693
  2.8799
  2.8833
  2.8807
  2.8769
  2.8877
  2.8869
  2.8801
  2.8692
  2.8709
  2.8855
  2.8819
  2.8733
  2.8781
  2.8849
  2.8725
  2.8842
  2.8738
  2.8823
  2.8859
  2.8739
  2.8776
  2.8836
  2.8808
  2.8932
  2.8753
  2.8815
  2.8808
  2.8829
  2.8846
  2.8766
  2.8760
  2.8807
  2.8896
  2.8802
  2.8783
  2.8987
  2.8750
  2.8755
  2.8927
  2.8751
  2.8702
  2.8844
  2.8765
  2.8838
  2.8799
  2.8915
  2.8852
  2.8846
  2.8865
  2.8838
  2.8797
  2.8727
  2.8887
  2.8846
  2.8739
  2.8868
  2.8849
  2.8805
  2.8853
  2.8855
  2.8798
  2.8796
  2.8804
  2.8776
  2.8844
  2.8822
  2.8873
  2.8786
  2.8926
  2.8696
  2.8779
  2.8744
  2.8895
  2.8816
  2.8780
  2.8746
  2.8777
  2.8766
  2.8809
  2.8766
  2.8718
  2.8784
  2.8830
  2.8789
  2.8774
  2.8703
  2.8750
  2.8684
  2.8785
  2.8791
  2.8732
  2.8793
  2.8805
  2.8795
  2.8838
  2.8783
  2.8683
  2.8855
  2.8750
  2.8803
  2.8709
  2.8829
  2.8753
  2.8786
  2.8716
  2.8783
  2.8820
  2.8778
  2.8869
  2.8851
  2.8746
  2.8801
  2.8847
  2.8804
  2.8807
  2.8820
  2.8821
  2.8866
  2.8799
  2.8803
  2.8787
  2.8830
  2.8820
  2.8913
  2.8817
  2.8716
  2.8697
  2.8820
  2.8615
  2.8750
  2.8777
  2.8705
  2.8897
  2.8757
  2.8811
  2.8771
  2.8636
  2.8717
  2.8768
  2.8801
  2.8847
  2.8755
  2.8779
  2.8724
  2.8761
  2.8881
  2.8758
  2.8775
  2.8823
  2.8773
  2.8703
  2.8730
  2.8767
  2.8821
  2.8778
  2.8764
  2.8883
  2.8853
  2.8861
  2.8729
  2.8753
  2.8822
  2.8756
  2.8759
  2.8866
  2.8819
  2.8822
  2.8835
  2.8822
  2.8843
  2.8752
  2.8768
  2.8788
  2.8748
  2.8853
  2.8753
  2.8829
  2.8729
  2.8679
  2.8821
  2.8857
  2.8795
  2.8826
  2.8900
  2.8773
  2.8773
  2.8762
  2.8816
  2.8899
  2.8815
  2.8818
  2.8710
  2.8918
  2.8815
  2.8785
  2.8870
  2.8760
  2.8855
  2.8774
  2.8720
  2.8740
  2.8763
  2.8831
  2.8802
  2.8830
  2.8769
  2.8769
  2.8877
  2.8791
  2.8776
  2.8762
  2.8761
  2.8735
  2.8820
  2.8709
  2.8735
  2.8724
  2.8750
  2.8805
  2.8733
  2.8790
  2.8844
  2.8862
  2.8672
  2.8800
  2.8800
  2.8721
  2.8792
  2.8789
  2.8831
  2.8787
  2.8826
  2.8824
  2.8812
  2.8665
  2.8752
  2.8803
  2.8735
  2.8724
  2.8695
  2.8766
  2.8746
  2.8842
  2.8788
  2.8768
  2.8836
  2.8735
  2.8916
  2.8810
  2.8852
  2.8797
  2.8623
  2.8800
  2.8742
  2.8743
  2.8718
  2.8836
  2.8765
  2.8784
  2.8756
  2.8748
  2.8772
  2.8809
  2.8787
  2.8757
  2.8800
  2.8735
  2.8700
  2.8815
  2.8804
  2.8811
  2.8858
  2.8823
  2.8809
  2.8781
  2.8853
  2.8831
  2.8728
  2.8820
  2.8948
  2.8844
  2.8756
  2.8763
  2.8748
  2.8751
  2.8711
  2.8842
  2.8757
  2.8793
  2.8896
  2.8799
  2.8703
  2.8842
  2.8810
  2.8745
  2.8865
  2.8813
  2.8763
  2.8797
  2.8771
  2.8846
  2.8824
  2.8720
  2.8771
  2.8858
  2.8710
  2.8840
  2.8717
  2.8691
  2.8728
  2.8770
  2.8750
  2.8767
  2.8798
  2.8787
  2.8877
  2.8790
  2.8801
  2.8794
  2.8760
  2.8784
  2.8817
  2.8771
  2.8873
  2.8767
  2.8670
  2.8831
  2.8740
  2.8700
  2.8723
  2.8850
  2.8706
  2.8797
  2.8741
  2.8689
  2.8729
  2.8789
  2.8859
  2.8814
  2.8775
  2.8759
  2.8778
  2.8834
  2.8818
  2.8799
  2.8856
  2.8816
  2.8770
  2.8761
  2.8729
  2.8733
  2.8839
  2.8835
  2.8768
  2.8754
  2.8735
  2.8851
  2.8776
  2.8908
  2.8794
  2.8786
  2.8769
  2.8765
  2.8780
  2.8650
  2.8772
  2.8717
  2.8823
  2.8831
  2.8801
  2.8777
  2.8874
  2.8819
  2.8814
  2.8747
  2.8816
  2.8755
  2.8836
  2.8700
  2.8839
  2.8765
  2.8842
  2.8683
  2.8800
  2.8820
  2.8807
  2.8720
  2.8862
  2.8690
  2.8920
  2.8761
  2.8794
  2.8740
  2.8837
  2.8758
  2.8834
  2.8790
  2.8802
  2.8640
  2.8836
  2.8831
  2.8724
  2.8763
  2.8740
  2.8723
  2.8789
  2.8755
  2.8832
  2.8702
  2.8660
  2.8818
  2.8698
  2.8817
  2.8772
  2.8782
  2.8926
  2.8746
  2.8800
  2.8677
  2.8738
  2.8719
  2.8763
  2.8748
  2.8793
  2.8866
  2.8843
  2.8820
  2.8866
  2.8857
  2.8710
  2.8842
  2.8716
  2.8757
  2.8741
  2.8677
  2.8785
  2.8835
  2.8822
  2.8748
  2.8834
  2.8735
  2.8829
  2.8765
  2.8820
  2.8857
  2.8814
  2.8804
  2.8861
  2.8749
  2.8748
  2.8824
  2.8835
  2.8746
  2.8878
  2.8878
  2.8812
  2.8825
  2.8826
  2.8727
  2.8823
  2.8805
  2.8754
  2.8809
  2.8888
  2.8758
  2.8757
  2.8781
  2.8690
  2.8850
  2.8741
  2.8798
  2.8826
  2.8848
  2.8762
  2.8861
  2.8775
  2.8865
  2.8851
  2.8814
  2.8754
  2.8880
  2.8831
  2.8857
  2.8924
  2.8831
  2.8830
  2.8795
  2.8860
  2.8788
  2.8752
  2.8763
  2.8830
  2.8778
  2.8812
  2.8835
  2.8763
  2.8664
  2.8769
  2.8742
  2.8780
  2.8793
  2.8727
  2.8825
  2.8799
  2.8763
  2.8704
  2.8764
  2.8821
  2.8746
  2.8770
  2.8732
  2.8904
  2.8929
  2.8802
  2.8770
  2.8804
  2.8874
  2.8890
  2.8764
  2.8794
  2.8880
  2.8740
  2.8773
  2.8830
  2.8893
  2.8711
  2.8752
  2.8850
  2.8836
  2.8817
  2.8690
  2.8759
  2.8775
  2.8750
  2.8787
  2.8781
  2.8812
  2.8724
  2.8850
  2.8848
  2.8721
  2.8858
  2.8823
  2.8821
  2.8664
  2.8754
  2.8717
  2.8751
  2.8763
  2.8742
  2.8908
  2.8759
  2.8782
  2.8826
  2.8765
  2.8796
  2.8841
  2.8840
  2.8689
  2.8819
  2.8702
  2.8773
  2.8755
  2.8771
  2.8813
  2.8831
  2.8905
  2.8890
  2.8784
  2.8779
  2.8716
  2.8681
  2.8726
  2.8835
  2.8810
  2.8881
  2.8699
  2.8720
  2.8844
  2.8726
  2.8793
  2.8774
  2.8794
  2.8821
  2.8852
  2.8756
  2.8802
  2.8787
  2.8660
  2.8772
  2.8749
  2.8694
  2.8771
  2.8843
  2.8854
  2.8744
  2.8702
  2.8847
  2.8934
  2.8732
  2.8822
  2.8704
  2.8799
  2.8838
  2.8755
  2.8811
  2.8880
  2.8727
  2.8777
  2.8723
  2.8865
  2.8768
  2.8853
  2.8743
  2.8829
  2.8791
  2.8769
  2.8804
  2.8882
  2.8781
  2.8828
  2.8843
  2.8720
  2.8755
  2.8848
  2.8835
  2.8788
  2.8816
  2.8850
  2.8794
  2.8784
  2.8821
  2.8710
  2.8746
  2.8882
  2.8763
  2.8872
  2.8846
  2.8789
  2.8788
  2.8749
  2.8718
  2.8822
  2.8710
  2.8802
  2.8866
  2.8888
  2.8752
  2.8703
  2.8791
  2.8777
  2.8827
  2.8792
  2.8769
  2.8863
  2.8772
  2.8824
  2.8766
  2.8677
  2.8740
  2.8749
  2.8764
  2.8856
  2.8808
  2.8902
  2.8711
  2.8798
  2.8764
  2.8829
  2.8795
  2.8751
  2.8729
  2.8796
  2.8773
  2.8764
  2.8839
  2.8664
  2.8736
  2.8727
  2.8814
  2.8797
  2.8832
  2.8827
  2.8729
  2.8842
  2.8833
  2.8844
  2.8856
  2.8731
  2.8664
  2.8828
  2.8743
  2.8855
  2.8861
  2.8864
  2.8664
  2.8834
  2.8809
  2.8748
  2.8773
  2.8782
  2.8831
  2.8786
  2.8845
  2.8834
  2.8711
  2.8790
  2.8771
  2.8806
  2.8841
  2.8794
  2.8807
  2.8750
  2.8693
  2.8812
  2.8786
  2.8844
  2.8756
  2.8789
  2.8827
  2.8749
  2.8800
  2.8817
  2.8799
  2.8787
  2.8687
  2.8816
  2.8719
  2.8833
  2.8807
  2.8839
  2.8721
  2.8881
  2.8765
  2.8799
  2.8769
  2.8749
  2.8818
  2.8725
  2.8868
  2.8859
  2.8893
  2.8800
  2.8748
  2.8780
  2.8806
  2.8825
  2.8784
  2.8819
  2.8836
  2.8716
  2.8794
  2.8889
  2.8746
  2.8812
  2.8822
  2.8775
  2.8774
  2.8801
  2.8887
  2.8747
  2.8840
  2.8772
  2.8619
  2.8784
  2.8773
  2.8840
  2.8875
  2.8832
  2.8816
  2.8748
  2.8801
  2.8810
  2.8822
  2.8823
  2.8777
  2.8829
  2.8732
  2.8748
  2.8782
  2.8762
  2.8802
  2.8745
  2.8691
  2.8714
  2.8842
  2.8800
  2.8797
  2.8683
  2.8834
  2.8783
  2.8755
  2.8845
  2.8772
  2.8778
  2.8747
  2.8719
  2.8777
  2.8732
  2.8666
  2.8805
  2.8724
  2.8860
  2.8791
  2.8823
  2.8805
  2.8727
  2.8733
  2.8752
  2.8796
  2.8836
  2.8792
  2.8841
  2.8828
  2.8842
  2.8701
  2.8729
  2.8763
  2.8830
  2.8866
  2.8889
  2.8804
  2.8860
  2.8738
  2.8732
  2.8781
  2.8818
  2.8798
  2.8841
  2.8716
  2.8762
  2.8641
  2.8735
  2.8843
  2.8753
  2.8862
  2.8851
  2.8709
  2.8645
  2.8727
  2.8794
  2.8803
  2.8831
  2.8782
  2.8786
  2.8816
  2.8792
  2.8693
  2.8790
  2.8665
  2.8779
  2.8679
  2.8861
  2.8707
  2.8855
  2.8790
  2.8770
  2.8807
  2.8736
  2.8831
  2.8865
  2.8783
  2.8856
  2.8704
  2.8783
  2.8863
  2.8848
  2.8809
  2.8716
  2.8806
  2.8731
  2.8725
  2.8706
  2.8857
  2.8890
  2.8750
  2.8778
  2.8683
  2.8708
  2.8775
  2.8775
  2.8779
  2.8813
  2.8743
  2.8772
  2.8822
  2.8693
  2.8783
  2.8822
  2.8807
  2.8756
  2.8673
  2.8745
  2.8775
  2.8751
  2.8842
  2.8713
  2.8832
  2.8829
  2.8886
  2.8786
  2.8799
  2.8724
  2.8798
  2.8763
  2.8749
  2.8765
  2.8797
  2.8752
  2.8776
  2.8702
  2.8756
  2.8873
  2.8757
  2.8694
  2.8829
  2.8852
  2.8776
  2.8827
  2.8866
  2.8854
  2.8761
  2.8769
  2.8689
  2.8810
  2.8751
  2.8800
  2.8747
  2.8761
  2.8818
  2.8857
  2.8724
  2.8793
  2.8949
  2.8798
  2.8813
  2.8781
  2.8684
  2.8708
  2.8777
  2.8790
  2.8806
  2.8741
  2.8830
  2.8867
  2.8794
  2.8817
  2.8712
  2.8634
  2.8764
  2.8832
  2.8811
  2.8815
  2.8783
  2.8776
  2.8748
  2.8748
  2.8860
  2.8813
  2.8895
  2.8884
  2.8741
  2.8812
  2.8796
  2.8802
  2.8815
  2.8830
  2.8730
  2.8729
  2.8772
  2.8762
  2.8857
  2.8779
  2.8752
  2.8905
  2.8751
  2.8739
  2.8762
  2.8868
  2.8807
  2.8780
  2.8763
  2.8848
  2.8740
  2.8623
  2.8805
  2.8859
  2.8773
  2.8808
  2.8740
  2.8798
  2.8746
  2.8787
  2.8851
  2.8822
  2.8764
  2.8782
  2.8811
  2.8799
  2.8792
  2.8720
  2.8832
  2.8784
  2.8724
  2.8683
  2.8711
  2.8693
  2.8779
  2.8709
  2.8837
  2.8725
  2.8757
  2.8819
  2.8671
  2.8821
  2.8844
  2.8780
  2.8879
  2.8758
  2.8789
  2.8762
  2.8786
  2.8811
  2.8805
  2.8789
  2.8713
  2.8828
  2.8795
  2.8831
  2.8854
  2.8847
  2.8709
  2.8848
  2.8894
  2.8856
  2.8772
  2.8826
  2.8774
  2.8814
  2.8832
  2.8950
  2.8796
  2.8890
  2.8664
  2.8849
  2.8839
  2.8898
  2.8890
  2.8757
  2.8857
  2.8679
  2.8704
  2.8711
  2.8830
  2.8757
  2.8831
  2.8783
  2.8854
  2.8749
  2.8759
  2.8837
  2.8746
  2.8678
  2.8780
  2.8801
  2.8872
  2.8825
  2.8733
  2.8902
  2.8861
  2.8738
  2.8847
  2.8800
  2.8788
  2.8911
  2.8782
  2.8805
  2.8743
  2.8764
  2.8893
  2.8760
  2.8780
  2.8756
  2.8848
  2.8814
  2.8814
  2.8855
  2.8783
  2.8737
  2.8798
  2.8861
  2.8834
  2.8785
  2.8765
  2.8730
  2.8784
  2.8773
  2.8724
  2.8870
  2.8834
  2.8788
  2.8874
  2.8840
  2.8778
  2.8687
  2.8804
  2.8728
  2.8712
  2.8716
  2.8778
  2.8815
  2.8882
  2.8811
  2.8726
  2.8795
  2.8747
  2.8856
  2.8859
  2.8793
  2.8867
  2.8831
  2.8712
  2.8807
  2.8998
  2.8823
  2.8785
  2.8768
  2.8729
  2.8797
  2.8822
  2.8868
  2.8789
  2.8729
  2.8815
  2.8684
  2.8765
  2.8746
  2.8811
  2.8774
  2.8799
  2.8786
  2.8844
  2.8816
  2.8751
  2.8790
  2.8752
  2.8753
  2.8787
  2.8867
  2.8780
  2.8761
  2.8721
  2.8695
  2.8778
  2.8698
  2.8824
  2.8857
  2.8791
  2.8804
  2.8735
  2.8772
  2.8750
  2.8753
  2.8820
  2.8824
  2.8780
  2.8804
  2.8774
  2.8790
  2.8830
  2.8775
  2.8906
  2.8748
  2.8777
  2.8770
  2.8850
  2.8830
  2.8800
  2.8801
  2.8806
  2.8795
  2.8780
  2.8786
  2.8776
  2.8706
  2.8713
  2.8860
  2.8738
  2.8769
  2.8753
  2.8845
  2.8809
  2.8821
  2.8796
  2.8859
  2.8890
  2.8804
  2.8676
  2.8753
  2.8780
  2.8701
  2.8756
  2.8821
  2.8660
  2.8711
  2.8747
  2.8670
  2.8781
  2.8750
  2.8783
  2.8823
  2.8782
  2.8733
  2.8758
  2.8857
  2.8803
  2.8818
  2.8747
  2.8781
  2.8818
  2.8766
  2.8670
  2.8770
  2.8799
  2.8864
  2.8696
  2.8756
  2.8801
  2.8821
  2.8807
  2.8720
  2.8771
  2.8885
  2.8742
  2.8708
  2.8815
  2.8820
  2.8806
  2.8767
  2.8812
  2.8850
  2.8793
  2.8739
  2.8907
  2.8783
  2.8813
  2.8735
  2.8889
  2.8780
  2.8809
  2.8827
  2.8687
  2.8801
  2.8764
  2.8792
  2.8839
  2.8820
  2.8809
  2.8829
  2.8794
  2.8719
  2.8848
  2.8761
  2.8865
  2.8779
  2.8808
  2.8734
  2.8773
  2.8778
  2.8821
  2.8843
  2.8689
  2.8649
  2.8762
  2.8740
  2.8734
  2.8798
  2.8730
  2.8841
  2.8849
  2.8867
  2.8799
  2.8787
  2.8725
  2.8767
  2.8750
  2.8739
  2.8685
  2.8720
  2.8855
  2.8693
  2.8843
  2.8692
  2.8804
  2.8853
  2.8851
  2.8788
  2.8654
  2.8771
  2.8731
  2.8783
  2.8738
  2.8826
  2.8802
  2.8820
  2.8679
  2.8691
  2.8841
  2.8767
  2.8798
  2.8865
  2.8775
  2.8705
  2.8866
  2.8858
  2.8763
  2.8780
  2.8770
  2.8825
  2.8944
  2.8689
  2.8682
  2.8852
  2.8798
  2.8754
  2.8801
  2.8752
  2.8820
  2.8792
  2.8799
  2.8760
  2.8697
  2.8777
  2.8797
  2.8755
  2.8784
  2.8768
  2.8713
  2.8746
  2.8812
  2.8746
  2.8845
  2.8830
  2.8739
  2.8711
  2.8778
  2.8772
  2.8743
  2.8707
  2.8776
  2.8789
  2.8824
  2.8857
  2.8762
  2.8808
  2.8835
  2.8836
  2.8763
  2.8772
  2.8773
  2.8661
  2.8791
  2.8844
  2.8717
  2.8841
  2.8828
  2.8792
  2.8678
  2.8736
  2.8877
  2.8762
  2.8770
  2.8827
  2.8792
  2.8861
  2.8815
  2.8752
  2.8848
  2.8829
  2.8766
  2.8882
  2.8865
  2.8842
  2.8800
  2.8705
  2.8850
  2.8875
  2.8776
  2.8797
  2.8727
  2.8741
  2.8778
  2.8752
  2.8876
  2.8739
  2.8759
  2.8736
  2.8835
  2.8846
  2.8830
  2.8755
  2.8864
  2.8766
  2.8771
  2.8770
  2.8746
  2.8779
  2.8757
  2.8729
  2.8773
  2.8764
  2.8689
  2.8785
  2.8818
  2.8730
  2.8838
  2.8766
  2.8821
