C1431410.132937
Gadanki 14/03/2014 10:12:59 14/03/2014 10:13:29 0375 0079.2 0013.5 00
0000000 0020 0000600 0020 01
1 0 2 02000 1 0000 0030 00532.o 0 0 00 000 14 000600 0.500 BT0
532.000 .o analog 0 
  3.0637
 21.2355
 18.5987
 11.1806
 12.5478
 14.0963
 17.6413
 28.5685
 39.4746
 42.0786
 40.1759
 36.5175
 32.2997
 28.4911
 25.2284
 22.5309
 20.2214
 18.4022
 16.9107
 15.6183
 14.5107
 13.5239
 12.6056
 11.8211
 11.0813
 10.4041
  9.9132
  9.4518
  8.9309
  8.4227
  7.8235
  7.4849
  7.1111
  6.8350
  6.5217
  6.2537
  6.0069
  5.7608
  5.6017
  5.3737
  5.2360
  5.1089
  4.9958
  4.9001
  4.7950
  4.6788
  4.5600
  4.4745
  4.4312
  4.3783
  4.3298
  4.2094
  4.1462
  4.0954
  4.0835
  4.0909
  4.0740
  3.9668
  3.9659
  3.9771
  3.9490
  3.8949
  3.7959
  3.7615
  3.7585
  3.7257
  3.6693
  3.6627
  3.6456
  3.6090
  3.6091
  3.5852
  3.5430
  3.5182
  3.4904
  3.4824
  3.4668
  3.4620
  3.4489
  3.4461
  3.4594
  3.4945
  3.4411
  3.3741
  3.3604
  3.3573
  3.3429
  3.3416
  3.3271
  3.3101
  3.3091
  3.2918
  3.2966
  3.2914
  3.2795
  3.2840
  3.2850
  3.2654
  3.2691
  3.2413
  3.2605
  3.2485
  3.2463
  3.2397
  3.2462
  3.2319
  3.2307
  3.2275
  3.2243
  3.2081
  3.2239
  3.2158
  3.2077
  3.2078
  3.1976
  3.1940
  3.2056
  3.1970
  3.1838
  3.1826
  3.1882
  3.1777
  3.1750
  3.1727
  3.1754
  3.1794
  3.1772
  3.1601
  3.1614
  3.1637
  3.1554
  3.1556
  3.1529
  3.1593
  3.1531
  3.1641
  3.1560
  3.1482
  3.1428
  3.1468
  3.1457
  3.1585
  3.1559
  3.1498
  3.1457
  3.1390
  3.1356
  3.1431
  3.1353
  3.1371
  3.1409
  3.1320
  3.1310
  3.1326
  3.1373
  3.1334
  3.1332
  3.1268
  3.1251
  3.1239
  3.1235
  3.1291
  3.1281
  3.1308
  3.1277
  3.1298
  3.1246
  3.1296
  3.1164
  3.1147
  3.1326
  3.1185
  3.1088
  3.1102
  3.1216
  3.1135
  3.1133
  3.1165
  3.1165
  3.1211
  3.1161
  3.1131
  3.1126
  3.1082
  3.1053
  3.1056
  3.1110
  3.1174
  3.1190
  3.1121
  3.1063
  3.1071
  3.1175
  3.1163
  3.1093
  3.1093
  3.1130
  3.1004
  3.1100
  3.1099
  3.1061
  3.0949
  3.1006
  3.1072
  3.1032
  3.0961
  3.1010
  3.1021
  3.1030
  3.0970
  3.1043
  3.0918
  3.1008
  3.1022
  3.0873
  3.0959
  3.1104
  3.1003
  3.1002
  3.0930
  3.0939
  3.0856
  3.0887
  3.0937
  3.1088
  3.0908
  3.0894
  3.0937
  3.1052
  3.0902
  3.0910
  3.1018
  3.0885
  3.0905
  3.0877
  3.0947
  3.0905
  3.0975
  3.0940
  3.0958
  3.0907
  3.1044
  3.0954
  3.0922
  3.0884
  3.0928
  3.0990
  3.0967
  3.0890
  3.0764
  3.0759
  3.0887
  3.0797
  3.0857
  3.0989
  3.0879
  3.0819
  3.0823
  3.0828
  3.0838
  3.1023
  3.0877
  3.0850
  3.0798
  3.0875
  3.0855
  3.0835
  3.0898
  3.0802
  3.0838
  3.0984
  3.0817
  3.0802
  3.0932
  3.0850
  3.1046
  3.0927
  3.0839
  3.0866
  3.0902
  3.0834
  3.0830
  3.0862
  3.0802
  3.0731
  3.0711
  3.0845
  3.0851
  3.0745
  3.0882
  3.0767
  3.0855
  3.0824
  3.0798
  3.0845
  3.0827
  3.0643
  3.0880
  3.0820
  3.0887
  3.0735
  3.0939
  3.0765
  3.0791
  3.0946
  3.0801
  3.0791
  3.0866
  3.0887
  3.0881
  3.0848
  3.0862
  3.0803
  3.0926
  3.0865
  3.0791
  3.0827
  3.0770
  3.0805
  3.0840
  3.0786
  3.0699
  3.0791
  3.0746
  3.0890
  3.0802
  3.0717
  3.0800
  3.0896
  3.0678
  3.0659
  3.0753
  3.0795
  3.0792
  3.0778
  3.0829
  3.0743
  3.0863
  3.0907
  3.0830
  3.0846
  3.0711
  3.0871
  3.0798
  3.0826
  3.0876
  3.0750
  3.0860
  3.0836
  3.0844
  3.0848
  3.0853
  3.0852
  3.0815
  3.0779
  3.0789
  3.0777
  3.0853
  3.0826
  3.0713
  3.0703
  3.0748
  3.0634
  3.0829
  3.0870
  3.0876
  3.0718
  3.0739
  3.0811
  3.0661
  3.0801
  3.0849
  3.0745
  3.0701
  3.0708
  3.0740
  3.0782
  3.0828
  3.0776
  3.0745
  3.0740
  3.0790
  3.0776
  3.0839
  3.0682
  3.0876
  3.0684
  3.0886
  3.0679
  3.0747
  3.0599
  3.0743
  3.0731
  3.0738
  3.0815
  3.0814
  3.0734
  3.0870
  3.0866
  3.0793
  3.0745
  3.0728
  3.0871
  3.0898
  3.0735
  3.0735
  3.0632
  3.0737
  3.0820
  3.0679
  3.0766
  3.0795
  3.0769
  3.0709
  3.0890
  3.0754
  3.0809
  3.0641
  3.0780
  3.0759
  3.0781
  3.0850
  3.0761
  3.0786
  3.0829
  3.0772
  3.0729
  3.0772
  3.0746
  3.0767
  3.0804
  3.0798
  3.0766
  3.0650
  3.0708
  3.0710
  3.0659
  3.0730
  3.0699
  3.0766
  3.0737
  3.0669
  3.0685
  3.0751
  3.0782
  3.0847
  3.0738
  3.0681
  3.0755
  3.0635
  3.0779
  3.0880
  3.0728
  3.0816
  3.0816
  3.0675
  3.0648
  3.0847
  3.0711
  3.0711
  3.0721
  3.0857
  3.0771
  3.0803
  3.0796
  3.0721
  3.0786
  3.0738
  3.0800
  3.0782
  3.0727
  3.0788
  3.0736
  3.0817
  3.0675
  3.0823
  3.0803
  3.0643
  3.0871
  3.0739
  3.0742
  3.0806
  3.0792
  3.0812
  3.0697
  3.0671
  3.0791
  3.0793
  3.0753
  3.0828
  3.0596
  3.0747
  3.0784
  3.0776
  3.0757
  3.0815
  3.0769
  3.0830
  3.0653
  3.0786
  3.0711
  3.0651
  3.0639
  3.0868
  3.0779
  3.0740
  3.0810
  3.0820
  3.0764
  3.0699
  3.0852
  3.0770
  3.0720
  3.0700
  3.0760
  3.0678
  3.0702
  3.0787
  3.0717
  3.0743
  3.0781
  3.0766
  3.0760
  3.0750
  3.0766
  3.0696
  3.0758
  3.0813
  3.0786
  3.0632
  3.0804
  3.0714
  3.0802
  3.0853
  3.0757
  3.0741
  3.0804
  3.0790
  3.0820
  3.0729
  3.0828
  3.0738
  3.0748
  3.0717
  3.0715
  3.0784
  3.0785
  3.0777
  3.0645
  3.0718
  3.0637
  3.0637
  3.0685
  3.0644
  3.0776
  3.0802
  3.0726
  3.0735
  3.0780
  3.0766
  3.0683
  3.0754
  3.0867
  3.0767
  3.0752
  3.0781
  3.0644
  3.0755
  3.0764
  3.0729
  3.0804
  3.0686
  3.0797
  3.0666
  3.0809
  3.0851
  3.0741
  3.0716
  3.0735
  3.0753
  3.0828
  3.0678
  3.0773
  3.0715
  3.0827
  3.0774
  3.0755
  3.0794
  3.0827
  3.0727
  3.0749
  3.0773
  3.0768
  3.0736
  3.0755
  3.0745
  3.0678
  3.0786
  3.0726
  3.0777
  3.0842
  3.0789
  3.0713
  3.0752
  3.0745
  3.0776
  3.0754
  3.0695
  3.0704
  3.0880
  3.0842
  3.0716
  3.0731
  3.0735
  3.0645
  3.0824
  3.0862
  3.0678
  3.0716
  3.0710
  3.0767
  3.0719
  3.0775
  3.0815
  3.0789
  3.0607
  3.0731
  3.0711
  3.0794
  3.0681
  3.0630
  3.0615
  3.0682
  3.0716
  3.0533
  3.0812
  3.0693
  3.0721
  3.0680
  3.0773
  3.0714
  3.0748
  3.0802
  3.0638
  3.0747
  3.0692
  3.0646
  3.0725
  3.0763
  3.0667
  3.0775
  3.0813
  3.0689
  3.0628
  3.0696
  3.0705
  3.0669
  3.0666
  3.0817
  3.0768
  3.0797
  3.0616
  3.0710
  3.0884
  3.0774
  3.0805
  3.0651
  3.0766
  3.0692
  3.0662
  3.0751
  3.0776
  3.0799
  3.0768
  3.0681
  3.0729
  3.0781
  3.0771
  3.0700
  3.0760
  3.0726
  3.0657
  3.0747
  3.0704
  3.0781
  3.0706
  3.0655
  3.0627
  3.0728
  3.0759
  3.0744
  3.0887
  3.0792
  3.0716
  3.0793
  3.0835
  3.0761
  3.0735
  3.0670
  3.0740
  3.0754
  3.0703
  3.0688
  3.0720
  3.0745
  3.0763
  3.0653
  3.0700
  3.0724
  3.0767
  3.0668
  3.0721
  3.0635
  3.0673
  3.0796
  3.0725
  3.0722
  3.0738
  3.0777
  3.0633
  3.0678
  3.0713
  3.0734
  3.0808
  3.0644
  3.0583
  3.0879
  3.0753
  3.0750
  3.0748
  3.0773
  3.0649
  3.0667
  3.0701
  3.0888
  3.0838
  3.0834
  3.0774
  3.0740
  3.0718
  3.0746
  3.0773
  3.0688
  3.0622
  3.0759
  3.0797
  3.0682
  3.0710
  3.0845
  3.0738
  3.0821
  3.0752
  3.0769
  3.0806
  3.0775
  3.0707
  3.0824
  3.0688
  3.0768
  3.0703
  3.0800
  3.0632
  3.0750
  3.0723
  3.0699
  3.0613
  3.0708
  3.0667
  3.0824
  3.0706
  3.0824
  3.0727
  3.0709
  3.0762
  3.0732
  3.0731
  3.0708
  3.0730
  3.0765
  3.0723
  3.0765
  3.0755
  3.0606
  3.0678
  3.0706
  3.0709
  3.0695
  3.0729
  3.0734
  3.0753
  3.0677
  3.0774
  3.0739
  3.0890
  3.0720
  3.0737
  3.0637
  3.0726
  3.0840
  3.0804
  3.0661
  3.0743
  3.0767
  3.0679
  3.0737
  3.0638
  3.0884
  3.0846
  3.0750
  3.0765
  3.0717
  3.0671
  3.0594
  3.0712
  3.0793
  3.0752
  3.0727
  3.0611
  3.0664
  3.0801
  3.0702
  3.0724
  3.0746
  3.0648
  3.0655
  3.0769
  3.0706
  3.0593
  3.0721
  3.0755
  3.0680
  3.0667
  3.0696
  3.0733
  3.0685
  3.0658
  3.0681
  3.0735
  3.0783
  3.0618
  3.0734
  3.0804
  3.0659
  3.0766
  3.0549
  3.0860
  3.0676
  3.0653
  3.0614
  3.0621
  3.0727
  3.0787
  3.0741
  3.0717
  3.0710
  3.0792
  3.0754
  3.0806
  3.0767
  3.0629
  3.0723
  3.0812
  3.0777
  3.0649
  3.0879
  3.0852
  3.0693
  3.0739
  3.0658
  3.0638
  3.0762
  3.0792
  3.0764
  3.0724
  3.0847
  3.0696
  3.0754
  3.0788
  3.0713
  3.0727
  3.0776
  3.0738
  3.0686
  3.0652
  3.0683
  3.0667
  3.0742
  3.0727
  3.0739
  3.0842
  3.0767
  3.0761
  3.0611
  3.0705
  3.0791
  3.0685
  3.0622
  3.0700
  3.0723
  3.0690
  3.0755
  3.0741
  3.0845
  3.0805
  3.0628
  3.0737
  3.0699
  3.0656
  3.0710
  3.0721
  3.0740
  3.0844
  3.0736
  3.0765
  3.0722
  3.0717
  3.0697
  3.0687
  3.0815
  3.0718
  3.0788
  3.0788
  3.0677
  3.0680
  3.0730
  3.0715
  3.0781
  3.0707
  3.0737
  3.0787
  3.0664
  3.0752
  3.0754
  3.0691
  3.0680
  3.0756
  3.0667
  3.0708
  3.0718
  3.0717
  3.0840
  3.0771
  3.0829
  3.0752
  3.0738
  3.0796
  3.0686
  3.0745
  3.0689
  3.0736
  3.0639
  3.0840
  3.0737
  3.0667
  3.0723
  3.0670
  3.0707
  3.0858
  3.0740
  3.0699
  3.0678
  3.0685
  3.0549
  3.0707
  3.0686
  3.0629
  3.0686
  3.0717
  3.0712
  3.0688
  3.0786
  3.0702
  3.0798
  3.0631
  3.0757
  3.0792
  3.0743
  3.0622
  3.0682
  3.0709
  3.0695
  3.0716
  3.0795
  3.0741
  3.0674
  3.0721
  3.0730
  3.0639
  3.0806
  3.0686
  3.0834
  3.0642
  3.0713
  3.0692
  3.0744
  3.0639
  3.0828
  3.0668
  3.0826
  3.0753
  3.0813
  3.0959
  3.0688
  3.0719
  3.0774
  3.0643
  3.0751
  3.0663
  3.0713
  3.0592
  3.0684
  3.0794
  3.0735
  3.0783
  3.0707
  3.0806
  3.0728
  3.0793
  3.0662
  3.0682
  3.0774
  3.0668
  3.0744
  3.0740
  3.0760
  3.0618
  3.0755
  3.0834
  3.0723
  3.0811
  3.0669
  3.0711
  3.0800
  3.0678
  3.0715
  3.0799
  3.0796
  3.0661
  3.0752
  3.0810
  3.0717
  3.0756
  3.0698
  3.0685
  3.0818
  3.0710
  3.0682
  3.0720
  3.0617
  3.0677
  3.0713
  3.0739
  3.0678
  3.0650
  3.0684
  3.0704
  3.0708
  3.0671
  3.0678
  3.0691
  3.0717
  3.0764
  3.0740
  3.0700
  3.0691
  3.0703
  3.0676
  3.0740
  3.0712
  3.0681
  3.0727
  3.0847
  3.0819
  3.0639
  3.0766
  3.0787
  3.0796
  3.0763
  3.0716
  3.0802
  3.0706
  3.0742
  3.0758
  3.0634
  3.0620
  3.0759
  3.0749
  3.0684
  3.0698
  3.0588
  3.0827
  3.0674
  3.0726
  3.0731
  3.0902
  3.0605
  3.0618
  3.0584
  3.0733
  3.0740
  3.0629
  3.0599
  3.0667
  3.0629
  3.0662
  3.0692
  3.0794
  3.0611
  3.0724
  3.0757
  3.0683
  3.0695
  3.0800
  3.0695
  3.0834
  3.0777
  3.0733
  3.0705
  3.0641
  3.0853
  3.0636
  3.0658
  3.0734
  3.0649
  3.0640
  3.0781
  3.0796
  3.0717
  3.0771
  3.0791
  3.0713
  3.0561
  3.0658
  3.0814
  3.0818
  3.0718
  3.0701
  3.0792
  3.0854
  3.0742
  3.0689
  3.0750
  3.0672
  3.0777
  3.0654
  3.0807
  3.0794
  3.0765
  3.0688
  3.0715
  3.0685
  3.0830
  3.0787
  3.0667
  3.0625
  3.0726
  3.0687
  3.0732
  3.0691
  3.0612
  3.0663
  3.0774
  3.0697
  3.0684
  3.0676
  3.0773
  3.0717
  3.0665
  3.0819
  3.0723
  3.0650
  3.0619
  3.0675
  3.0776
  3.0723
  3.0740
  3.0634
  3.0750
  3.0685
  3.0746
  3.0657
  3.0746
  3.0773
  3.0705
  3.0771
  3.0768
  3.0642
  3.0736
  3.0729
  3.0736
  3.0675
  3.0692
  3.0792
  3.0684
  3.0651
  3.0710
  3.0716
  3.0627
  3.0734
  3.0663
  3.0691
  3.0697
  3.0750
  3.0713
  3.0762
  3.0658
  3.0651
  3.0655
  3.0750
  3.0798
  3.0765
  3.0714
  3.0827
  3.0659
  3.0678
  3.0758
  3.0731
  3.0635
  3.0794
  3.0777
  3.0757
  3.0749
  3.0735
  3.0724
  3.0642
  3.0629
  3.0667
  3.0776
  3.0732
  3.0753
  3.0697
  3.0772
  3.0813
  3.0833
  3.0717
  3.0751
  3.0751
  3.0674
  3.0774
  3.0758
  3.0801
  3.0662
  3.0789
  3.0856
  3.0768
  3.0754
  3.0688
  3.0694
  3.0695
  3.0737
  3.0791
  3.0782
  3.0715
  3.0652
  3.0895
  3.0700
  3.0687
  3.0717
  3.0841
  3.0677
  3.0728
  3.0711
  3.0717
  3.0756
  3.0603
  3.0657
  3.0683
  3.0587
  3.0713
  3.0777
  3.0678
  3.0826
  3.0779
  3.0654
  3.0744
  3.0851
  3.0741
  3.0702
  3.0748
  3.0707
  3.0826
  3.0655
  3.0689
  3.0820
  3.0789
  3.0751
  3.0729
  3.0637
  3.0769
  3.0772
  3.0761
  3.0701
  3.0656
  3.0748
  3.0676
  3.0711
  3.0701
  3.0803
  3.0755
  3.0800
  3.0700
  3.0753
  3.0599
  3.0645
  3.0702
  3.0645
  3.0594
  3.0764
  3.0711
  3.0718
  3.0713
  3.0728
  3.0676
  3.0781
  3.0632
  3.0806
  3.0800
  3.0696
  3.0624
  3.0746
  3.0764
  3.0659
  3.0587
  3.0851
  3.0795
  3.0677
  3.0719
  3.0694
  3.0642
  3.0721
  3.0751
  3.0707
  3.0670
  3.0803
  3.0820
  3.0780
  3.0750
  3.0730
  3.0671
  3.0715
  3.0689
  3.0681
  3.0629
  3.0632
  3.0700
  3.0666
  3.0720
  3.0681
  3.0678
  3.0661
  3.0738
  3.0745
  3.0806
  3.0714
  3.0678
  3.0623
  3.0744
  3.0666
  3.0783
  3.0597
  3.0753
  3.0766
  3.0622
  3.0824
  3.0743
  3.0608
  3.0712
  3.0729
  3.0718
  3.0702
  3.0761
  3.0714
  3.0641
  3.0748
  3.0672
  3.0739
  3.0759
  3.0737
  3.0583
  3.0645
  3.0737
  3.0654
  3.0760
  3.0689
  3.0795
  3.0779
  3.0771
  3.0654
  3.0795
  3.0748
  3.0782
  3.0688
  3.0806
  3.0765
  3.0771
  3.0658
  3.0794
  3.0854
  3.0795
  3.0718
  3.0724
  3.0758
  3.0678
  3.0687
  3.0773
  3.0873
  3.0721
  3.0682
  3.0727
  3.0785
  3.0679
  3.0795
  3.0703
  3.0701
  3.0756
  3.0716
  3.0765
  3.0847
  3.0700
  3.0772
  3.0739
  3.0680
  3.0653
  3.0747
  3.0743
  3.0774
  3.0679
  3.0694
  3.0758
  3.0673
  3.0656
  3.0759
  3.0628
  3.0706
  3.0697
  3.0670
  3.0735
  3.0809
  3.0642
  3.0844
  3.0720
  3.0652
  3.0809
  3.0674
  3.0599
  3.0654
  3.0865
  3.0716
  3.0755
  3.0777
  3.0740
  3.0651
  3.0827
  3.0715
  3.0718
  3.0852
  3.0631
  3.0633
  3.0633
  3.0713
  3.0750
  3.0661
  3.0687
  3.0691
  3.0698
  3.0790
  3.0781
  3.0696
  3.0775
  3.0732
  3.0765
  3.0682
  3.0798
  3.0719
  3.0795
  3.0754
  3.0716
  3.0814
  3.0815
  3.0717
  3.0694
  3.0797
  3.0721
  3.0776
  3.0728
  3.0664
  3.0667
  3.0745
  3.0681
  3.0736
  3.0699
  3.0834
  3.0651
  3.0692
  3.0765
  3.0786
  3.0657
  3.0648
  3.0704
  3.0802
  3.0757
  3.0643
  3.0755
  3.0857
  3.0658
  3.0761
  3.0592
  3.0731
  3.0691
  3.0639
  3.0759
  3.0901
  3.0691
  3.0685
  3.0760
  3.0738
  3.0711
  3.0667
  3.0731
  3.0762
  3.0771
  3.0735
  3.0757
  3.0648
  3.0609
  3.0770
  3.0712
  3.0824
  3.0645
  3.0750
  3.0732
  3.0775
  3.0762
  3.0678
  3.0676
  3.0730
  3.0722
  3.0683
  3.0752
  3.0657
  3.0584
  3.0673
  3.0802
  3.0730
  3.0674
  3.0772
  3.0759
  3.0650
  3.0686
  3.0804
  3.0698
  3.0726
  3.0659
  3.0642
  3.0727
  3.0690
  3.0661
  3.0792
  3.0744
  3.0675
  3.0747
  3.0664
  3.0697
  3.0724
  3.0773
  3.0672
  3.0731
  3.0693
  3.0828
  3.0719
  3.0835
  3.0637
  3.0701
  3.0600
  3.0698
  3.0695
  3.0833
  3.0728
  3.0821
  3.0732
  3.0848
  3.0795
  3.0709
  3.0620
  3.0792
  3.0758
  3.0640
  3.0692
  3.0736
  3.0698
  3.0650
  3.0762
  3.0666
  3.0693
  3.0742
  3.0731
  3.0650
  3.0738
  3.0731
  3.0700
  3.0672
  3.0678
  3.0718
  3.0823
  3.0734
  3.0756
  3.0751
  3.0642
  3.0664
  3.0735
  3.0801
  3.0794
  3.0692
  3.0692
  3.0667
  3.0659
  3.0671
  3.0735
  3.0783
  3.0829
  3.0737
  3.0689
  3.0703
  3.0658
  3.0782
  3.0660
  3.0765
  3.0640
  3.0637
  3.0740
  3.0800
  3.0716
  3.0893
  3.0694
  3.0745
  3.0712
  3.0666
  3.0756
  3.0662
  3.0695
  3.0732
  3.0707
  3.0771
  3.0750
  3.0738
  3.0685
  3.0582
  3.0720
  3.0689
  3.0716
  3.0588
  3.0681
  3.0689
  3.0567
  3.0792
  3.0759
  3.0709
  3.0829
  3.0688
  3.0706
  3.0714
  3.0822
  3.0705
  3.0703
  3.0777
  3.0707
  3.0740
  3.0793
  3.0722
  3.0708
  3.0681
  3.0681
  3.0717
  3.0774
  3.0660
  3.0708
  3.0695
  3.0762
  3.0577
  3.0792
  3.0727
  3.0592
  3.0781
  3.0765
  3.0600
  3.0599
  3.0653
  3.0724
  3.0673
  3.0672
  3.0679
  3.0710
  3.0775
  3.0735
  3.0716
  3.0720
  3.0764
  3.0561
  3.0607
  3.0669
  3.0741
  3.0743
  3.0620
  3.0736
  3.0831
  3.0750
  3.0735
  3.0845
  3.0759
  3.0724
  3.0800
  3.0589
  3.0685
  3.0585
  3.0681
  3.0781
  3.0729
  3.0665
  3.0736
  3.0582
  3.0598
  3.0807
  3.0791
  3.0545
  3.0766
  3.0759
  3.0676
  3.0692
  3.0717
  3.0711
  3.0662
  3.0718
  3.0756
  3.0532
  3.0784
  3.0688
  3.0786
  3.0879
  3.0829
  3.0654
  3.0636
  3.0742
  3.0646
  3.0749
  3.0756
  3.0681
  3.0793
  3.0808
  3.0764
  3.0724
  3.0748
  3.0613
  3.0698
  3.0756
  3.0781
  3.0777
  3.0719
  3.0625
  3.0833
  3.0762
  3.0780
  3.0730
  3.0645
  3.0716
  3.0767
  3.0731
  3.0700
  3.0756
  3.0673
  3.0742
  3.0740
  3.0726
  3.0669
  3.0735
  3.0683
  3.0783
  3.0717
  3.0731
  3.0743
  3.0679
  3.0811
  3.0716
  3.0807
  3.0709
  3.0718
  3.0798
  3.0824
  3.0634
  3.0830
  3.0721
  3.0667
  3.0621
  3.0763
  3.0827
  3.0641
  3.0735
  3.0756
  3.0721
  3.0840
  3.0711
  3.0723
  3.0689
  3.0873
  3.0700
  3.0686
  3.0746
  3.0745
  3.0758
  3.0689
  3.0681
  3.0828
  3.0768
  3.0731
  3.0733
  3.0723
  3.0667
  3.0604
  3.0732
  3.0649
  3.0713
  3.0634
  3.0759
  3.0774
  3.0748
  3.0764
  3.0825
  3.0822
  3.0609
  3.0775
  3.0738
  3.0784
  3.0692
  3.0608
  3.0691
  3.0730
  3.0669
  3.0751
  3.0663
  3.0737
  3.0657
  3.0762
  3.0686
  3.0756
  3.0692
  3.0743
  3.0610
  3.0723
  3.0725
  3.0753
  3.0685
  3.0606
  3.0634
  3.0789
  3.0636
  3.0701
  3.0753
  3.0607
  3.0694
  3.0750
  3.0687
  3.0668
  3.0663
  3.0682
  3.0690
  3.0668
  3.0753
  3.0750
  3.0744
  3.0755
  3.0840
  3.0753
  3.0786
  3.0759
  3.0669
  3.0687
  3.0782
  3.0697
  3.0733
  3.0650
  3.0720
  3.0768
  3.0664
  3.0759
  3.0633
  3.0563
  3.0822
  3.0797
  3.0823
  3.0720
  3.0717
  3.0685
  3.0769
  3.0721
  3.0797
  3.0667
  3.0736
  3.0670
  3.0719
  3.0674
  3.0674
  3.0609
  3.0686
  3.0839
  3.0620
  3.0695
  3.0569
  3.0740
  3.0802
  3.0604
  3.0659
  3.0760
  3.0661
  3.0747
  3.0671
  3.0734
  3.0714
  3.0735
  3.0730
  3.0744
  3.0633
  3.0744
  3.0834
  3.0593
  3.0766
  3.0721
  3.0697
  3.0656
  3.0834
  3.0643
  3.0708
  3.0706
  3.0822
  3.0722
  3.0626
  3.0746
  3.0677
  3.0645
  3.0783
  3.0628
  3.0698
  3.0673
  3.0726
  3.0717
  3.0684
  3.0713
  3.0638
  3.0620
  3.0618
  3.0637
  3.0758
  3.0733
  3.0785
  3.0760
  3.0645
  3.0689
  3.0709
  3.0759
  3.0811
  3.0653
  3.0788
  3.0752
  3.0688
  3.0729
  3.0711
  3.0859
  3.0753
  3.0663
  3.0676
  3.0674
  3.0598
  3.0798
  3.0649
  3.0774
  3.0738
  3.0735
  3.0651
  3.0781
  3.0668
  3.0677
  3.0626
  3.0712
  3.0809
  3.0670
  3.0656
  3.0679
  3.0670
  3.0695
  3.0706
  3.0686
  3.0726
  3.0793
  3.0854
  3.0779
  3.0643
  3.0734
  3.0800
  3.0793
  3.0836
  3.0682
  3.0717
