C1431410.011725
Gadanki 14/03/2014 10:00:47 14/03/2014 10:01:17 0375 0079.2 0013.5 00
0000000 0020 0000600 0020 01
1 0 2 02000 1 0000 0030 00532.o 0 0 00 000 14 000600 0.500 BT0
532.000 .o analog 0 
  2.9526
 21.4235
 19.2976
 11.3855
 12.9035
 14.5235
 18.2686
 29.5694
 40.7179
 44.3788
 42.4472
 38.6981
 34.3889
 30.3264
 26.8734
 23.8698
 21.0506
 18.5166
 16.7869
 15.3910
 13.9734
 12.7968
 11.7533
 10.9311
 10.2673
  9.5698
  8.9524
  8.4489
  8.0655
  7.7209
  7.5318
  7.2351
  6.9326
  6.5849
  6.2286
  5.8409
  5.7095
  5.5774
  5.4033
  5.2970
  5.2061
  5.1309
  4.9966
  4.8106
  4.7061
  4.6012
  4.4996
  4.3678
  4.3144
  4.2943
  4.1948
  4.0958
  4.0884
  4.0679
  4.1003
  4.0342
  3.9767
  3.8743
  3.8902
  3.8948
  3.8178
  3.7278
  3.6796
  3.6853
  3.6584
  3.5893
  3.5614
  3.5567
  3.5379
  3.5067
  3.4873
  3.4578
  3.4179
  3.3995
  3.4066
  3.3775
  3.3666
  3.3389
  3.3509
  3.3413
  3.3503
  3.3702
  3.3248
  3.2560
  3.2442
  3.2405
  3.2413
  3.2313
  3.2209
  3.2232
  3.1963
  3.1919
  3.1970
  3.1867
  3.1829
  3.1752
  3.1669
  3.1635
  3.1577
  3.1517
  3.1534
  3.1429
  3.1330
  3.1306
  3.1271
  3.1218
  3.1178
  3.1135
  3.1125
  3.1181
  3.0976
  3.1041
  3.0978
  3.1006
  3.0975
  3.0773
  3.1004
  3.0916
  3.0801
  3.0921
  3.0745
  3.0809
  3.0719
  3.0651
  3.0755
  3.0758
  3.0798
  3.0685
  3.0649
  3.0638
  3.0611
  3.0542
  3.0428
  3.0493
  3.0584
  3.0513
  3.0506
  3.0488
  3.0409
  3.0443
  3.0404
  3.0401
  3.0385
  3.0380
  3.0385
  3.0369
  3.0389
  3.0322
  3.0311
  3.0253
  3.0240
  3.0372
  3.0273
  3.0212
  3.0234
  3.0281
  3.0272
  3.0261
  3.0249
  3.0185
  3.0193
  3.0171
  3.0224
  3.0126
  3.0113
  3.0233
  3.0121
  3.0174
  3.0096
  3.0021
  3.0028
  3.0109
  3.0123
  3.0068
  3.0082
  3.0022
  3.0212
  3.0019
  3.0057
  3.0017
  3.0020
  3.0007
  3.0154
  3.0045
  3.0030
  3.0106
  3.0039
  3.0010
  2.9988
  3.0096
  3.0005
  2.9968
  2.9937
  2.9974
  3.0077
  2.9969
  3.0059
  3.0038
  3.0036
  3.0010
  3.0028
  2.9894
  2.9926
  2.9963
  2.9910
  2.9988
  3.0001
  2.9964
  2.9999
  2.9920
  2.9824
  2.9945
  2.9884
  2.9926
  2.9902
  2.9906
  2.9918
  2.9929
  2.9909
  2.9891
  2.9819
  2.9959
  2.9899
  2.9983
  2.9915
  2.9943
  2.9906
  2.9804
  2.9861
  2.9925
  2.9842
  2.9871
  2.9896
  2.9812
  2.9874
  2.9943
  2.9846
  2.9840
  2.9832
  2.9834
  2.9799
  2.9758
  2.9773
  2.9739
  2.9747
  2.9830
  2.9829
  2.9870
  2.9902
  2.9716
  2.9736
  2.9775
  2.9911
  2.9871
  2.9852
  2.9756
  2.9855
  2.9843
  2.9828
  2.9861
  2.9765
  2.9831
  2.9817
  2.9858
  2.9680
  2.9856
  2.9857
  2.9614
  2.9732
  2.9855
  2.9760
  2.9816
  2.9863
  2.9786
  2.9769
  2.9801
  2.9749
  2.9800
  2.9767
  2.9770
  2.9753
  2.9806
  2.9809
  2.9791
  2.9834
  2.9777
  2.9724
  2.9715
  2.9815
  2.9775
  2.9839
  2.9710
  2.9743
  2.9700
  2.9669
  2.9826
  2.9791
  2.9791
  2.9763
  2.9676
  2.9804
  2.9712
  2.9634
  2.9692
  2.9782
  2.9665
  2.9803
  2.9765
  2.9721
  2.9758
  2.9819
  2.9646
  2.9756
  2.9671
  2.9781
  2.9723
  2.9795
  2.9676
  2.9609
  2.9729
  2.9684
  2.9710
  2.9711
  2.9749
  2.9732
  2.9661
  2.9792
  2.9602
  2.9802
  2.9680
  2.9775
  2.9898
  2.9757
  2.9748
  2.9804
  2.9782
  2.9767
  2.9760
  2.9735
  2.9698
  2.9656
  2.9743
  2.9718
  2.9803
  2.9738
  2.9757
  2.9684
  2.9777
  2.9721
  2.9675
  2.9634
  2.9705
  2.9795
  2.9752
  2.9654
  2.9852
  2.9732
  2.9804
  2.9684
  2.9710
  2.9748
  2.9702
  2.9759
  2.9735
  2.9710
  2.9668
  2.9745
  2.9767
  2.9737
  2.9825
  2.9675
  2.9737
  2.9672
  2.9640
  2.9767
  2.9675
  2.9732
  2.9659
  2.9714
  2.9539
  2.9744
  2.9731
  2.9724
  2.9684
  2.9809
  2.9743
  2.9773
  2.9804
  2.9679
  2.9751
  2.9786
  2.9639
  2.9686
  2.9747
  2.9723
  2.9628
  2.9707
  2.9630
  2.9737
  2.9697
  2.9719
  2.9771
  2.9607
  2.9739
  2.9669
  2.9701
  2.9692
  2.9738
  2.9711
  2.9591
  2.9792
  2.9659
  2.9703
  2.9659
  2.9727
  2.9629
  2.9654
  2.9654
  2.9670
  2.9642
  2.9770
  2.9590
  2.9695
  2.9710
  2.9678
  2.9657
  2.9623
  2.9708
  2.9637
  2.9727
  2.9605
  2.9693
  2.9698
  2.9736
  2.9665
  2.9717
  2.9605
  2.9773
  2.9630
  2.9668
  2.9750
  2.9669
  2.9724
  2.9714
  2.9682
  2.9623
  2.9673
  2.9707
  2.9683
  2.9648
  2.9721
  2.9696
  2.9743
  2.9714
  2.9692
  2.9669
  2.9744
  2.9671
  2.9661
  2.9674
  2.9593
  2.9589
  2.9670
  2.9596
  2.9665
  2.9727
  2.9733
  2.9654
  2.9679
  2.9732
  2.9781
  2.9807
  2.9667
  2.9703
  2.9665
  2.9914
  2.9709
  2.9594
  2.9693
  2.9700
  2.9657
  2.9653
  2.9672
  2.9639
  2.9716
  2.9636
  2.9713
  2.9632
  2.9617
  2.9691
  2.9669
  2.9555
  2.9609
  2.9704
  2.9738
  2.9751
  2.9804
  2.9705
  2.9655
  2.9637
  2.9726
  2.9701
  2.9630
  2.9620
  2.9680
  2.9626
  2.9662
  2.9654
  2.9655
  2.9726
  2.9733
  2.9738
  2.9783
  2.9667
  2.9625
  2.9658
  2.9581
  2.9587
  2.9627
  2.9694
  2.9801
  2.9652
  2.9700
  2.9681
  2.9705
  2.9778
  2.9620
  2.9692
  2.9771
  2.9648
  2.9540
  2.9694
  2.9869
  2.9749
  2.9612
  2.9654
  2.9667
  2.9745
  2.9722
  2.9652
  2.9737
  2.9627
  2.9672
  2.9764
  2.9819
  2.9622
  2.9606
  2.9676
  2.9607
  2.9752
  2.9700
  2.9645
  2.9691
  2.9673
  2.9661
  2.9694
  2.9692
  2.9744
  2.9478
  2.9676
  2.9684
  2.9771
  2.9708
  2.9698
  2.9684
  2.9599
  2.9731
  2.9791
  2.9677
  2.9737
  2.9593
  2.9619
  2.9676
  2.9619
  2.9685
  2.9732
  2.9591
  2.9623
  2.9652
  2.9715
  2.9654
  2.9719
  2.9681
  2.9640
  2.9708
  2.9729
  2.9564
  2.9685
  2.9667
  2.9679
  2.9626
  2.9757
  2.9668
  2.9718
  2.9720
  2.9662
  2.9779
  2.9691
  2.9586
  2.9599
  2.9772
  2.9824
  2.9562
  2.9683
  2.9671
  2.9668
  2.9591
  2.9550
  2.9582
  2.9640
  2.9708
  2.9765
  2.9725
  2.9630
  2.9696
  2.9779
  2.9629
  2.9655
  2.9708
  2.9672
  2.9709
  2.9690
  2.9681
  2.9578
  2.9643
  2.9645
  2.9697
  2.9669
  2.9710
  2.9656
  2.9610
  2.9704
  2.9759
  2.9684
  2.9670
  2.9783
  2.9708
  2.9722
  2.9736
  2.9665
  2.9632
  2.9652
  2.9722
  2.9648
  2.9613
  2.9614
  2.9731
  2.9578
  2.9691
  2.9690
  2.9703
  2.9632
  2.9698
  2.9596
  2.9638
  2.9621
  2.9679
  2.9595
  2.9618
  2.9660
  2.9556
  2.9697
  2.9703
  2.9636
  2.9684
  2.9734
  2.9724
  2.9626
  2.9642
  2.9705
  2.9734
  2.9647
  2.9700
  2.9699
  2.9679
  2.9609
  2.9714
  2.9564
  2.9565
  2.9581
  2.9593
  2.9770
  2.9731
  2.9768
  2.9669
  2.9637
  2.9633
  2.9656
  2.9707
  2.9753
  2.9744
  2.9669
  2.9702
  2.9650
  2.9687
  2.9654
  2.9683
  2.9630
  2.9625
  2.9684
  2.9666
  2.9674
  2.9612
  2.9634
  2.9773
  2.9668
  2.9645
  2.9706
  2.9677
  2.9616
  2.9719
  2.9752
  2.9616
  2.9750
  2.9686
  2.9690
  2.9647
  2.9662
  2.9713
  2.9745
  2.9763
  2.9574
  2.9593
  2.9686
  2.9612
  2.9641
  2.9622
  2.9772
  2.9666
  2.9597
  2.9738
  2.9638
  2.9622
  2.9599
  2.9665
  2.9691
  2.9714
  2.9635
  2.9618
  2.9607
  2.9780
  2.9733
  2.9696
  2.9701
  2.9554
  2.9709
  2.9670
  2.9592
  2.9654
  2.9617
  2.9674
  2.9592
  2.9718
  2.9671
  2.9750
  2.9653
  2.9702
  2.9758
  2.9600
  2.9626
  2.9733
  2.9702
  2.9603
  2.9558
  2.9629
  2.9669
  2.9716
  2.9620
  2.9638
  2.9628
  2.9667
  2.9655
  2.9669
  2.9663
  2.9651
  2.9601
  2.9681
  2.9656
  2.9536
  2.9661
  2.9645
  2.9660
  2.9791
  2.9633
  2.9736
  2.9749
  2.9630
  2.9629
  2.9704
  2.9680
  2.9744
  2.9550
  2.9690
  2.9705
  2.9685
  2.9489
  2.9726
  2.9585
  2.9603
  2.9707
  2.9662
  2.9740
  2.9669
  2.9722
  2.9626
  2.9752
  2.9563
  2.9576
  2.9637
  2.9525
  2.9673
  2.9573
  2.9633
  2.9687
  2.9652
  2.9605
  2.9735
  2.9679
  2.9674
  2.9624
  2.9724
  2.9624
  2.9795
  2.9686
  2.9699
  2.9564
  2.9610
  2.9623
  2.9726
  2.9716
  2.9657
  2.9646
  2.9617
  2.9641
  2.9592
  2.9692
  2.9678
  2.9714
  2.9754
  2.9682
  2.9714
  2.9626
  2.9690
  2.9629
  2.9537
  2.9813
  2.9613
  2.9675
  2.9623
  2.9732
  2.9696
  2.9669
  2.9774
  2.9787
  2.9632
  2.9682
  2.9619
  2.9635
  2.9647
  2.9703
  2.9709
  2.9632
  2.9623
  2.9655
  2.9632
  2.9579
  2.9538
  2.9690
  2.9653
  2.9678
  2.9708
  2.9724
  2.9677
  2.9585
  2.9646
  2.9619
  2.9760
  2.9690
  2.9719
  2.9741
  2.9660
  2.9590
  2.9641
  2.9602
  2.9598
  2.9694
  2.9795
  2.9691
  2.9564
  2.9747
  2.9719
  2.9731
  2.9580
  2.9693
  2.9699
  2.9585
  2.9720
  2.9646
  2.9626
  2.9622
  2.9672
  2.9674
  2.9634
  2.9586
  2.9709
  2.9728
  2.9699
  2.9621
  2.9661
  2.9594
  2.9641
  2.9598
  2.9606
  2.9628
  2.9696
  2.9594
  2.9580
  2.9697
  2.9714
  2.9715
  2.9611
  2.9501
  2.9599
  2.9724
  2.9636
  2.9740
  2.9630
  2.9687
  2.9700
  2.9533
  2.9719
  2.9614
  2.9657
  2.9653
  2.9654
  2.9633
  2.9646
  2.9585
  2.9688
  2.9749
  2.9687
  2.9614
  2.9689
  2.9587
  2.9652
  2.9669
  2.9787
  2.9634
  2.9673
  2.9598
  2.9616
  2.9734
  2.9646
  2.9576
  2.9756
  2.9660
  2.9667
  2.9618
  2.9533
  2.9690
  2.9582
  2.9655
  2.9599
  2.9718
  2.9656
  2.9692
  2.9659
  2.9705
  2.9645
  2.9697
  2.9532
  2.9725
  2.9677
  2.9657
  2.9642
  2.9545
  2.9686
  2.9568
  2.9599
  2.9718
  2.9662
  2.9735
  2.9681
  2.9595
  2.9630
  2.9623
  2.9511
  2.9749
  2.9736
  2.9653
  2.9639
  2.9666
  2.9646
  2.9655
  2.9703
  2.9624
  2.9652
  2.9567
  2.9631
  2.9654
  2.9578
  2.9686
  2.9776
  2.9597
  2.9674
  2.9711
  2.9733
  2.9665
  2.9688
  2.9627
  2.9630
  2.9712
  2.9690
  2.9744
  2.9595
  2.9731
  2.9591
  2.9666
  2.9637
  2.9516
  2.9605
  2.9624
  2.9639
  2.9555
  2.9655
  2.9728
  2.9720
  2.9614
  2.9674
  2.9723
  2.9615
  2.9579
  2.9700
  2.9675
  2.9601
  2.9742
  2.9726
  2.9743
  2.9710
  2.9625
  2.9654
  2.9730
  2.9669
  2.9714
  2.9774
  2.9562
  2.9645
  2.9589
  2.9615
  2.9626
  2.9553
  2.9635
  2.9620
  2.9604
  2.9549
  2.9699
  2.9562
  2.9587
  2.9762
  2.9616
  2.9610
  2.9618
  2.9551
  2.9675
  2.9699
  2.9541
  2.9578
  2.9628
  2.9661
  2.9696
  2.9694
  2.9624
  2.9763
  2.9603
  2.9680
  2.9754
  2.9682
  2.9644
  2.9572
  2.9642
  2.9596
  2.9661
  2.9687
  2.9575
  2.9691
  2.9520
  2.9597
  2.9608
  2.9559
  2.9676
  2.9576
  2.9607
  2.9732
  2.9668
  2.9709
  2.9604
  2.9540
  2.9673
  2.9620
  2.9680
  2.9586
  2.9611
  2.9702
  2.9726
  2.9759
  2.9617
  2.9780
  2.9655
  2.9718
  2.9645
  2.9502
  2.9648
  2.9695
  2.9643
  2.9662
  2.9610
  2.9659
  2.9624
  2.9625
  2.9681
  2.9688
  2.9636
  2.9698
  2.9692
  2.9848
  2.9619
  2.9720
  2.9645
  2.9613
  2.9705
  2.9713
  2.9704
  2.9627
  2.9708
  2.9680
  2.9711
  2.9587
  2.9603
  2.9572
  2.9637
  2.9694
  2.9720
  2.9583
  2.9619
  2.9666
  2.9679
  2.9615
  2.9665
  2.9562
  2.9657
  2.9633
  2.9745
  2.9608
  2.9576
  2.9613
  2.9581
  2.9597
  2.9639
  2.9671
  2.9555
  2.9665
  2.9623
  2.9574
  2.9603
  2.9588
  2.9643
  2.9545
  2.9641
  2.9534
  2.9680
  2.9673
  2.9687
  2.9642
  2.9535
  2.9700
  2.9561
  2.9679
  2.9607
  2.9521
  2.9643
  2.9657
  2.9698
  2.9662
  2.9597
  2.9644
  2.9677
  2.9619
  2.9714
  2.9718
  2.9631
  2.9585
  2.9581
  2.9587
  2.9642
  2.9822
  2.9643
  2.9729
  2.9789
  2.9687
  2.9702
  2.9644
  2.9684
  2.9639
  2.9704
  2.9633
  2.9705
  2.9624
  2.9630
  2.9644
  2.9676
  2.9638
  2.9634
  2.9607
  2.9718
  2.9700
  2.9634
  2.9640
  2.9683
  2.9591
  2.9615
  2.9677
  2.9584
  2.9594
  2.9625
  2.9728
  2.9544
  2.9677
  2.9606
  2.9719
  2.9689
  2.9690
  2.9627
  2.9624
  2.9655
  2.9647
  2.9695
  2.9778
  2.9661
  2.9706
  2.9677
  2.9714
  2.9703
  2.9660
  2.9626
  2.9677
  2.9611
  2.9635
  2.9656
  2.9790
  2.9700
  2.9625
  2.9610
  2.9647
  2.9583
  2.9704
  2.9667
  2.9645
  2.9729
  2.9603
  2.9704
  2.9629
  2.9625
  2.9684
  2.9756
  2.9773
  2.9664
  2.9584
  2.9627
  2.9609
  2.9663
  2.9598
  2.9689
  2.9619
  2.9602
  2.9626
  2.9623
  2.9774
  2.9647
  2.9614
  2.9591
  2.9687
  2.9704
  2.9682
  2.9661
  2.9632
  2.9630
  2.9623
  2.9577
  2.9637
  2.9614
  2.9678
  2.9673
  2.9591
  2.9724
  2.9690
  2.9689
  2.9620
  2.9627
  2.9630
  2.9643
  2.9661
  2.9571
  2.9597
  2.9644
  2.9669
  2.9694
  2.9658
  2.9702
  2.9726
  2.9667
  2.9744
  2.9593
  2.9728
  2.9630
  2.9557
  2.9706
  2.9723
  2.9603
  2.9645
  2.9565
  2.9618
  2.9586
  2.9592
  2.9679
  2.9686
  2.9703
  2.9613
  2.9669
  2.9491
  2.9595
  2.9675
  2.9702
  2.9637
  2.9501
  2.9730
  2.9655
  2.9585
  2.9686
  2.9665
  2.9600
  2.9617
  2.9671
  2.9748
  2.9638
  2.9635
  2.9785
  2.9706
  2.9669
  2.9694
  2.9579
  2.9647
  2.9668
  2.9591
  2.9708
  2.9721
  2.9605
  2.9749
  2.9636
  2.9647
  2.9634
  2.9546
  2.9766
  2.9705
  2.9646
  2.9695
  2.9640
  2.9615
  2.9612
  2.9529
  2.9658
  2.9620
  2.9689
  2.9674
  2.9758
  2.9800
  2.9615
  2.9637
  2.9619
  2.9623
  2.9653
  2.9755
  2.9668
  2.9557
  2.9635
  2.9563
  2.9617
  2.9562
  2.9642
  2.9634
  2.9631
  2.9668
  2.9680
  2.9659
  2.9732
  2.9642
  2.9648
  2.9597
  2.9643
  2.9652
  2.9661
  2.9643
  2.9654
  2.9662
  2.9701
  2.9758
  2.9672
  2.9690
  2.9601
  2.9603
  2.9493
  2.9683
  2.9766
  2.9623
  2.9668
  2.9660
  2.9773
  2.9667
  2.9658
  2.9630
  2.9643
  2.9602
  2.9592
  2.9662
  2.9609
  2.9579
  2.9614
  2.9655
  2.9733
  2.9648
  2.9566
  2.9672
  2.9571
  2.9554
  2.9652
  2.9616
  2.9740
  2.9629
  2.9582
  2.9645
  2.9668
  2.9589
  2.9671
  2.9709
  2.9738
  2.9602
  2.9679
  2.9706
  2.9642
  2.9544
  2.9616
  2.9734
  2.9590
  2.9589
  2.9683
  2.9660
  2.9645
  2.9673
  2.9657
  2.9641
  2.9616
  2.9595
  2.9595
  2.9680
  2.9652
  2.9708
  2.9625
  2.9564
  2.9545
  2.9635
  2.9668
  2.9506
  2.9712
  2.9650
  2.9683
  2.9674
  2.9586
  2.9632
  2.9722
  2.9645
  2.9783
  2.9696
  2.9565
  2.9549
  2.9604
  2.9656
  2.9651
  2.9637
  2.9708
  2.9598
  2.9598
  2.9644
  2.9673
  2.9657
  2.9600
  2.9684
  2.9642
  2.9727
  2.9664
  2.9613
  2.9606
  2.9538
  2.9541
  2.9561
  2.9729
  2.9583
  2.9702
  2.9653
  2.9715
  2.9565
  2.9723
  2.9674
  2.9697
  2.9728
  2.9643
  2.9646
  2.9670
  2.9719
  2.9631
  2.9738
  2.9642
  2.9780
  2.9763
  2.9602
  2.9632
  2.9701
  2.9772
  2.9682
  2.9693
  2.9604
  2.9687
  2.9597
  2.9581
  2.9586
  2.9667
  2.9750
  2.9632
  2.9631
  2.9598
  2.9632
  2.9760
  2.9708
  2.9658
  2.9626
  2.9661
  2.9656
  2.9694
  2.9638
  2.9672
  2.9758
  2.9711
  2.9640
  2.9708
  2.9724
  2.9654
  2.9585
  2.9713
  2.9680
  2.9704
  2.9659
  2.9670
  2.9597
  2.9693
  2.9709
  2.9714
  2.9729
  2.9562
  2.9731
  2.9577
  2.9649
  2.9588
  2.9645
  2.9634
  2.9594
  2.9603
  2.9754
  2.9625
  2.9615
  2.9595
  2.9595
  2.9538
  2.9730
  2.9650
  2.9559
  2.9726
  2.9689
  2.9657
  2.9657
  2.9678
  2.9655
  2.9584
  2.9649
  2.9624
  2.9646
  2.9614
  2.9640
  2.9550
  2.9687
  2.9627
  2.9614
  2.9650
  2.9495
  2.9602
  2.9638
  2.9618
  2.9666
  2.9704
  2.9555
  2.9553
  2.9740
  2.9644
  2.9618
  2.9652
  2.9686
  2.9579
  2.9659
  2.9707
  2.9782
  2.9637
  2.9625
  2.9653
  2.9638
  2.9651
  2.9730
  2.9636
  2.9667
  2.9565
  2.9551
  2.9673
  2.9725
  2.9666
  2.9664
  2.9676
  2.9615
  2.9701
  2.9679
  2.9613
  2.9689
  2.9751
  2.9555
  2.9675
  2.9675
  2.9738
  2.9773
  2.9663
  2.9678
  2.9535
  2.9636
  2.9552
  2.9698
  2.9685
  2.9586
  2.9691
  2.9612
  2.9568
  2.9611
  2.9568
  2.9578
  2.9693
  2.9749
  2.9628
  2.9710
  2.9732
  2.9631
  2.9606
  2.9698
  2.9732
  2.9635
  2.9618
  2.9641
  2.9703
  2.9537
  2.9755
  2.9732
  2.9679
  2.9709
  2.9680
  2.9723
  2.9549
  2.9576
  2.9780
  2.9641
  2.9668
  2.9674
  2.9660
  2.9691
  2.9696
  2.9627
  2.9529
  2.9640
  2.9587
  2.9657
  2.9597
  2.9775
  2.9644
  2.9610
  2.9551
  2.9596
  2.9797
  2.9801
  2.9780
  2.9614
  2.9724
  2.9538
  2.9654
  2.9528
  2.9653
  2.9633
  2.9623
  2.9727
  2.9666
  2.9662
  2.9805
  2.9634
  2.9587
  2.9595
  2.9723
  2.9640
  2.9592
  2.9607
  2.9583
  2.9680
  2.9590
  2.9720
  2.9576
  2.9628
  2.9638
  2.9622
  2.9605
  2.9628
  2.9637
  2.9714
  2.9577
  2.9645
  2.9700
  2.9715
  2.9571
  2.9628
  2.9721
  2.9691
  2.9795
  2.9625
  2.9648
  2.9727
  2.9713
  2.9704
  2.9651
  2.9742
  2.9662
  2.9469
  2.9586
  2.9628
  2.9781
  2.9509
  2.9596
  2.9587
  2.9567
  2.9604
  2.9620
  2.9603
  2.9750
  2.9610
  2.9787
  2.9682
  2.9664
  2.9649
  2.9685
  2.9643
  2.9564
  2.9640
  2.9675
  2.9657
  2.9601
  2.9707
  2.9610
  2.9657
  2.9707
  2.9694
  2.9706
  2.9715
  2.9651
  2.9642
  2.9577
  2.9594
  2.9622
  2.9691
  2.9617
  2.9618
  2.9622
  2.9804
  2.9585
  2.9574
  2.9631
  2.9609
  2.9594
  2.9665
  2.9749
  2.9709
  2.9680
  2.9643
  2.9723
  2.9737
  2.9667
  2.9641
  2.9626
  2.9601
  2.9735
  2.9627
  2.9651
  2.9650
  2.9701
  2.9611
  2.9616
  2.9599
  2.9626
  2.9582
  2.9689
  2.9590
  2.9732
  2.9795
  2.9636
  2.9667
  2.9725
  2.9601
  2.9610
  2.9543
  2.9551
  2.9607
  2.9600
  2.9680
  2.9612
  2.9731
  2.9614
  2.9638
  2.9598
  2.9644
  2.9666
  2.9558
  2.9533
  2.9645
  2.9703
  2.9712
  2.9617
  2.9623
  2.9770
  2.9681
  2.9619
  2.9726
  2.9616
  2.9737
  2.9698
  2.9519
  2.9567
  2.9665
  2.9609
  2.9560
  2.9712
  2.9750
  2.9663
  2.9686
  2.9709
  2.9616
  2.9695
  2.9758
  2.9720
  2.9706
  2.9644
  2.9593
  2.9644
  2.9562
  2.9672
  2.9656
  2.9584
  2.9754
  2.9615
  2.9737
  2.9610
  2.9512
  2.9582
  2.9750
  2.9576
  2.9692
  2.9616
  2.9685
  2.9550
  2.9694
  2.9632
  2.9580
  2.9649
  2.9560
  2.9612
  2.9594
  2.9655
  2.9594
  2.9692
  2.9628
  2.9588
  2.9637
  2.9637
  2.9737
  2.9691
  2.9644
  2.9676
  2.9724
  2.9792
  2.9731
  2.9730
  2.9615
  2.9759
  2.9630
  2.9608
  2.9591
  2.9644
  2.9649
  2.9644
  2.9669
  2.9736
  2.9635
  2.9600
  2.9623
  2.9595
  2.9645
  2.9697
  2.9524
  2.9618
  2.9654
  2.9504
  2.9571
  2.9713
  2.9643
  2.9625
  2.9635
  2.9639
  2.9652
  2.9630
  2.9710
  2.9596
  2.9685
  2.9587
  2.9690
  2.9741
  2.9659
  2.9684
  2.9672
  2.9666
  2.9680
  2.9590
  2.9670
  2.9714
  2.9735
  2.9612
  2.9634
  2.9593
  2.9675
  2.9589
  2.9742
  2.9652
  2.9586
  2.9706
  2.9588
  2.9608
  2.9678
  2.9696
  2.9746
  2.9753
  2.9672
  2.9604
  2.9635
  2.9584
  2.9563
  2.9680
  2.9499
  2.9660
  2.9695
  2.9713
  2.9602
  2.9668
  2.9602
  2.9621
  2.9563
  2.9747
  2.9666
  2.9491
  2.9616
  2.9591
  2.9647
  2.9582
  2.9600
  2.9690
  2.9595
  2.9609
  2.9594
  2.9607
  2.9675
  2.9650
  2.9661
  2.9729
  2.9616
  2.9638
  2.9610
  2.9642
