C1431410.024876
Gadanki 14/03/2014 10:02:18 14/03/2014 10:02:49 0375 0079.2 0013.5 00
0000000 0020 0000600 0020 01
1 0 2 02000 1 0000 0030 00532.o 0 0 00 000 14 000600 0.500 BT0
532.000 .o analog 0 
  2.9593
 21.4910
 18.7266
 11.0953
 12.4998
 13.9714
 17.3334
 27.5766
 37.9495
 41.2711
 39.5494
 35.9069
 31.7645
 28.1720
 25.0709
 22.4503
 20.1278
 18.0887
 16.2647
 14.9040
 13.6660
 12.5894
 11.7020
 10.9598
 10.2856
  9.6696
  9.1894
  8.7064
  8.3301
  8.0622
  7.8339
  7.4870
  7.1401
  6.8680
  6.5375
  6.0988
  5.7037
  5.5600
  5.4269
  5.2938
  5.1790
  5.1142
  4.9870
  4.8761
  4.7372
  4.5985
  4.5087
  4.3845
  4.3209
  4.2744
  4.2354
  4.1324
  4.0615
  4.0296
  4.0646
  4.0400
  3.9912
  3.8890
  3.8775
  3.8832
  3.8234
  3.7495
  3.6806
  3.6795
  3.6681
  3.5862
  3.5596
  3.5638
  3.5457
  3.5105
  3.4960
  3.4744
  3.4167
  3.4010
  3.3979
  3.3724
  3.3556
  3.3513
  3.3437
  3.3605
  3.3503
  3.3800
  3.3609
  3.2803
  3.2687
  3.2522
  3.2487
  3.2340
  3.2266
  3.2174
  3.1961
  3.2018
  3.1873
  3.1775
  3.1896
  3.1828
  3.1713
  3.1564
  3.1627
  3.1529
  3.1471
  3.1440
  3.1439
  3.1388
  3.1331
  3.1270
  3.1226
  3.1223
  3.1067
  3.1242
  3.1081
  3.1049
  3.0989
  3.0948
  3.1002
  3.0933
  3.0940
  3.0882
  3.0912
  3.0870
  3.0775
  3.0794
  3.0753
  3.0822
  3.0762
  3.0653
  3.0600
  3.0737
  3.0728
  3.0570
  3.0736
  3.0645
  3.0659
  3.0638
  3.0512
  3.0409
  3.0597
  3.0496
  3.0437
  3.0390
  3.0453
  3.0464
  3.0544
  3.0385
  3.0399
  3.0484
  3.0454
  3.0381
  3.0391
  3.0388
  3.0373
  3.0255
  3.0301
  3.0343
  3.0329
  3.0323
  3.0213
  3.0414
  3.0309
  3.0343
  3.0293
  3.0245
  3.0190
  3.0220
  3.0193
  3.0208
  3.0285
  3.0247
  3.0193
  3.0103
  3.0176
  3.0118
  3.0183
  3.0202
  3.0074
  3.0207
  3.0112
  3.0016
  3.0050
  3.0088
  3.0093
  3.0118
  3.0072
  3.0138
  3.0164
  3.0067
  3.0158
  3.0090
  3.0021
  3.0036
  3.0062
  2.9969
  3.0050
  3.0042
  3.0048
  3.0076
  3.0143
  2.9934
  2.9981
  3.0064
  3.0070
  2.9991
  2.9957
  2.9994
  2.9944
  3.0013
  3.0003
  2.9902
  3.0013
  2.9981
  2.9974
  2.9994
  2.9954
  2.9927
  2.9980
  3.0001
  2.9942
  2.9927
  2.9916
  3.0016
  2.9924
  3.0006
  2.9966
  2.9948
  2.9953
  2.9940
  2.9995
  2.9993
  2.9873
  2.9811
  2.9923
  2.9940
  2.9844
  2.9890
  2.9923
  2.9787
  2.9917
  2.9887
  2.9831
  2.9863
  2.9850
  2.9875
  2.9941
  2.9929
  2.9862
  2.9820
  2.9820
  2.9851
  2.9833
  2.9834
  2.9759
  2.9838
  2.9979
  2.9955
  2.9842
  2.9879
  2.9907
  2.9904
  2.9851
  2.9906
  2.9846
  2.9837
  2.9852
  2.9910
  2.9809
  2.9800
  2.9836
  2.9822
  2.9892
  2.9782
  2.9809
  2.9818
  2.9804
  2.9893
  2.9886
  2.9727
  2.9888
  2.9909
  2.9777
  2.9815
  2.9853
  2.9770
  2.9914
  2.9791
  2.9899
  2.9794
  2.9847
  2.9809
  2.9866
  2.9824
  2.9833
  2.9726
  2.9852
  2.9817
  2.9907
  2.9727
  2.9860
  2.9890
  2.9801
  2.9735
  2.9798
  2.9858
  2.9734
  2.9824
  2.9675
  2.9812
  2.9726
  2.9858
  2.9786
  2.9776
  2.9830
  2.9780
  2.9711
  2.9878
  2.9689
  2.9710
  2.9763
  2.9929
  2.9942
  2.9778
  2.9832
  2.9796
  2.9875
  2.9773
  2.9817
  2.9867
  2.9801
  2.9752
  2.9737
  2.9850
  2.9882
  2.9736
  2.9815
  2.9680
  2.9883
  2.9736
  2.9897
  2.9858
  2.9784
  2.9752
  2.9801
  2.9838
  2.9824
  2.9706
  2.9753
  2.9737
  2.9711
  2.9881
  2.9841
  2.9741
  2.9723
  2.9649
  2.9725
  2.9815
  2.9787
  2.9801
  2.9739
  2.9684
  2.9831
  2.9772
  2.9767
  2.9794
  2.9791
  2.9673
  2.9716
  2.9819
  2.9653
  2.9830
  2.9678
  2.9737
  2.9668
  2.9653
  2.9731
  2.9845
  2.9889
  2.9802
  2.9718
  2.9764
  2.9824
  2.9738
  2.9788
  2.9842
  2.9810
  2.9791
  2.9752
  2.9806
  2.9812
  2.9889
  2.9828
  2.9746
  2.9832
  2.9748
  2.9687
  2.9844
  2.9721
  2.9743
  2.9787
  2.9725
  2.9767
  2.9747
  2.9842
  2.9810
  2.9688
  2.9700
  2.9810
  2.9771
  2.9575
  2.9665
  2.9776
  2.9748
  2.9774
  2.9720
  2.9800
  2.9721
  2.9838
  2.9737
  2.9638
  2.9792
  2.9657
  2.9737
  2.9747
  2.9776
  2.9835
  2.9843
  2.9691
  2.9701
  2.9801
  2.9742
  2.9738
  2.9780
  2.9756
  2.9834
  2.9795
  2.9718
  2.9681
  2.9814
  2.9745
  2.9648
  2.9706
  2.9762
  2.9798
  2.9702
  2.9745
  2.9715
  2.9806
  2.9802
  2.9674
  2.9777
  2.9685
  2.9838
  2.9686
  2.9735
  2.9723
  2.9712
  2.9771
  2.9687
  2.9748
  2.9757
  2.9753
  2.9714
  2.9720
  2.9836
  2.9822
  2.9775
  2.9811
  2.9753
  2.9739
  2.9644
  2.9802
  2.9682
  2.9832
  2.9683
  2.9788
  2.9755
  2.9682
  2.9721
  2.9638
  2.9763
  2.9719
  2.9759
  2.9592
  2.9633
  2.9758
  2.9671
  2.9764
  2.9847
  2.9744
  2.9802
  2.9718
  2.9833
  2.9659
  2.9674
  2.9700
  2.9760
  2.9642
  2.9771
  2.9731
  2.9693
  2.9704
  2.9807
  2.9771
  2.9743
  2.9746
  2.9770
  2.9662
  2.9726
  2.9752
  2.9629
  2.9680
  2.9738
  2.9861
  2.9707
  2.9768
  2.9777
  2.9659
  2.9795
  2.9627
  2.9629
  2.9674
  2.9684
  2.9784
  2.9725
  2.9754
  2.9701
  2.9735
  2.9787
  2.9779
  2.9846
  2.9721
  2.9725
  2.9759
  2.9732
  2.9649
  2.9756
  2.9780
  2.9808
  2.9659
  2.9731
  2.9838
  2.9667
  2.9734
  2.9735
  2.9799
  2.9670
  2.9924
  2.9773
  2.9751
  2.9719
  2.9647
  2.9747
  2.9661
  2.9679
  2.9649
  2.9730
  2.9617
  2.9649
  2.9803
  2.9757
  2.9738
  2.9756
  2.9678
  2.9680
  2.9822
  2.9832
  2.9716
  2.9699
  2.9655
  2.9707
  2.9725
  2.9756
  2.9816
  2.9643
  2.9716
  2.9690
  2.9793
  2.9770
  2.9831
  2.9746
  2.9737
  2.9772
  2.9805
  2.9745
  2.9726
  2.9735
  2.9712
  2.9648
  2.9693
  2.9781
  2.9839
  2.9653
  2.9731
  2.9787
  2.9653
  2.9744
  2.9684
  2.9676
  2.9806
  2.9742
  2.9800
  2.9744
  2.9607
  2.9650
  2.9620
  2.9640
  2.9716
  2.9701
  2.9744
  2.9649
  2.9650
  2.9659
  2.9722
  2.9620
  2.9735
  2.9707
  2.9637
  2.9780
  2.9808
  2.9624
  2.9728
  2.9724
  2.9754
  2.9720
  2.9736
  2.9700
  2.9770
  2.9678
  2.9796
  2.9689
  2.9674
  2.9708
  2.9715
  2.9675
  2.9730
  2.9722
  2.9668
  2.9669
  2.9808
  2.9795
  2.9724
  2.9710
  2.9694
  2.9714
  2.9704
  2.9632
  2.9815
  2.9845
  2.9720
  2.9694
  2.9662
  2.9682
  2.9633
  2.9745
  2.9747
  2.9788
  2.9736
  2.9762
  2.9764
  2.9690
  2.9795
  2.9720
  2.9688
  2.9780
  2.9706
  2.9696
  2.9706
  2.9716
  2.9654
  2.9779
  2.9741
  2.9645
  2.9642
  2.9711
  2.9739
  2.9595
  2.9716
  2.9679
  2.9707
  2.9750
  2.9789
  2.9748
  2.9766
  2.9714
  2.9690
  2.9798
  2.9740
  2.9777
  2.9685
  2.9803
  2.9646
  2.9684
  2.9675
  2.9612
  2.9724
  2.9645
  2.9749
  2.9724
  2.9771
  2.9731
  2.9675
  2.9696
  2.9771
  2.9752
  2.9714
  2.9743
  2.9804
  2.9667
  2.9734
  2.9760
  2.9778
  2.9775
  2.9699
  2.9661
  2.9741
  2.9650
  2.9750
  2.9725
  2.9781
  2.9689
  2.9710
  2.9731
  2.9732
  2.9708
  2.9627
  2.9650
  2.9665
  2.9792
  2.9765
  2.9764
  2.9677
  2.9717
  2.9703
  2.9850
  2.9682
  2.9668
  2.9692
  2.9766
  2.9735
  2.9725
  2.9671
  2.9698
  2.9786
  2.9606
  2.9634
  2.9619
  2.9712
  2.9642
  2.9691
  2.9665
  2.9708
  2.9723
  2.9637
  2.9683
  2.9711
  2.9716
  2.9856
  2.9780
  2.9739
  2.9713
  2.9757
  2.9714
  2.9762
  2.9612
  2.9638
  2.9679
  2.9716
  2.9714
  2.9759
  2.9650
  2.9685
  2.9687
  2.9657
  2.9619
  2.9718
  2.9766
  2.9687
  2.9779
  2.9740
  2.9772
  2.9615
  2.9760
  2.9681
  2.9751
  2.9662
  2.9790
  2.9712
  2.9605
  2.9828
  2.9795
  2.9634
  2.9684
  2.9726
  2.9747
  2.9683
  2.9692
  2.9785
  2.9649
  2.9708
  2.9694
  2.9692
  2.9706
  2.9800
  2.9685
  2.9730
  2.9705
  2.9693
  2.9768
  2.9660
  2.9648
  2.9639
  2.9695
  2.9767
  2.9851
  2.9615
  2.9771
  2.9734
  2.9809
  2.9679
  2.9775
  2.9669
  2.9843
  2.9721
  2.9740
  2.9669
  2.9702
  2.9774
  2.9715
  2.9821
  2.9712
  2.9642
  2.9663
  2.9700
  2.9800
  2.9657
  2.9758
  2.9769
  2.9719
  2.9641
  2.9712
  2.9714
  2.9720
  2.9662
  2.9752
  2.9656
  2.9751
  2.9742
  2.9772
  2.9678
  2.9678
  2.9690
  2.9713
  2.9723
  2.9694
  2.9685
  2.9666
  2.9744
  2.9789
  2.9696
  2.9731
  2.9762
  2.9852
  2.9684
  2.9663
  2.9662
  2.9581
  2.9779
  2.9635
  2.9675
  2.9655
  2.9725
  2.9733
  2.9790
  2.9751
  2.9779
  2.9742
  2.9583
  2.9707
  2.9713
  2.9665
  2.9863
  2.9796
  2.9737
  2.9678
  2.9639
  2.9645
  2.9632
  2.9769
  2.9651
  2.9607
  2.9575
  2.9622
  2.9772
  2.9674
  2.9720
  2.9703
  2.9752
  2.9748
  2.9827
  2.9692
  2.9751
  2.9640
  2.9679
  2.9772
  2.9753
  2.9765
  2.9749
  2.9672
  2.9788
  2.9645
  2.9636
  2.9669
  2.9832
  2.9782
  2.9616
  2.9669
  2.9770
  2.9687
  2.9698
  2.9665
  2.9719
  2.9686
  2.9649
  2.9690
  2.9541
  2.9607
  2.9647
  2.9852
  2.9812
  2.9732
  2.9775
  2.9712
  2.9705
  2.9598
  2.9615
  2.9755
  2.9764
  2.9797
  2.9665
  2.9687
  2.9628
  2.9729
  2.9830
  2.9651
  2.9684
  2.9845
  2.9710
  2.9796
  2.9832
  2.9812
  2.9715
  2.9713
  2.9758
  2.9823
  2.9673
  2.9724
  2.9741
  2.9809
  2.9718
  2.9734
  2.9580
  2.9750
  2.9742
  2.9660
  2.9838
  2.9727
  2.9733
  2.9738
  2.9714
  2.9761
  2.9605
  2.9658
  2.9769
  2.9744
  2.9773
  2.9770
  2.9685
  2.9633
  2.9773
  2.9809
  2.9721
  2.9878
  2.9689
  2.9699
  2.9767
  2.9673
  2.9649
  2.9668
  2.9707
  2.9701
  2.9605
  2.9791
  2.9680
  2.9641
  2.9676
  2.9778
  2.9807
  2.9727
  2.9695
  2.9713
  2.9690
  2.9612
  2.9693
  2.9705
  2.9705
  2.9789
  2.9790
  2.9759
  2.9714
  2.9736
  2.9769
  2.9843
  2.9627
  2.9802
  2.9854
  2.9741
  2.9720
  2.9677
  2.9757
  2.9699
  2.9772
  2.9710
  2.9704
  2.9780
  2.9764
  2.9769
  2.9709
  2.9637
  2.9728
  2.9734
  2.9665
  2.9758
  2.9790
  2.9830
  2.9700
  2.9728
  2.9845
  2.9785
  2.9621
  2.9693
  2.9741
  2.9768
  2.9561
  2.9641
  2.9871
  2.9748
  2.9665
  2.9707
  2.9722
  2.9706
  2.9777
  2.9730
  2.9752
  2.9700
  2.9609
  2.9739
  2.9662
  2.9690
  2.9712
  2.9580
  2.9769
  2.9719
  2.9727
  2.9624
  2.9648
  2.9615
  2.9659
  2.9663
  2.9671
  2.9701
  2.9793
  2.9786
  2.9718
  2.9724
  2.9739
  2.9618
  2.9690
  2.9634
  2.9670
  2.9633
  2.9694
  2.9740
  2.9714
  2.9729
  2.9668
  2.9691
  2.9831
  2.9733
  2.9662
  2.9677
  2.9677
  2.9708
  2.9760
  2.9590
  2.9674
  2.9732
  2.9678
  2.9721
  2.9708
  2.9771
  2.9766
  2.9625
  2.9692
  2.9630
  2.9727
  2.9729
  2.9714
  2.9797
  2.9702
  2.9706
  2.9734
  2.9711
  2.9688
  2.9808
  2.9714
  2.9692
  2.9777
  2.9644
  2.9815
  2.9674
  2.9732
  2.9690
  2.9694
  2.9730
  2.9682
  2.9773
  2.9680
  2.9553
  2.9664
  2.9697
  2.9810
  2.9721
  2.9670
  2.9754
  2.9643
  2.9719
  2.9811
  2.9878
  2.9829
  2.9707
  2.9649
  2.9655
  2.9781
  2.9665
  2.9802
  2.9777
  2.9740
  2.9776
  2.9733
  2.9735
  2.9716
  2.9747
  2.9729
  2.9754
  2.9682
  2.9613
  2.9778
  2.9710
  2.9696
  2.9692
  2.9690
  2.9735
  2.9743
  2.9668
  2.9773
  2.9756
  2.9696
  2.9763
  2.9682
  2.9806
  2.9731
  2.9682
  2.9673
  2.9680
  2.9755
  2.9686
  2.9648
  2.9633
  2.9636
  2.9810
  2.9710
  2.9736
  2.9604
  2.9736
  2.9626
  2.9762
  2.9725
  2.9712
  2.9780
  2.9803
  2.9620
  2.9640
  2.9652
  2.9738
  2.9745
  2.9617
  2.9665
  2.9613
  2.9687
  2.9711
  2.9571
  2.9772
  2.9704
  2.9681
  2.9735
  2.9694
  2.9716
  2.9721
  2.9640
  2.9726
  2.9644
  2.9789
  2.9775
  2.9653
  2.9656
  2.9669
  2.9677
  2.9821
  2.9677
  2.9666
  2.9736
  2.9811
  2.9741
  2.9721
  2.9726
  2.9705
  2.9677
  2.9656
  2.9703
  2.9744
  2.9698
  2.9726
  2.9661
  2.9603
  2.9671
  2.9718
  2.9811
  2.9713
  2.9691
  2.9749
  2.9758
  2.9752
  2.9746
  2.9622
  2.9685
  2.9712
  2.9759
  2.9737
  2.9745
  2.9633
  2.9782
  2.9750
  2.9769
  2.9784
  2.9730
  2.9674
  2.9696
  2.9640
  2.9676
  2.9660
  2.9760
  2.9774
  2.9662
  2.9765
  2.9680
  2.9697
  2.9671
  2.9670
  2.9678
  2.9738
  2.9686
  2.9700
  2.9739
  2.9758
  2.9737
  2.9717
  2.9709
  2.9789
  2.9691
  2.9730
  2.9668
  2.9637
  2.9780
  2.9617
  2.9729
  2.9700
  2.9670
  2.9701
  2.9684
  2.9674
  2.9645
  2.9668
  2.9596
  2.9749
  2.9720
  2.9729
  2.9676
  2.9612
  2.9607
  2.9656
  2.9655
  2.9601
  2.9693
  2.9649
  2.9763
  2.9747
  2.9678
  2.9707
  2.9754
  2.9727
  2.9687
  2.9762
  2.9698
  2.9791
  2.9677
  2.9653
  2.9717
  2.9720
  2.9778
  2.9649
  2.9722
  2.9673
  2.9778
  2.9744
  2.9661
  2.9734
  2.9664
  2.9651
  2.9603
  2.9728
  2.9669
  2.9716
  2.9713
  2.9804
  2.9750
  2.9720
  2.9748
  2.9574
  2.9725
  2.9810
  2.9803
  2.9741
  2.9724
  2.9777
  2.9723
  2.9731
  2.9631
  2.9696
  2.9757
  2.9694
  2.9884
  2.9669
  2.9675
  2.9666
  2.9691
  2.9795
  2.9710
  2.9700
  2.9647
  2.9747
  2.9675
  2.9726
  2.9736
  2.9769
  2.9716
  2.9815
  2.9806
  2.9632
  2.9740
  2.9759
  2.9809
  2.9748
  2.9726
  2.9766
  2.9780
  2.9743
  2.9748
  2.9679
  2.9731
  2.9738
  2.9760
  2.9776
  2.9721
  2.9665
  2.9547
  2.9697
  2.9784
  2.9651
  2.9684
  2.9681
  2.9679
  2.9799
  2.9746
  2.9774
  2.9712
  2.9676
  2.9710
  2.9654
  2.9676
  2.9655
  2.9755
  2.9675
  2.9641
  2.9780
  2.9603
  2.9633
  2.9682
  2.9709
  2.9724
  2.9676
  2.9631
  2.9585
  2.9631
  2.9731
  2.9746
  2.9659
  2.9748
  2.9743
  2.9584
  2.9676
  2.9679
  2.9591
  2.9711
  2.9727
  2.9745
  2.9763
  2.9791
  2.9672
  2.9620
  2.9785
  2.9778
  2.9703
  2.9662
  2.9737
  2.9615
  2.9730
  2.9658
  2.9749
  2.9651
  2.9657
  2.9769
  2.9792
  2.9727
  2.9618
  2.9792
  2.9729
  2.9837
  2.9707
  2.9673
  2.9786
  2.9636
  2.9738
  2.9696
  2.9819
  2.9702
  2.9717
  2.9636
  2.9729
  2.9779
  2.9701
  2.9713
  2.9699
  2.9674
  2.9791
  2.9620
  2.9589
  2.9793
  2.9693
  2.9657
  2.9743
  2.9600
  2.9663
  2.9725
  2.9736
  2.9789
  2.9715
  2.9619
  2.9756
  2.9666
  2.9711
  2.9676
  2.9815
  2.9702
  2.9769
  2.9680
  2.9607
  2.9664
  2.9721
  2.9749
  2.9762
  2.9703
  2.9774
  2.9691
  2.9718
  2.9670
  2.9679
  2.9683
  2.9824
  2.9674
  2.9707
  2.9680
  2.9784
  2.9713
  2.9667
  2.9743
  2.9756
  2.9814
  2.9716
  2.9705
  2.9774
  2.9707
  2.9659
  2.9743
  2.9727
  2.9848
  2.9715
  2.9666
  2.9596
  2.9597
  2.9623
  2.9721
  2.9729
  2.9761
  2.9639
  2.9693
  2.9646
  2.9724
  2.9692
  2.9683
  2.9643
  2.9646
  2.9733
  2.9707
  2.9665
  2.9650
  2.9648
  2.9681
  2.9671
  2.9756
  2.9662
  2.9740
  2.9684
  2.9626
  2.9759
  2.9702
  2.9734
  2.9620
  2.9740
  2.9560
  2.9697
  2.9611
  2.9707
  2.9798
  2.9630
  2.9628
  2.9672
  2.9756
  2.9665
  2.9680
  2.9759
  2.9665
  2.9745
  2.9841
  2.9724
  2.9737
  2.9695
  2.9652
  2.9714
  2.9709
  2.9709
  2.9642
  2.9721
  2.9759
  2.9707
  2.9676
  2.9694
  2.9639
  2.9685
  2.9649
  2.9720
  2.9681
  2.9664
  2.9716
  2.9680
  2.9698
  2.9761
  2.9743
  2.9704
  2.9665
  2.9610
  2.9758
  2.9756
  2.9701
  2.9766
  2.9746
  2.9693
  2.9633
  2.9747
  2.9681
  2.9578
  2.9777
  2.9816
  2.9687
  2.9667
  2.9648
  2.9758
  2.9674
  2.9660
  2.9737
  2.9730
  2.9720
  2.9720
  2.9623
  2.9708
  2.9674
  2.9783
  2.9732
  2.9795
  2.9604
  2.9764
  2.9716
  2.9758
  2.9602
  2.9806
  2.9747
  2.9700
  2.9761
  2.9659
  2.9747
  2.9698
  2.9688
  2.9802
  2.9713
  2.9648
  2.9710
  2.9655
  2.9828
  2.9780
  2.9737
  2.9807
  2.9761
  2.9882
  2.9716
  2.9681
  2.9665
  2.9627
  2.9760
  2.9672
  2.9686
  2.9662
  2.9711
  2.9602
  2.9682
  2.9713
  2.9662
  2.9623
  2.9703
  2.9756
  2.9725
  2.9711
  2.9786
  2.9618
  2.9653
  2.9682
  2.9663
  2.9763
  2.9734
  2.9750
  2.9747
  2.9865
  2.9679
  2.9622
  2.9765
  2.9714
  2.9743
  2.9749
  2.9667
  2.9731
  2.9593
  2.9624
  2.9826
  2.9621
  2.9615
  2.9671
  2.9712
  2.9707
  2.9650
  2.9796
  2.9770
  2.9625
  2.9752
  2.9654
  2.9734
  2.9713
  2.9819
  2.9772
  2.9616
  2.9785
  2.9701
  2.9729
  2.9713
  2.9604
  2.9734
  2.9743
  2.9724
  2.9753
  2.9857
  2.9735
  2.9708
  2.9821
  2.9840
  2.9701
  2.9745
  2.9749
  2.9761
  2.9614
  2.9619
  2.9735
  2.9700
  2.9803
  2.9807
  2.9701
  2.9766
  2.9719
  2.9760
  2.9681
  2.9699
  2.9682
  2.9698
  2.9736
  2.9696
  2.9709
  2.9745
  2.9731
  2.9751
  2.9731
  2.9653
  2.9743
  2.9647
  2.9764
  2.9731
  2.9710
  2.9744
  2.9701
  2.9768
  2.9803
  2.9704
  2.9698
  2.9603
  2.9751
  2.9663
  2.9686
  2.9698
  2.9630
  2.9633
  2.9630
  2.9802
  2.9682
  2.9723
  2.9651
  2.9766
  2.9789
  2.9711
  2.9747
  2.9811
  2.9665
  2.9753
  2.9779
  2.9568
  2.9728
  2.9620
  2.9654
  2.9712
  2.9672
  2.9697
  2.9768
  2.9708
  2.9692
  2.9726
  2.9671
  2.9610
  2.9715
  2.9686
  2.9624
  2.9733
  2.9742
  2.9702
  2.9682
  2.9684
  2.9758
  2.9734
  2.9851
  2.9680
  2.9654
  2.9736
  2.9666
  2.9650
  2.9649
  2.9678
  2.9710
  2.9782
  2.9743
  2.9638
  2.9729
  2.9769
  2.9739
  2.9713
  2.9728
  2.9666
  2.9641
  2.9774
  2.9790
  2.9664
  2.9650
  2.9725
  2.9895
  2.9718
  2.9767
  2.9753
  2.9642
  2.9660
  2.9724
  2.9842
  2.9684
  2.9756
  2.9688
  2.9721
  2.9604
  2.9694
  2.9695
  2.9645
  2.9704
  2.9728
  2.9677
  2.9684
  2.9832
  2.9640
  2.9740
  2.9655
  2.9782
  2.9794
  2.9702
  2.9772
  2.9748
  2.9735
  2.9718
  2.9698
  2.9731
  2.9697
  2.9695
  2.9719
  2.9796
  2.9777
  2.9684
  2.9642
  2.9642
  2.9776
  2.9704
  2.9720
  2.9690
  2.9806
  2.9698
  2.9678
  2.9680
  2.9706
  2.9768
  2.9711
  2.9735
  2.9742
  2.9652
  2.9665
  2.9724
  2.9598
  2.9643
  2.9751
  2.9730
  2.9729
  2.9682
  2.9663
  2.9694
  2.9680
  2.9701
  2.9767
  2.9757
  2.9695
  2.9733
  2.9729
  2.9692
  2.9662
  2.9670
  2.9679
  2.9833
  2.9749
  2.9647
  2.9650
  2.9629
  2.9561
  2.9718
  2.9693
  2.9715
  2.9727
  2.9837
  2.9664
  2.9652
  2.9726
  2.9631
  2.9707
  2.9593
  2.9608
  2.9675
  2.9709
  2.9703
  2.9829
  2.9760
  2.9676
  2.9641
  2.9732
  2.9681
  2.9814
  2.9683
  2.9693
  2.9756
  2.9734
  2.9680
  2.9690
  2.9704
  2.9633
  2.9708
  2.9679
  2.9706
  2.9669
  2.9815
  2.9620
  2.9739
  2.9681
  2.9744
  2.9687
  2.9766
  2.9622
  2.9658
  2.9654
  2.9649
  2.9813
  2.9786
  2.9735
  2.9756
  2.9655
  2.9798
  2.9653
  2.9739
  2.9781
  2.9729
  2.9711
  2.9664
  2.9755
  2.9681
  2.9822
  2.9827
  2.9689
  2.9669
  2.9736
  2.9798
  2.9715
  2.9744
  2.9604
  2.9623
  2.9676
  2.9669
  2.9714
  2.9680
  2.9593
  2.9643
  2.9679
  2.9760
  2.9656
  2.9616
  2.9806
  2.9591
  2.9695
  2.9668
  2.9636
  2.9711
  2.9575
  2.9567
  2.9720
  2.9661
  2.9717
  2.9684
  2.9697
  2.9689
  2.9749
  2.9744
  2.9669
  2.9730
  2.9659
  2.9724
  2.9604
  2.9692
  2.9726
  2.9807
  2.9627
  2.9683
