C1431410.004674
Gadanki 14/03/2014 10:00:16 14/03/2014 10:00:47 0375 0079.2 0013.5 00
0000000 0020 0000600 0020 01
1 0 2 02000 1 0000 0030 00532.o 0 0 00 000 14 000600 0.500 BT0
532.000 .o analog 0 
  2.9720
 21.4389
 19.0519
 11.3857
 12.9257
 14.7377
 18.7932
 30.1065
 41.4335
 44.6302
 42.3829
 38.3160
 34.4590
 30.5645
 27.0896
 24.1093
 21.4016
 19.1831
 17.3495
 15.8329
 14.5913
 13.4343
 12.3692
 11.3170
 10.4988
  9.7358
  8.9701
  8.4711
  8.1987
  7.9409
  7.5324
  7.1144
  6.7492
  6.4027
  6.0631
  5.8247
  5.6858
  5.5615
  5.4171
  5.2806
  5.1957
  5.1153
  4.9873
  4.7985
  4.6824
  4.5817
  4.4985
  4.3554
  4.3248
  4.2885
  4.1893
  4.1146
  4.0940
  4.0989
  4.0712
  4.0471
  3.9637
  3.8672
  3.8979
  3.8900
  3.8193
  3.7336
  3.6833
  3.7015
  3.6689
  3.5910
  3.5620
  3.5633
  3.5302
  3.5001
  3.4881
  3.4587
  3.4276
  3.3947
  3.3970
  3.3836
  3.3568
  3.3396
  3.3458
  3.3418
  3.3581
  3.3786
  3.3449
  3.2779
  3.2530
  3.2432
  3.2593
  3.2283
  3.2281
  3.2160
  3.1993
  3.2030
  3.1833
  3.1875
  3.1767
  3.1851
  3.1836
  3.1653
  3.1611
  3.1636
  3.1480
  3.1375
  3.1514
  3.1366
  3.1372
  3.1320
  3.1295
  3.1341
  3.1145
  3.1214
  3.1135
  3.1006
  3.1040
  3.0989
  3.0982
  3.0993
  3.0882
  3.1086
  3.0820
  3.0817
  3.0947
  3.0931
  3.0772
  3.0718
  3.0762
  3.0828
  3.0738
  3.0730
  3.0767
  3.0666
  3.0587
  3.0689
  3.0586
  3.0519
  3.0564
  3.0577
  3.0629
  3.0654
  3.0537
  3.0521
  3.0500
  3.0478
  3.0504
  3.0515
  3.0417
  3.0383
  3.0297
  3.0418
  3.0518
  3.0419
  3.0388
  3.0395
  3.0368
  3.0367
  3.0322
  3.0375
  3.0360
  3.0298
  3.0314
  3.0278
  3.0191
  3.0190
  3.0313
  3.0173
  3.0302
  3.0293
  3.0256
  3.0281
  3.0222
  3.0227
  3.0330
  3.0132
  3.0214
  3.0169
  3.0207
  3.0168
  3.0166
  3.0156
  3.0145
  3.0254
  3.0119
  3.0242
  3.0088
  2.9997
  3.0086
  3.0105
  3.0114
  3.0156
  3.0128
  3.0095
  3.0105
  3.0078
  3.0109
  3.0202
  3.0158
  3.0148
  3.0073
  3.0058
  2.9935
  3.0116
  3.0022
  3.0102
  3.0019
  2.9992
  3.0057
  2.9972
  2.9957
  2.9986
  3.0056
  3.0032
  2.9849
  2.9939
  3.0062
  2.9889
  2.9970
  2.9937
  3.0009
  2.9947
  2.9891
  3.0092
  2.9986
  2.9811
  2.9960
  2.9909
  3.0029
  2.9912
  2.9911
  2.9917
  2.9788
  2.9872
  2.9896
  2.9891
  3.0006
  2.9927
  3.0042
  2.9875
  2.9885
  2.9788
  2.9940
  2.9996
  2.9977
  2.9902
  2.9930
  2.9892
  2.9960
  2.9946
  2.9870
  2.9875
  2.9958
  2.9883
  2.9731
  2.9848
  2.9949
  2.9839
  2.9943
  2.9883
  2.9805
  2.9947
  2.9899
  2.9756
  2.9943
  2.9974
  2.9809
  2.9895
  2.9785
  2.9919
  2.9841
  2.9731
  2.9875
  2.9896
  2.9881
  2.9919
  2.9807
  2.9795
  2.9800
  2.9818
  2.9817
  2.9824
  2.9812
  2.9807
  2.9933
  2.9819
  2.9918
  2.9840
  2.9889
  2.9877
  2.9808
  2.9876
  2.9800
  2.9851
  2.9864
  2.9867
  2.9842
  2.9863
  2.9807
  2.9710
  2.9802
  2.9784
  2.9859
  2.9912
  2.9839
  2.9882
  2.9887
  2.9752
  2.9710
  2.9756
  2.9807
  2.9828
  2.9839
  2.9771
  2.9716
  2.9792
  2.9872
  2.9758
  2.9868
  2.9797
  2.9869
  2.9815
  2.9910
  2.9718
  2.9759
  2.9807
  2.9758
  2.9854
  2.9761
  2.9773
  2.9747
  2.9758
  2.9809
  2.9801
  2.9810
  2.9900
  2.9799
  2.9735
  2.9772
  2.9802
  2.9677
  2.9819
  2.9805
  2.9710
  2.9784
  2.9794
  2.9789
  2.9787
  2.9796
  2.9689
  2.9724
  2.9731
  2.9705
  2.9812
  2.9683
  2.9781
  2.9846
  2.9719
  2.9751
  2.9763
  2.9811
  2.9642
  2.9829
  2.9687
  2.9846
  2.9756
  2.9750
  2.9751
  2.9908
  2.9809
  2.9844
  2.9801
  2.9716
  2.9782
  2.9866
  2.9867
  2.9748
  2.9778
  2.9759
  2.9768
  2.9904
  2.9727
  2.9785
  2.9722
  2.9829
  2.9715
  2.9730
  2.9643
  2.9753
  2.9747
  2.9741
  2.9764
  2.9764
  2.9788
  2.9893
  2.9860
  2.9781
  2.9681
  2.9710
  2.9815
  2.9767
  2.9710
  2.9784
  2.9769
  2.9829
  2.9859
  2.9818
  2.9738
  2.9764
  2.9797
  2.9789
  2.9752
  2.9836
  2.9891
  2.9728
  2.9731
  2.9746
  2.9802
  2.9747
  2.9754
  2.9744
  2.9719
  2.9783
  2.9761
  2.9800
  2.9741
  2.9773
  2.9840
  2.9817
  2.9798
  2.9711
  2.9779
  2.9789
  2.9782
  2.9820
  2.9828
  2.9683
  2.9664
  2.9729
  2.9759
  2.9771
  2.9673
  2.9712
  2.9813
  2.9728
  2.9799
  2.9780
  2.9726
  2.9748
  2.9765
  2.9738
  2.9785
  2.9790
  2.9713
  2.9725
  2.9669
  2.9655
  2.9678
  2.9663
  2.9825
  2.9705
  2.9814
  2.9819
  2.9728
  2.9713
  2.9716
  2.9810
  2.9782
  2.9842
  2.9735
  2.9668
  2.9712
  2.9751
  2.9725
  2.9834
  2.9690
  2.9818
  2.9726
  2.9790
  2.9777
  2.9665
  2.9778
  2.9732
  2.9777
  2.9797
  2.9797
  2.9785
  2.9836
  2.9850
  2.9718
  2.9720
  2.9815
  2.9733
  2.9814
  2.9810
  2.9746
  2.9728
  2.9703
  2.9790
  2.9719
  2.9588
  2.9737
  2.9737
  2.9773
  2.9723
  2.9771
  2.9811
  2.9722
  2.9698
  2.9814
  2.9778
  2.9794
  2.9760
  2.9688
  2.9694
  2.9828
  2.9812
  2.9711
  2.9811
  2.9687
  2.9780
  2.9736
  2.9802
  2.9808
  2.9720
  2.9802
  2.9786
  2.9690
  2.9710
  2.9763
  2.9854
  2.9818
  2.9760
  2.9734
  2.9739
  2.9616
  2.9713
  2.9768
  2.9685
  2.9690
  2.9704
  2.9754
  2.9704
  2.9701
  2.9704
  2.9686
  2.9610
  2.9751
  2.9763
  2.9683
  2.9748
  2.9770
  2.9698
  2.9816
  2.9683
  2.9668
  2.9677
  2.9667
  2.9792
  2.9637
  2.9642
  2.9727
  2.9610
  2.9629
  2.9730
  2.9726
  2.9784
  2.9728
  2.9756
  2.9766
  2.9689
  2.9760
  2.9732
  2.9839
  2.9700
  2.9755
  2.9756
  2.9794
  2.9682
  2.9794
  2.9744
  2.9707
  2.9701
  2.9754
  2.9808
  2.9693
  2.9850
  2.9813
  2.9724
  2.9749
  2.9792
  2.9757
  2.9743
  2.9743
  2.9688
  2.9713
  2.9752
  2.9732
  2.9686
  2.9861
  2.9769
  2.9727
  2.9799
  2.9794
  2.9824
  2.9672
  2.9824
  2.9725
  2.9708
  2.9703
  2.9706
  2.9778
  2.9713
  2.9751
  2.9729
  2.9703
  2.9739
  2.9688
  2.9669
  2.9738
  2.9670
  2.9707
  2.9878
  2.9681
  2.9702
  2.9627
  2.9737
  2.9732
  2.9780
  2.9840
  2.9653
  2.9786
  2.9654
  2.9769
  2.9741
  2.9813
  2.9687
  2.9553
  2.9762
  2.9765
  2.9749
  2.9630
  2.9718
  2.9697
  2.9738
  2.9765
  2.9753
  2.9813
  2.9754
  2.9697
  2.9712
  2.9678
  2.9806
  2.9717
  2.9732
  2.9721
  2.9768
  2.9749
  2.9779
  2.9827
  2.9770
  2.9726
  2.9678
  2.9768
  2.9657
  2.9763
  2.9736
  2.9649
  2.9747
  2.9711
  2.9648
  2.9711
  2.9693
  2.9809
  2.9736
  2.9735
  2.9736
  2.9663
  2.9625
  2.9868
  2.9775
  2.9758
  2.9668
  2.9667
  2.9695
  2.9654
  2.9744
  2.9672
  2.9663
  2.9726
  2.9696
  2.9679
  2.9671
  2.9792
  2.9735
  2.9628
  2.9806
  2.9674
  2.9678
  2.9757
  2.9716
  2.9707
  2.9701
  2.9637
  2.9614
  2.9680
  2.9771
  2.9783
  2.9755
  2.9639
  2.9766
  2.9666
  2.9769
  2.9796
  2.9676
  2.9761
  2.9738
  2.9791
  2.9742
  2.9664
  2.9764
  2.9858
  2.9620
  2.9711
  2.9771
  2.9715
  2.9754
  2.9819
  2.9657
  2.9753
  2.9770
  2.9700
  2.9706
  2.9720
  2.9634
  2.9741
  2.9726
  2.9757
  2.9782
  2.9749
  2.9703
  2.9809
  2.9712
  2.9702
  2.9729
  2.9730
  2.9675
  2.9736
  2.9796
  2.9708
  2.9741
  2.9728
  2.9794
  2.9732
  2.9882
  2.9585
  2.9660
  2.9788
  2.9694
  2.9760
  2.9659
  2.9738
  2.9751
  2.9654
  2.9655
  2.9807
  2.9788
  2.9729
  2.9708
  2.9781
  2.9788
  2.9656
  2.9725
  2.9641
  2.9667
  2.9662
  2.9720
  2.9680
  2.9674
  2.9792
  2.9827
  2.9764
  2.9731
  2.9713
  2.9723
  2.9716
  2.9635
  2.9674
  2.9703
  2.9755
  2.9679
  2.9682
  2.9745
  2.9731
  2.9711
  2.9659
  2.9736
  2.9691
  2.9721
  2.9635
  2.9761
  2.9764
  2.9683
  2.9731
  2.9663
  2.9756
  2.9744
  2.9707
  2.9790
  2.9724
  2.9646
  2.9716
  2.9794
  2.9701
  2.9677
  2.9671
  2.9719
  2.9690
  2.9635
  2.9709
  2.9747
  2.9707
  2.9732
  2.9705
  2.9649
  2.9756
  2.9818
  2.9809
  2.9719
  2.9753
  2.9751
  2.9677
  2.9729
  2.9801
  2.9715
  2.9800
  2.9733
  2.9635
  2.9680
  2.9766
  2.9682
  2.9758
  2.9766
  2.9762
  2.9701
  2.9828
  2.9669
  2.9741
  2.9751
  2.9690
  2.9812
  2.9556
  2.9733
  2.9841
  2.9717
  2.9717
  2.9789
  2.9811
  2.9761
  2.9722
  2.9692
  2.9721
  2.9648
  2.9789
  2.9691
  2.9678
  2.9643
  2.9712
  2.9648
  2.9736
  2.9812
  2.9752
  2.9751
  2.9750
  2.9794
  2.9719
  2.9775
  2.9717
  2.9721
  2.9726
  2.9739
  2.9768
  2.9786
  2.9798
  2.9722
  2.9729
  2.9784
  2.9720
  2.9689
  2.9712
  2.9661
  2.9697
  2.9631
  2.9810
  2.9718
  2.9706
  2.9720
  2.9847
  2.9715
  2.9726
  2.9748
  2.9655
  2.9640
  2.9652
  2.9763
  2.9889
  2.9695
  2.9772
  2.9828
  2.9753
  2.9726
  2.9728
  2.9774
  2.9798
  2.9786
  2.9667
  2.9600
  2.9820
  2.9740
  2.9676
  2.9809
  2.9557
  2.9779
  2.9751
  2.9743
  2.9748
  2.9761
  2.9847
  2.9705
  2.9815
  2.9834
  2.9786
  2.9727
  2.9739
  2.9634
  2.9786
  2.9739
  2.9672
  2.9816
  2.9731
  2.9786
  2.9765
  2.9759
  2.9727
  2.9761
  2.9649
  2.9721
  2.9764
  2.9694
  2.9807
  2.9722
  2.9673
  2.9737
  2.9731
  2.9682
  2.9717
  2.9722
  2.9745
  2.9694
  2.9718
  2.9632
  2.9670
  2.9683
  2.9647
  2.9700
  2.9692
  2.9768
  2.9656
  2.9689
  2.9789
  2.9748
  2.9665
  2.9707
  2.9676
  2.9735
  2.9765
  2.9706
  2.9860
  2.9809
  2.9672
  2.9690
  2.9756
  2.9713
  2.9748
  2.9799
  2.9676
  2.9684
  2.9731
  2.9705
  2.9930
  2.9722
  2.9769
  2.9782
  2.9755
  2.9558
  2.9659
  2.9716
  2.9751
  2.9727
  2.9752
  2.9791
  2.9809
  2.9697
  2.9747
  2.9743
  2.9732
  2.9821
  2.9696
  2.9704
  2.9735
  2.9762
  2.9771
  2.9762
  2.9802
  2.9719
  2.9661
  2.9760
  2.9760
  2.9661
  2.9715
  2.9672
  2.9747
  2.9777
  2.9681
  2.9795
  2.9650
  2.9809
  2.9653
  2.9634
  2.9685
  2.9820
  2.9725
  2.9795
  2.9829
  2.9780
  2.9691
  2.9617
  2.9585
  2.9661
  2.9683
  2.9745
  2.9686
  2.9722
  2.9712
  2.9766
  2.9632
  2.9705
  2.9732
  2.9667
  2.9713
  2.9778
  2.9726
  2.9742
  2.9681
  2.9792
  2.9715
  2.9899
  2.9674
  2.9734
  2.9742
  2.9725
  2.9693
  2.9796
  2.9666
  2.9694
  2.9750
  2.9674
  2.9744
  2.9740
  2.9780
  2.9778
  2.9730
  2.9718
  2.9623
  2.9711
  2.9779
  2.9740
  2.9695
  2.9624
  2.9801
  2.9631
  2.9768
  2.9634
  2.9831
  2.9745
  2.9703
  2.9608
  2.9784
  2.9671
  2.9682
  2.9744
  2.9721
  2.9678
  2.9675
  2.9682
  2.9787
  2.9720
  2.9720
  2.9753
  2.9740
  2.9653
  2.9764
  2.9612
  2.9700
  2.9714
  2.9734
  2.9766
  2.9740
  2.9655
  2.9758
  2.9765
  2.9784
  2.9624
  2.9685
  2.9742
  2.9629
  2.9852
  2.9732
  2.9703
  2.9738
  2.9663
  2.9799
  2.9694
  2.9821
  2.9680
  2.9836
  2.9727
  2.9696
  2.9762
  2.9761
  2.9744
  2.9804
  2.9749
  2.9623
  2.9675
  2.9791
  2.9758
  2.9753
  2.9760
  2.9665
  2.9772
  2.9694
  2.9751
  2.9811
  2.9685
  2.9722
  2.9792
  2.9848
  2.9681
  2.9757
  2.9759
  2.9737
  2.9714
  2.9659
  2.9709
  2.9709
  2.9705
  2.9753
  2.9787
  2.9624
  2.9748
  2.9698
  2.9706
  2.9661
  2.9839
  2.9710
  2.9689
  2.9596
  2.9743
  2.9680
  2.9746
  2.9652
  2.9683
  2.9671
  2.9857
  2.9636
  2.9741
  2.9712
  2.9689
  2.9679
  2.9660
  2.9673
  2.9786
  2.9759
  2.9699
  2.9746
  2.9701
  2.9783
  2.9772
  2.9749
  2.9616
  2.9751
  2.9671
  2.9712
  2.9720
  2.9804
  2.9710
  2.9770
  2.9753
  2.9729
  2.9777
  2.9647
  2.9616
  2.9677
  2.9763
  2.9705
  2.9730
  2.9695
  2.9612
  2.9708
  2.9757
  2.9754
  2.9657
  2.9653
  2.9678
  2.9762
  2.9852
  2.9694
  2.9644
  2.9708
  2.9660
  2.9814
  2.9674
  2.9690
  2.9814
  2.9722
  2.9672
  2.9669
  2.9747
  2.9761
  2.9705
  2.9747
  2.9692
  2.9795
  2.9834
  2.9739
  2.9795
  2.9712
  2.9705
  2.9700
  2.9690
  2.9764
  2.9675
  2.9662
  2.9711
  2.9787
  2.9712
  2.9796
  2.9751
  2.9781
  2.9667
  2.9731
  2.9759
  2.9754
  2.9693
  2.9706
  2.9817
  2.9568
  2.9749
  2.9745
  2.9651
  2.9826
  2.9631
  2.9650
  2.9724
  2.9824
  2.9816
  2.9709
  2.9764
  2.9779
  2.9743
  2.9684
  2.9726
  2.9693
  2.9695
  2.9662
  2.9772
  2.9710
  2.9757
  2.9761
  2.9724
  2.9778
  2.9707
  2.9763
  2.9843
  2.9849
  2.9831
  2.9774
  2.9744
  2.9753
  2.9773
  2.9768
  2.9637
  2.9737
  2.9679
  2.9706
  2.9766
  2.9702
  2.9729
  2.9696
  2.9730
  2.9708
  2.9672
  2.9790
  2.9815
  2.9760
  2.9742
  2.9768
  2.9740
  2.9738
  2.9742
  2.9784
  2.9689
  2.9585
  2.9785
  2.9754
  2.9633
  2.9682
  2.9694
  2.9662
  2.9590
  2.9774
  2.9806
  2.9803
  2.9775
  2.9762
  2.9702
  2.9762
  2.9678
  2.9642
  2.9741
  2.9741
  2.9672
  2.9737
  2.9780
  2.9834
  2.9808
  2.9791
  2.9753
  2.9764
  2.9641
  2.9651
  2.9708
  2.9802
  2.9745
  2.9873
  2.9748
  2.9761
  2.9786
  2.9680
  2.9749
  2.9804
  2.9770
  2.9635
  2.9642
  2.9744
  2.9775
  2.9695
  2.9688
  2.9690
  2.9665
  2.9662
  2.9738
  2.9718
  2.9714
  2.9652
  2.9717
  2.9698
  2.9739
  2.9765
  2.9750
  2.9731
  2.9773
  2.9750
  2.9618
  2.9648
  2.9700
  2.9742
  2.9723
  2.9828
  2.9762
  2.9686
  2.9716
  2.9700
  2.9699
  2.9752
  2.9785
  2.9744
  2.9771
  2.9686
  2.9694
  2.9662
  2.9772
  2.9692
  2.9712
  2.9747
  2.9708
  2.9686
  2.9712
  2.9704
  2.9723
  2.9735
  2.9645
  2.9785
  2.9753
  2.9799
  2.9561
  2.9646
  2.9728
  2.9780
  2.9678
  2.9652
  2.9665
  2.9685
  2.9701
  2.9709
  2.9786
  2.9778
  2.9767
  2.9772
  2.9694
  2.9699
  2.9682
  2.9679
  2.9726
  2.9637
  2.9721
  2.9725
  2.9684
  2.9701
  2.9697
  2.9584
  2.9785
  2.9769
  2.9702
  2.9753
  2.9682
  2.9879
  2.9791
  2.9733
  2.9751
  2.9698
  2.9763
  2.9737
  2.9712
  2.9718
  2.9734
  2.9716
  2.9673
  2.9747
  2.9699
  2.9734
  2.9697
  2.9629
  2.9664
  2.9678
  2.9773
  2.9711
  2.9715
  2.9705
  2.9578
  2.9708
  2.9729
  2.9709
  2.9721
  2.9674
  2.9774
  2.9620
  2.9749
  2.9715
  2.9714
  2.9810
  2.9676
  2.9622
  2.9690
  2.9833
  2.9663
  2.9761
  2.9813
  2.9731
  2.9737
  2.9668
  2.9829
  2.9795
  2.9655
  2.9771
  2.9723
  2.9669
  2.9753
  2.9772
  2.9731
  2.9759
  2.9667
  2.9708
  2.9798
  2.9668
  2.9720
  2.9662
  2.9723
  2.9720
  2.9788
  2.9763
  2.9670
  2.9659
  2.9828
  2.9771
  2.9660
  2.9660
  2.9683
  2.9671
  2.9706
  2.9738
  2.9759
  2.9597
  2.9735
  2.9778
  2.9771
  2.9693
  2.9581
  2.9687
  2.9706
  2.9774
  2.9728
  2.9875
  2.9592
  2.9708
  2.9671
  2.9781
  2.9799
  2.9726
  2.9624
  2.9767
  2.9728
  2.9686
  2.9780
  2.9785
  2.9778
  2.9748
  2.9661
  2.9685
  2.9699
  2.9756
  2.9708
  2.9700
  2.9797
  2.9780
  2.9701
  2.9760
  2.9669
  2.9715
  2.9662
  2.9694
  2.9615
  2.9729
  2.9738
  2.9833
  2.9703
  2.9684
  2.9766
  2.9717
  2.9739
  2.9677
  2.9693
  2.9673
  2.9710
  2.9813
  2.9650
  2.9635
  2.9713
  2.9677
  2.9785
  2.9741
  2.9646
  2.9660
  2.9721
  2.9672
  2.9713
  2.9645
  2.9728
  2.9718
  2.9793
  2.9715
  2.9765
  2.9773
  2.9709
  2.9831
  2.9891
  2.9657
  2.9755
  2.9677
  2.9689
  2.9632
  2.9772
  2.9648
  2.9703
  2.9772
  2.9780
  2.9631
  2.9639
  2.9738
  2.9771
  2.9727
  2.9778
  2.9672
  2.9703
  2.9726
  2.9628
  2.9691
  2.9589
  2.9719
  2.9778
  2.9617
  2.9725
  2.9786
  2.9797
  2.9861
  2.9747
  2.9687
  2.9762
  2.9734
  2.9725
  2.9757
  2.9787
  2.9700
  2.9797
  2.9708
  2.9770
  2.9740
  2.9794
  2.9832
  2.9789
  2.9796
  2.9826
  2.9652
  2.9680
  2.9707
  2.9707
  2.9746
  2.9785
  2.9677
  2.9744
  2.9714
  2.9711
  2.9630
  2.9771
  2.9727
  2.9723
  2.9637
  2.9638
  2.9810
  2.9739
  2.9729
  2.9673
  2.9696
  2.9799
  2.9787
  2.9636
  2.9766
  2.9785
  2.9662
  2.9785
  2.9671
  2.9671
  2.9798
  2.9811
  2.9821
  2.9740
  2.9675
  2.9825
  2.9775
  2.9740
  2.9716
  2.9823
  2.9670
  2.9731
  2.9744
  2.9727
  2.9812
  2.9785
  2.9625
  2.9593
  2.9606
  2.9778
  2.9856
  2.9586
  2.9657
  2.9745
  2.9692
  2.9632
  2.9814
  2.9647
  2.9656
  2.9662
  2.9661
  2.9732
  2.9623
  2.9770
  2.9659
  2.9748
  2.9576
  2.9674
  2.9789
  2.9586
  2.9708
  2.9862
  2.9614
  2.9589
  2.9703
  2.9790
  2.9726
  2.9604
  2.9770
  2.9744
  2.9772
  2.9706
  2.9675
  2.9702
  2.9755
  2.9705
  2.9721
  2.9845
  2.9665
  2.9785
  2.9694
  2.9761
  2.9736
  2.9726
  2.9691
  2.9693
  2.9734
  2.9730
  2.9669
  2.9589
  2.9593
  2.9734
  2.9791
  2.9965
  2.9698
  2.9743
  2.9678
  2.9660
  2.9782
  2.9682
  2.9641
  2.9672
  2.9677
  2.9734
  2.9721
  2.9694
  2.9802
  2.9772
  2.9671
  2.9755
  2.9808
  2.9686
  2.9781
  2.9756
  2.9656
  2.9801
  2.9841
  2.9725
  2.9699
  2.9716
  2.9694
  2.9739
  2.9850
  2.9829
  2.9742
  2.9742
  2.9719
  2.9690
  2.9734
  2.9696
  2.9746
  2.9723
  2.9729
  2.9755
  2.9697
  2.9637
  2.9760
  2.9724
  2.9680
  2.9758
  2.9635
  2.9812
  2.9681
  2.9744
  2.9691
  2.9769
  2.9727
  2.9724
  2.9680
  2.9760
  2.9758
  2.9627
  2.9762
  2.9687
  2.9711
  2.9713
  2.9766
  2.9791
  2.9634
  2.9873
  2.9805
  2.9734
  2.9620
  2.9759
  2.9694
  2.9780
  2.9676
  2.9645
  2.9660
  2.9681
  2.9712
  2.9664
  2.9774
  2.9857
  2.9701
  2.9678
  2.9723
  2.9645
  2.9651
  2.9714
  2.9724
  2.9732
  2.9744
  2.9726
  2.9761
  2.9778
  2.9754
  2.9680
  2.9772
  2.9634
  2.9693
  2.9718
  2.9676
  2.9710
  2.9717
  2.9747
  2.9656
  2.9704
  2.9701
  2.9698
  2.9678
  2.9672
  2.9711
  2.9721
  2.9759
  2.9815
  2.9710
  2.9723
  2.9750
  2.9738
  2.9735
  2.9750
  2.9719
  2.9787
  2.9702
  2.9851
  2.9676
  2.9676
  2.9742
  2.9672
  2.9695
  2.9700
  2.9712
  2.9751
  2.9766
  2.9699
  2.9707
  2.9814
  2.9870
  2.9709
  2.9704
  2.9739
  2.9804
  2.9747
  2.9660
  2.9624
  2.9738
  2.9651
  2.9616
  2.9769
  2.9770
  2.9642
  2.9694
  2.9658
  2.9680
  2.9662
  2.9678
  2.9753
  2.9771
  2.9778
  2.9707
  2.9773
  2.9766
  2.9723
  2.9646
  2.9730
  2.9723
  2.9763
  2.9798
  2.9676
  2.9781
  2.9743
  2.9817
  2.9737
  2.9622
  2.9760
  2.9666
  2.9667
  2.9700
  2.9724
  2.9816
  2.9754
  2.9810
  2.9702
  2.9725
  2.9801
  2.9690
  2.9743
  2.9750
  2.9729
  2.9725
  2.9739
  2.9651
  2.9738
  2.9677
  2.9670
  2.9793
  2.9872
  2.9717
  2.9803
  2.9754
  2.9644
  2.9728
  2.9660
  2.9664
  2.9847
  2.9767
  2.9614
  2.9756
  2.9792
  2.9701
  2.9692
  2.9680
  2.9809
  2.9816
  2.9745
  2.9670
  2.9845
  2.9716
  2.9749
  2.9648
  2.9720
  2.9719
  2.9684
  2.9724
  2.9669
  2.9684
  2.9692
  2.9674
  2.9783
  2.9721
  2.9608
  2.9656
  2.9762
  2.9665
  2.9741
  2.9640
  2.9753
  2.9742
  2.9587
  2.9677
  2.9699
  2.9770
  2.9758
  2.9696
  2.9716
  2.9774
  2.9681
  2.9674
  2.9724
  2.9708
  2.9687
  2.9689
  2.9681
  2.9605
  2.9655
  2.9615
  2.9708
  2.9707
  2.9592
  2.9757
  2.9775
  2.9666
  2.9572
  2.9652
  2.9692
  2.9742
  2.9584
  2.9689
  2.9749
  2.9767
