C1431410.014775
Gadanki 14/03/2014 10:01:17 14/03/2014 10:01:48 0375 0079.2 0013.5 00
0000000 0020 0000600 0020 01
1 0 2 02000 1 0000 0030 00532.o 0 0 00 000 14 000600 0.500 BT0
532.000 .o analog 0 
  2.9577
 21.3682
 19.0789
 11.3509
 12.8102
 14.3886
 18.0217
 29.1760
 40.5354
 43.5846
 41.2838
 37.3639
 33.2047
 29.4006
 26.2485
 23.4089
 20.9971
 18.9356
 17.2583
 15.7124
 14.3009
 13.3913
 12.3138
 11.0873
 10.2783
  9.7768
  9.4411
  9.0462
  8.5104
  8.0312
  7.5879
  7.2980
  6.9876
  6.6663
  6.2718
  5.8875
  5.7087
  5.5765
  5.4239
  5.2971
  5.2236
  5.1244
  5.0013
  4.8516
  4.7060
  4.5952
  4.5119
  4.3761
  4.2997
  4.2967
  4.2255
  4.1143
  4.0875
  4.0387
  4.0957
  4.0403
  3.9815
  3.8764
  3.8785
  3.8951
  3.8309
  3.7465
  3.6903
  3.6837
  3.6649
  3.6042
  3.5507
  3.5708
  3.5474
  3.5218
  3.4969
  3.4639
  3.4325
  3.4060
  3.4090
  3.3816
  3.3677
  3.3709
  3.3634
  3.3424
  3.3540
  3.3746
  3.3351
  3.2836
  3.2569
  3.2518
  3.2449
  3.2431
  3.2411
  3.2245
  3.2192
  3.2062
  3.1883
  3.1882
  3.1864
  3.1792
  3.1748
  3.1618
  3.1702
  3.1709
  3.1733
  3.1508
  3.1367
  3.1405
  3.1445
  3.1357
  3.1350
  3.1314
  3.1203
  3.1161
  3.1140
  3.1137
  3.1039
  3.1155
  3.1171
  3.1015
  3.0962
  3.1100
  3.0978
  3.0855
  3.0909
  3.0815
  3.0892
  3.0762
  3.0878
  3.0768
  3.0771
  3.0757
  3.0612
  3.0638
  3.0671
  3.0860
  3.0690
  3.0648
  3.0611
  3.0675
  3.0537
  3.0627
  3.0677
  3.0520
  3.0607
  3.0523
  3.0492
  3.0605
  3.0615
  3.0557
  3.0537
  3.0541
  3.0402
  3.0399
  3.0353
  3.0417
  3.0454
  3.0474
  3.0356
  3.0437
  3.0465
  3.0406
  3.0275
  3.0358
  3.0417
  3.0291
  3.0371
  3.0331
  3.0297
  3.0239
  3.0281
  3.0321
  3.0275
  3.0264
  3.0283
  3.0342
  3.0276
  3.0176
  3.0168
  3.0207
  3.0256
  3.0153
  3.0172
  3.0265
  3.0195
  3.0187
  3.0133
  3.0184
  3.0213
  3.0175
  3.0180
  3.0195
  3.0111
  3.0047
  3.0254
  3.0099
  3.0076
  3.0125
  3.0145
  3.0003
  3.0035
  3.0164
  3.0057
  3.0120
  3.0152
  3.0125
  3.0125
  3.0174
  3.0114
  3.0142
  3.0081
  3.0049
  3.0136
  3.0108
  2.9991
  3.0095
  3.0096
  2.9966
  3.0110
  3.0052
  3.0064
  3.0121
  3.0015
  3.0022
  3.0008
  2.9943
  3.0060
  2.9966
  3.0029
  3.0030
  2.9973
  2.9942
  2.9979
  3.0048
  3.0015
  3.0032
  3.0006
  2.9925
  2.9994
  3.0055
  3.0022
  2.9911
  2.9939
  3.0072
  2.9992
  2.9951
  3.0004
  2.9954
  2.9988
  3.0011
  2.9884
  2.9950
  3.0072
  2.9848
  2.9917
  2.9922
  2.9975
  2.9852
  2.9923
  2.9881
  2.9958
  3.0045
  3.0013
  2.9884
  2.9797
  2.9977
  2.9930
  2.9866
  2.9931
  2.9812
  2.9938
  2.9962
  3.0007
  2.9964
  2.9972
  2.9867
  2.9802
  2.9881
  2.9930
  2.9939
  2.9820
  2.9912
  2.9917
  2.9956
  3.0041
  2.9850
  2.9962
  2.9993
  2.9810
  2.9946
  3.0054
  2.9849
  2.9988
  2.9904
  2.9944
  2.9844
  2.9937
  2.9911
  2.9937
  2.9935
  2.9987
  2.9925
  2.9881
  2.9825
  2.9936
  2.9838
  2.9877
  2.9917
  2.9821
  2.9868
  2.9869
  2.9865
  2.9873
  2.9861
  2.9865
  2.9838
  2.9840
  2.9821
  2.9901
  2.9829
  2.9899
  2.9814
  2.9875
  2.9805
  2.9786
  2.9799
  2.9780
  2.9847
  2.9881
  2.9854
  2.9934
  2.9865
  2.9887
  2.9656
  2.9821
  2.9809
  2.9925
  2.9796
  2.9873
  2.9834
  2.9893
  2.9819
  2.9828
  2.9832
  2.9984
  2.9889
  2.9879
  2.9817
  2.9725
  2.9774
  2.9746
  2.9882
  2.9918
  2.9761
  2.9819
  2.9860
  2.9799
  2.9845
  2.9788
  2.9805
  2.9914
  2.9787
  2.9818
  2.9819
  2.9709
  2.9878
  2.9834
  2.9878
  2.9903
  2.9891
  2.9813
  2.9850
  2.9815
  2.9884
  2.9721
  2.9820
  2.9841
  2.9902
  3.0007
  2.9843
  2.9853
  2.9744
  2.9709
  2.9839
  2.9899
  2.9825
  2.9832
  2.9934
  2.9732
  2.9837
  2.9736
  2.9754
  2.9860
  2.9886
  2.9821
  2.9798
  2.9780
  2.9786
  2.9780
  2.9791
  2.9739
  2.9706
  2.9871
  2.9840
  2.9739
  2.9727
  2.9897
  2.9805
  2.9755
  2.9886
  2.9774
  2.9865
  2.9811
  2.9855
  2.9881
  2.9757
  2.9825
  2.9970
  2.9858
  2.9887
  2.9785
  2.9633
  2.9754
  2.9666
  2.9930
  2.9762
  2.9760
  2.9912
  2.9777
  2.9896
  2.9882
  2.9841
  2.9693
  2.9819
  2.9876
  2.9783
  2.9727
  2.9930
  2.9755
  2.9921
  2.9860
  2.9822
  2.9800
  2.9876
  2.9889
  2.9867
  2.9857
  2.9773
  2.9802
  2.9911
  2.9932
  2.9867
  2.9893
  2.9828
  2.9843
  2.9863
  2.9788
  2.9764
  2.9778
  2.9847
  2.9813
  2.9801
  2.9825
  2.9915
  2.9739
  2.9838
  2.9847
  2.9868
  2.9858
  2.9791
  2.9943
  2.9784
  2.9857
  2.9833
  2.9804
  2.9779
  2.9846
  2.9752
  2.9867
  2.9860
  2.9745
  2.9754
  2.9761
  2.9875
  2.9843
  2.9786
  2.9737
  2.9924
  2.9802
  2.9893
  2.9841
  2.9790
  2.9733
  2.9739
  2.9800
  2.9758
  2.9842
  2.9819
  2.9789
  2.9916
  2.9911
  2.9846
  2.9929
  2.9873
  2.9748
  2.9735
  2.9896
  2.9830
  2.9767
  2.9916
  2.9846
  2.9795
  2.9812
  2.9863
  2.9786
  2.9782
  2.9818
  2.9726
  2.9783
  2.9792
  2.9736
  2.9780
  2.9815
  2.9791
  2.9810
  2.9803
  2.9725
  2.9706
  2.9857
  2.9701
  2.9747
  2.9781
  2.9892
  2.9815
  2.9861
  2.9757
  2.9758
  2.9837
  2.9880
  2.9772
  2.9781
  2.9828
  2.9896
  2.9839
  2.9762
  2.9670
  2.9897
  2.9737
  2.9791
  2.9723
  2.9756
  2.9875
  2.9803
  2.9729
  2.9862
  2.9755
  2.9723
  2.9746
  2.9808
  2.9797
  2.9847
  2.9805
  2.9912
  2.9753
  2.9717
  2.9745
  2.9903
  2.9723
  2.9706
  2.9738
  2.9763
  2.9879
  2.9788
  2.9833
  2.9774
  2.9902
  2.9815
  2.9853
  2.9821
  2.9737
  2.9840
  2.9736
  2.9854
  2.9869
  2.9740
  2.9758
  2.9789
  2.9656
  2.9645
  2.9709
  2.9940
  2.9699
  2.9784
  2.9686
  2.9805
  2.9783
  2.9832
  2.9812
  2.9826
  2.9795
  2.9738
  2.9814
  2.9793
  2.9828
  2.9846
  2.9792
  2.9805
  2.9790
  2.9751
  2.9819
  2.9846
  2.9705
  2.9826
  2.9805
  2.9752
  2.9795
  2.9816
  2.9796
  2.9844
  2.9670
  2.9732
  2.9738
  2.9711
  2.9723
  2.9744
  2.9803
  2.9769
  2.9713
  2.9825
  2.9709
  2.9823
  2.9770
  2.9780
  2.9816
  2.9788
  2.9810
  2.9882
  2.9801
  2.9807
  2.9708
  2.9773
  2.9684
  2.9867
  2.9825
  2.9801
  2.9740
  2.9687
  2.9720
  2.9826
  2.9728
  2.9761
  2.9860
  2.9734
  2.9898
  2.9814
  2.9818
  2.9802
  2.9927
  2.9819
  2.9757
  2.9802
  2.9774
  2.9804
  2.9736
  2.9858
  2.9785
  2.9770
  2.9762
  2.9734
  2.9733
  2.9848
  2.9854
  2.9891
  2.9819
  2.9761
  2.9749
  2.9775
  2.9887
  2.9676
  2.9720
  2.9829
  2.9820
  2.9787
  2.9831
  2.9759
  2.9769
  2.9796
  2.9750
  2.9709
  2.9833
  2.9855
  2.9753
  2.9860
  2.9821
  2.9834
  2.9711
  2.9829
  2.9809
  2.9726
  2.9783
  2.9803
  2.9884
  2.9809
  2.9821
  2.9784
  2.9747
  2.9789
  2.9825
  2.9718
  2.9794
  2.9782
  2.9841
  2.9699
  2.9781
  2.9788
  2.9789
  2.9727
  2.9758
  2.9852
  2.9869
  2.9737
  2.9809
  2.9761
  2.9778
  2.9801
  2.9751
  2.9785
  2.9866
  2.9766
  2.9742
  2.9819
  2.9818
  2.9701
  2.9678
  2.9708
  2.9672
  2.9799
  2.9794
  2.9675
  2.9792
  2.9814
  2.9898
  2.9784
  2.9752
  2.9787
  2.9729
  2.9804
  2.9923
  2.9719
  2.9762
  2.9762
  2.9823
  2.9796
  2.9826
  2.9733
  2.9793
  2.9763
  2.9683
  2.9751
  2.9733
  2.9685
  2.9793
  2.9909
  2.9779
  2.9791
  2.9808
  2.9725
  2.9709
  2.9869
  2.9692
  2.9897
  2.9846
  2.9767
  2.9673
  2.9736
  2.9744
  2.9832
  2.9763
  2.9758
  2.9810
  2.9888
  2.9720
  2.9821
  2.9790
  2.9780
  2.9750
  2.9739
  2.9908
  2.9738
  2.9684
  2.9817
  2.9808
  2.9798
  2.9798
  2.9791
  2.9758
  2.9903
  2.9750
  2.9881
  2.9827
  2.9759
  2.9841
  2.9775
  2.9810
  2.9684
  2.9726
  2.9735
  2.9714
  2.9839
  2.9878
  2.9773
  2.9812
  2.9838
  2.9795
  2.9781
  2.9781
  2.9849
  2.9757
  2.9763
  2.9870
  2.9799
  2.9672
  2.9801
  2.9683
  2.9749
  2.9888
  2.9799
  2.9805
  2.9792
  2.9834
  2.9821
  2.9839
  2.9775
  2.9871
  2.9846
  2.9807
  2.9836
  2.9711
  2.9801
  2.9800
  2.9732
  2.9744
  2.9733
  2.9867
  2.9730
  2.9800
  2.9851
  2.9785
  2.9708
  2.9848
  2.9754
  2.9822
  2.9749
  2.9739
  2.9744
  2.9804
  2.9742
  2.9788
  2.9730
  2.9803
  2.9801
  2.9822
  2.9703
  2.9696
  2.9730
  2.9711
  2.9706
  2.9871
  2.9693
  2.9815
  2.9779
  2.9829
  2.9776
  2.9761
  2.9797
  2.9692
  2.9774
  2.9827
  2.9791
  2.9864
  2.9682
  2.9805
  2.9772
  2.9671
  2.9748
  2.9827
  2.9853
  2.9781
  2.9800
  2.9777
  2.9678
  2.9667
  2.9767
  2.9896
  2.9868
  2.9802
  2.9876
  2.9896
  2.9881
  2.9895
  2.9743
  2.9831
  2.9928
  2.9837
  2.9733
  2.9787
  2.9754
  2.9694
  2.9836
  2.9847
  2.9723
  2.9813
  2.9785
  2.9832
  2.9804
  2.9842
  2.9774
  2.9793
  2.9806
  2.9774
  2.9681
  2.9760
  2.9795
  2.9778
  2.9815
  2.9819
  2.9802
  2.9770
  2.9785
  2.9739
  2.9742
  2.9639
  2.9821
  2.9793
  2.9769
  2.9795
  2.9882
  2.9756
  2.9883
  2.9882
  2.9807
  2.9929
  2.9839
  2.9776
  2.9766
  2.9802
  2.9799
  2.9873
  2.9755
  2.9777
  2.9693
  2.9825
  2.9907
  2.9691
  2.9784
  2.9832
  2.9721
  2.9872
  2.9694
  2.9741
  2.9815
  2.9855
  2.9787
  2.9677
  2.9736
  2.9720
  2.9764
  2.9825
  2.9814
  2.9820
  2.9890
  2.9757
  2.9840
  2.9861
  2.9617
  2.9739
  2.9804
  2.9749
  2.9773
  2.9813
  2.9739
  2.9789
  2.9837
  2.9783
  2.9813
  2.9784
  2.9756
  2.9764
  2.9721
  2.9748
  2.9781
  2.9713
  2.9836
  2.9865
  2.9803
  2.9754
  2.9790
  2.9746
  2.9818
  2.9769
  2.9750
  2.9778
  2.9677
  2.9818
  2.9730
  2.9782
  2.9757
  2.9874
  2.9800
  2.9819
  2.9764
  2.9800
  2.9781
  2.9721
  2.9774
  2.9874
  2.9839
  2.9774
  2.9724
  2.9834
  2.9787
  2.9851
  2.9693
  2.9689
  2.9806
  2.9758
  2.9843
  2.9912
  2.9779
  2.9698
  2.9737
  2.9755
  2.9725
  2.9773
  2.9769
  2.9822
  2.9848
  2.9810
  2.9800
  2.9782
  2.9792
  2.9622
  2.9875
  2.9853
  2.9631
  2.9829
  2.9802
  2.9781
  2.9821
  2.9698
  2.9853
  2.9727
  2.9749
  2.9846
  2.9795
  2.9798
  2.9798
  2.9832
  2.9797
  2.9812
  2.9731
  2.9813
  2.9745
  2.9807
  2.9645
  2.9792
  2.9793
  2.9747
  2.9738
  2.9774
  2.9788
  2.9813
  2.9829
  2.9706
  2.9775
  2.9830
  2.9886
  2.9751
  2.9768
  2.9806
  2.9923
  2.9799
  2.9757
  2.9721
  2.9629
  2.9783
  2.9805
  2.9799
  2.9888
  2.9770
  2.9789
  2.9762
  2.9690
  2.9847
  2.9706
  2.9790
  2.9844
  2.9783
  2.9704
  2.9741
  2.9869
  2.9600
  2.9846
  2.9724
  2.9852
  2.9752
  2.9784
  2.9757
  2.9751
  2.9813
  2.9751
  2.9808
  2.9797
  2.9781
  2.9728
  2.9916
  2.9883
  2.9957
  2.9736
  2.9892
  2.9762
  2.9864
  2.9890
  2.9673
  2.9823
  2.9783
  2.9703
  2.9804
  2.9761
  2.9781
  2.9775
  2.9743
  2.9732
  2.9821
  2.9842
  2.9703
  2.9665
  2.9748
  2.9798
  2.9793
  2.9828
  2.9889
  2.9787
  2.9767
  2.9802
  2.9817
  2.9696
  2.9884
  2.9771
  2.9872
  2.9821
  2.9830
  2.9897
  2.9751
  2.9794
  2.9708
  2.9891
  2.9721
  2.9736
  2.9777
  2.9696
  2.9822
  2.9897
  2.9742
  2.9786
  2.9874
  2.9737
  2.9702
  2.9819
  2.9781
  2.9720
  2.9837
  2.9669
  2.9709
  2.9749
  2.9730
  2.9858
  2.9703
  2.9772
  2.9710
  2.9791
  2.9786
  2.9712
  2.9857
  2.9880
  2.9787
  2.9791
  2.9780
  2.9774
  2.9849
  2.9781
  2.9695
  2.9800
  2.9719
  2.9751
  2.9780
  2.9795
  2.9765
  2.9698
  2.9789
  2.9756
  2.9810
  2.9655
  2.9753
  2.9819
  2.9727
  2.9752
  2.9840
  2.9819
  2.9879
  2.9853
  2.9760
  2.9771
  2.9731
  2.9744
  2.9794
  2.9844
  2.9756
  2.9687
  2.9720
  2.9863
  2.9709
  2.9824
  2.9737
  2.9761
  2.9901
  2.9779
  2.9874
  2.9796
  2.9774
  2.9745
  2.9806
  2.9744
  2.9788
  2.9694
  2.9702
  2.9906
  2.9821
  2.9699
  2.9675
  2.9753
  2.9854
  2.9757
  2.9766
  2.9751
  2.9753
  2.9768
  2.9777
  2.9789
  2.9729
  2.9866
  2.9738
  2.9695
  2.9764
  2.9766
  2.9772
  2.9824
  2.9788
  2.9921
  2.9788
  2.9824
  2.9773
  2.9781
  2.9799
  2.9867
  2.9837
  2.9745
  2.9751
  2.9901
  2.9833
  2.9834
  2.9801
  2.9826
  2.9759
  2.9752
  2.9799
  2.9790
  2.9866
  2.9800
  2.9870
  2.9739
  2.9819
  2.9825
  2.9962
  2.9774
  2.9718
  2.9850
  2.9807
  2.9834
  2.9831
  2.9736
  2.9854
  2.9708
  2.9779
  2.9844
  2.9712
  2.9796
  2.9740
  2.9720
  2.9826
  2.9738
  2.9778
  2.9770
  2.9765
  2.9770
  2.9741
  2.9718
  2.9703
  2.9817
  2.9762
  2.9796
  2.9797
  2.9766
  2.9762
  2.9792
  2.9855
  2.9785
  2.9761
  2.9778
  2.9763
  2.9770
  2.9826
  2.9790
  2.9726
  2.9792
  2.9883
  2.9843
  2.9836
  2.9874
  2.9892
  2.9802
  2.9674
  2.9905
  2.9838
  2.9753
  2.9754
  2.9865
  2.9820
  2.9771
  2.9710
  2.9821
  2.9861
  2.9818
  2.9853
  2.9807
  2.9773
  2.9791
  2.9808
  2.9825
  2.9804
  2.9797
  2.9784
  2.9769
  2.9679
  2.9785
  2.9764
  2.9665
  2.9884
  2.9763
  2.9822
  2.9809
  2.9678
  2.9812
  2.9840
  2.9790
  2.9661
  2.9766
  2.9759
  2.9755
  2.9766
  2.9761
  2.9797
  2.9775
  2.9834
  2.9771
  2.9802
  2.9801
  2.9728
  2.9737
  2.9847
  2.9896
  2.9756
  2.9725
  2.9776
  2.9763
  2.9781
  2.9806
  2.9824
  2.9767
  2.9759
  2.9793
  2.9696
  2.9696
  2.9747
  2.9747
  2.9729
  2.9844
  2.9729
  2.9774
  2.9753
  2.9867
  2.9885
  2.9842
  2.9716
  2.9619
  2.9916
  2.9788
  2.9795
  2.9777
  2.9827
  2.9674
  2.9782
  2.9705
  2.9860
  2.9754
  2.9848
  2.9863
  2.9787
  2.9766
  2.9692
  2.9784
  2.9774
  2.9783
  2.9799
  2.9611
  2.9793
  2.9803
  2.9799
  2.9752
  2.9782
  2.9796
  2.9725
  2.9738
  2.9771
  2.9816
  2.9746
  2.9615
  2.9798
  2.9657
  2.9845
  2.9740
  2.9639
  2.9793
  2.9768
  2.9806
  2.9847
  2.9779
  2.9817
  2.9740
  2.9848
  2.9701
  2.9846
  2.9753
  2.9843
  2.9836
  2.9800
  2.9724
  2.9830
  2.9757
  2.9758
  2.9815
  2.9824
  2.9834
  2.9897
  2.9782
  2.9689
  2.9789
  2.9797
  2.9889
  2.9796
  2.9759
  2.9650
  2.9758
  2.9819
  2.9772
  2.9744
  2.9841
  2.9748
  2.9793
  2.9741
  2.9719
  2.9666
  2.9806
  2.9860
  2.9785
  2.9712
  2.9804
  2.9968
  2.9725
  2.9865
  2.9702
  2.9819
  2.9705
  2.9722
  2.9831
  2.9762
  2.9740
  2.9808
  2.9835
  2.9776
  2.9811
  2.9804
  2.9920
  2.9818
  2.9764
  2.9704
  2.9774
  2.9906
  2.9747
  2.9794
  2.9811
  2.9723
  2.9772
  2.9738
  2.9669
  2.9765
  2.9868
  2.9772
  2.9862
  2.9792
  2.9753
  2.9808
  2.9700
  2.9753
  2.9764
  2.9701
  2.9789
  2.9697
  2.9751
  2.9733
  2.9882
  2.9786
  2.9752
  2.9797
  2.9785
  2.9769
  2.9863
  2.9677
  2.9679
  2.9780
  2.9694
  2.9668
  2.9794
  2.9739
  2.9818
  2.9825
  2.9862
  2.9764
  2.9761
  2.9731
  2.9745
  2.9818
  2.9861
  2.9733
  2.9720
  2.9826
  2.9705
  2.9749
  2.9782
  2.9829
  2.9653
  2.9780
  2.9692
  2.9824
  2.9841
  2.9874
  2.9713
  2.9778
  2.9744
  2.9733
  2.9764
  2.9588
  2.9768
  2.9785
  2.9803
  2.9729
  2.9848
  2.9757
  2.9862
  2.9797
  2.9910
  2.9768
  2.9793
  2.9863
  2.9752
  2.9686
  2.9831
  2.9811
  2.9798
  2.9731
  2.9833
  2.9773
  2.9828
  2.9882
  2.9785
  2.9774
  2.9743
  2.9773
  2.9697
  2.9800
  2.9757
  2.9766
  2.9826
  2.9689
  2.9714
  2.9709
  2.9704
  2.9821
  2.9721
  2.9748
  2.9742
  2.9749
  2.9791
  2.9751
  2.9784
  2.9756
  2.9745
  2.9724
  2.9874
  2.9731
  2.9835
  2.9818
  2.9745
  2.9749
  2.9719
  2.9751
  2.9741
  2.9823
  2.9773
  2.9808
  2.9770
  2.9885
  2.9882
  2.9749
  2.9793
  2.9800
  2.9829
  2.9778
  2.9755
  2.9798
  2.9677
  2.9714
  2.9799
  2.9745
  2.9784
  2.9768
  2.9819
  2.9804
  2.9767
  2.9809
  2.9712
  2.9600
  2.9676
  2.9859
  2.9761
  2.9657
  2.9758
  2.9774
  2.9786
  2.9808
  2.9773
  2.9753
  2.9753
  2.9770
  2.9735
  2.9733
  2.9857
  2.9915
  2.9796
  2.9803
  2.9793
  2.9760
  2.9678
  2.9721
  2.9718
  2.9767
  2.9846
  2.9832
  2.9781
  2.9728
  2.9766
  2.9711
  2.9806
  2.9772
  2.9797
  2.9797
  2.9726
  2.9794
  2.9866
  2.9721
  2.9880
  2.9849
  2.9681
  2.9646
  2.9713
  2.9860
  2.9830
  2.9852
  2.9733
  2.9842
  2.9819
  2.9684
  2.9772
  2.9788
  2.9716
  2.9824
  2.9671
  2.9719
  2.9740
  2.9656
  2.9775
  2.9809
  2.9745
  2.9719
  2.9762
  2.9785
  2.9665
  2.9716
  2.9799
  2.9720
  2.9737
  2.9829
  2.9688
  2.9832
  2.9729
  2.9773
  2.9692
  2.9806
  2.9884
  2.9777
  2.9815
  2.9758
  2.9781
  2.9736
  2.9789
  2.9772
  2.9735
  2.9812
  2.9831
  2.9832
  2.9807
  2.9840
  2.9730
  2.9733
  2.9764
  2.9838
  2.9767
  2.9786
  2.9756
  2.9789
  2.9707
  2.9732
  2.9799
  2.9812
  2.9858
  2.9816
  2.9810
  2.9710
  2.9802
  2.9676
  2.9820
  2.9799
  2.9810
  2.9839
  2.9809
  2.9813
  2.9831
  2.9768
  2.9812
  2.9784
  2.9720
  2.9683
  2.9762
  2.9778
  2.9699
  2.9854
  2.9784
  2.9813
  2.9676
  2.9737
  2.9761
  2.9829
  2.9765
  2.9801
  2.9696
  2.9879
  2.9825
  2.9700
  2.9692
  2.9837
  2.9744
  2.9770
  2.9763
  2.9757
  2.9931
  2.9832
  2.9746
  2.9802
  2.9791
  2.9774
  2.9701
  2.9862
  2.9763
  2.9812
  2.9710
  2.9739
  2.9715
  2.9708
  2.9762
  2.9732
  2.9795
  2.9815
  2.9928
  2.9774
  2.9787
  2.9817
  2.9773
  2.9813
  2.9729
  2.9933
  2.9690
  2.9712
  2.9808
  2.9793
  2.9823
  2.9752
  2.9727
  2.9718
  2.9751
  2.9765
  2.9755
  2.9780
  2.9674
  2.9769
  2.9727
  2.9832
  2.9706
  2.9802
  2.9835
  2.9796
  2.9739
  2.9796
  2.9700
  2.9770
  2.9730
  2.9868
  2.9618
  2.9832
  2.9765
  2.9697
  2.9919
  2.9744
  2.9826
  2.9849
  2.9806
  2.9726
  2.9727
  2.9696
  2.9853
  2.9825
  2.9813
  2.9745
  2.9714
  2.9822
  2.9794
  2.9744
  2.9791
  2.9743
  2.9871
  2.9743
  2.9726
  2.9809
  2.9787
  2.9835
  2.9795
  2.9795
  2.9783
  2.9839
  2.9817
  2.9824
  2.9818
  2.9746
  2.9829
  2.9789
  2.9793
  2.9848
  2.9720
  2.9804
  2.9743
  2.9718
  2.9753
  2.9745
  2.9808
  2.9787
  2.9829
  2.9770
  2.9707
  2.9855
  2.9738
  2.9653
  2.9832
  2.9792
  2.9792
  2.9886
  2.9730
  2.9813
  2.9790
  2.9810
  2.9710
  2.9754
  2.9789
  2.9625
  2.9918
  2.9795
  2.9701
  2.9721
  2.9842
  2.9729
  2.9840
  2.9797
  2.9721
  2.9739
  2.9728
  2.9858
  2.9853
  2.9597
  2.9679
  2.9774
  2.9891
  2.9638
  2.9711
  2.9763
  2.9731
  2.9923
  2.9834
  2.9706
  2.9795
  2.9790
  2.9749
  2.9789
  2.9743
  2.9819
  2.9654
  2.9887
  2.9774
  2.9662
  2.9752
  2.9794
  2.9811
  2.9777
  2.9766
  2.9635
  2.9749
  2.9759
  2.9831
  2.9747
  2.9691
  2.9801
  2.9735
  2.9786
  2.9787
  2.9772
  2.9752
  2.9728
  2.9845
  2.9791
  2.9807
  2.9721
  2.9727
  2.9792
  2.9716
  2.9796
  2.9702
  2.9798
  2.9810
  2.9771
  2.9838
  2.9754
  2.9665
  2.9722
  2.9744
  2.9751
  2.9571
  2.9686
  2.9855
  2.9778
  2.9800
  2.9797
  2.9720
  2.9772
  2.9707
  2.9794
  2.9721
  2.9803
  2.9866
  2.9715
  2.9811
  2.9687
  2.9738
  2.9827
  2.9705
  2.9650
  2.9886
  2.9721
