C1431410.062230
Gadanki 14/03/2014 10:05:52 14/03/2014 10:06:22 0375 0079.2 0013.5 00
0000000 0020 0000600 0020 01
1 0 2 02000 1 0000 0030 00532.o 0 0 00 000 14 000600 0.500 BT0
532.000 .o analog 0 
  2.9783
 21.4034
 17.9780
 10.7880
 12.1207
 13.5877
 16.7712
 26.6226
 37.0302
 40.3482
 38.5513
 34.9171
 31.2027
 27.8095
 24.7686
 22.3580
 20.2900
 18.1359
 16.3217
 15.3270
 14.2681
 13.1364
 12.2459
 11.5508
 10.7634
 10.1288
  9.6908
  9.1975
  8.6392
  8.2362
  7.7204
  7.2563
  6.8547
  6.5238
  6.2546
  5.9805
  5.7835
  5.6452
  5.5146
  5.3649
  5.2019
  5.0840
  4.9475
  4.8334
  4.7217
  4.6346
  4.5509
  4.4532
  4.3481
  4.2796
  4.2555
  4.1734
  4.0649
  4.0372
  4.0479
  4.0499
  4.0059
  3.9058
  3.8748
  3.9162
  3.8891
  3.8085
  3.7253
  3.6819
  3.6856
  3.6382
  3.5749
  3.5698
  3.5688
  3.5379
  3.5195
  3.4859
  3.4608
  3.4416
  3.4286
  3.4123
  3.3989
  3.3810
  3.3695
  3.3612
  3.3630
  3.3868
  3.3983
  3.3389
  3.2748
  3.2555
  3.2574
  3.2513
  3.2514
  3.2521
  3.2290
  3.2202
  3.2224
  3.2092
  3.2037
  3.1971
  3.1985
  3.1853
  3.1835
  3.1727
  3.1746
  3.1600
  3.1688
  3.1624
  3.1590
  3.1471
  3.1499
  3.1388
  3.1371
  3.1472
  3.1144
  3.1193
  3.1225
  3.1186
  3.1160
  3.1167
  3.1090
  3.1123
  3.1142
  3.1083
  3.1024
  3.1048
  3.1057
  3.0934
  3.1063
  3.0894
  3.0810
  3.0926
  3.0910
  3.0848
  3.0830
  3.0805
  3.0863
  3.0699
  3.0682
  3.0731
  3.0686
  3.0676
  3.0676
  3.0774
  3.0602
  3.0649
  3.0566
  3.0684
  3.0639
  3.0580
  3.0629
  3.0589
  3.0624
  3.0483
  3.0588
  3.0556
  3.0512
  3.0537
  3.0579
  3.0512
  3.0464
  3.0532
  3.0508
  3.0399
  3.0459
  3.0429
  3.0392
  3.0436
  3.0480
  3.0358
  3.0401
  3.0393
  3.0386
  3.0473
  3.0391
  3.0453
  3.0354
  3.0303
  3.0324
  3.0343
  3.0298
  3.0182
  3.0352
  3.0433
  3.0254
  3.0275
  3.0274
  3.0304
  3.0285
  3.0319
  3.0235
  3.0219
  3.0311
  3.0234
  3.0320
  3.0296
  3.0315
  3.0265
  3.0334
  3.0192
  3.0340
  3.0257
  3.0196
  3.0221
  3.0141
  3.0235
  3.0195
  3.0172
  3.0192
  3.0182
  3.0181
  3.0183
  3.0137
  3.0123
  3.0144
  3.0123
  3.0192
  3.0283
  3.0144
  3.0088
  3.0134
  3.0097
  2.9966
  3.0075
  3.0151
  3.0084
  3.0188
  3.0123
  3.0078
  3.0133
  3.0160
  3.0112
  3.0099
  3.0199
  3.0181
  2.9998
  3.0077
  3.0214
  3.0173
  3.0168
  3.0052
  3.0120
  3.0061
  3.0047
  3.0131
  3.0101
  3.0147
  3.0054
  3.0033
  3.0107
  3.0133
  2.9958
  3.0087
  2.9937
  2.9992
  3.0072
  3.0084
  3.0079
  2.9998
  3.0120
  3.0014
  2.9922
  3.0018
  3.0112
  3.0007
  3.0045
  3.0044
  2.9981
  3.0061
  3.0117
  2.9959
  3.0007
  3.0021
  3.0013
  3.0106
  3.0035
  2.9905
  3.0045
  3.0093
  3.0095
  3.0059
  3.0100
  3.0116
  3.0072
  3.0118
  3.0050
  3.0037
  2.9991
  2.9985
  2.9976
  2.9904
  2.9971
  2.9989
  3.0037
  3.0019
  3.0037
  3.0029
  2.9855
  3.0014
  3.0138
  3.0036
  3.0011
  2.9931
  3.0025
  2.9937
  3.0010
  3.0014
  2.9965
  2.9869
  2.9992
  2.9936
  3.0049
  3.0039
  3.0001
  2.9946
  3.0031
  3.0086
  2.9967
  2.9951
  3.0062
  3.0019
  3.0003
  3.0024
  2.9990
  2.9920
  2.9920
  3.0010
  3.0038
  2.9980
  3.0057
  2.9982
  2.9915
  2.9954
  3.0037
  3.0079
  2.9994
  2.9810
  2.9900
  3.0003
  2.9926
  3.0005
  3.0047
  2.9956
  3.0039
  2.9993
  2.9999
  2.9960
  3.0037
  3.0043
  2.9902
  3.0095
  2.9857
  2.9956
  2.9940
  2.9896
  2.9969
  2.9964
  2.9906
  3.0005
  2.9938
  2.9992
  2.9964
  2.9926
  2.9995
  2.9921
  2.9911
  2.9955
  3.0059
  3.0054
  2.9924
  2.9995
  2.9934
  2.9931
  2.9902
  2.9905
  2.9844
  2.9912
  2.9984
  2.9948
  2.9922
  2.9971
  2.9990
  2.9825
  3.0028
  3.0058
  3.0022
  2.9958
  2.9975
  2.9910
  2.9999
  2.9969
  2.9934
  3.0004
  2.9925
  3.0021
  2.9957
  2.9947
  2.9938
  3.0081
  2.9975
  2.9909
  2.9911
  2.9899
  2.9965
  2.9860
  2.9956
  3.0014
  2.9974
  2.9917
  2.9928
  2.9915
  2.9923
  2.9952
  2.9889
  2.9874
  2.9945
  2.9888
  2.9964
  3.0042
  2.9949
  2.9977
  2.9950
  2.9919
  2.9931
  2.9959
  2.9976
  2.9893
  2.9932
  2.9874
  2.9967
  2.9978
  2.9925
  2.9804
  2.9784
  3.0026
  2.9878
  2.9990
  2.9908
  2.9919
  3.0084
  2.9940
  2.9955
  3.0051
  2.9914
  2.9899
  2.9890
  2.9882
  2.9930
  2.9891
  2.9919
  2.9818
  2.9857
  2.9868
  3.0014
  2.9966
  2.9996
  2.9970
  2.9883
  2.9940
  2.9920
  2.9893
  2.9874
  2.9763
  2.9977
  2.9873
  3.0004
  2.9893
  2.9929
  2.9943
  3.0010
  2.9993
  2.9856
  2.9863
  2.9915
  2.9798
  2.9914
  2.9930
  2.9942
  2.9865
  2.9952
  2.9911
  2.9804
  2.9909
  2.9861
  2.9912
  2.9959
  2.9917
  2.9866
  2.9827
  2.9957
  2.9817
  2.9969
  2.9913
  2.9969
  2.9925
  2.9906
  2.9851
  3.0003
  2.9936
  2.9903
  2.9942
  2.9836
  2.9903
  2.9892
  2.9822
  2.9926
  2.9843
  2.9791
  2.9948
  2.9900
  2.9859
  2.9923
  2.9870
  2.9931
  2.9863
  2.9838
  2.9793
  2.9927
  2.9859
  2.9854
  2.9836
  2.9865
  2.9912
  2.9942
  2.9867
  2.9965
  2.9871
  2.9821
  2.9942
  2.9889
  2.9803
  2.9902
  3.0002
  2.9887
  2.9870
  2.9829
  2.9929
  2.9960
  2.9870
  3.0003
  2.9794
  2.9839
  2.9919
  2.9925
  2.9961
  2.9941
  2.9869
  2.9882
  2.9962
  2.9962
  2.9928
  2.9852
  2.9955
  2.9870
  2.9906
  2.9885
  2.9917
  2.9900
  3.0001
  2.9877
  2.9785
  2.9927
  2.9877
  2.9945
  2.9834
  2.9911
  2.9976
  2.9918
  2.9927
  2.9955
  2.9941
  2.9984
  2.9865
  2.9945
  2.9965
  2.9958
  2.9901
  2.9952
  2.9827
  2.9865
  2.9971
  2.9898
  2.9886
  2.9876
  2.9927
  2.9874
  2.9884
  2.9841
  2.9945
  2.9934
  2.9945
  2.9900
  2.9891
  2.9936
  2.9905
  2.9893
  2.9805
  2.9954
  2.9878
  2.9905
  2.9873
  2.9900
  2.9951
  2.9892
  2.9877
  2.9780
  2.9869
  2.9840
  2.9850
  2.9898
  2.9868
  2.9914
  2.9971
  2.9883
  2.9880
  2.9892
  2.9849
  2.9874
  2.9958
  2.9897
  3.0014
  2.9751
  2.9870
  2.9979
  2.9960
  2.9796
  2.9861
  2.9908
  2.9848
  2.9951
  2.9881
  2.9906
  2.9882
  2.9907
  3.0003
  2.9908
  2.9893
  2.9877
  2.9957
  2.9850
  3.0030
  2.9763
  2.9919
  2.9945
  2.9886
  2.9853
  2.9875
  2.9861
  2.9872
  2.9943
  2.9893
  3.0016
  2.9832
  2.9981
  2.9892
  2.9884
  2.9960
  2.9976
  2.9909
  2.9882
  2.9917
  2.9948
  3.0004
  2.9963
  2.9929
  2.9952
  3.0029
  2.9892
  2.9848
  2.9975
  2.9870
  2.9855
  2.9796
  2.9770
  2.9911
  2.9833
  2.9933
  3.0017
  2.9956
  2.9881
  2.9830
  2.9779
  2.9951
  2.9822
  2.9915
  2.9854
  2.9961
  3.0086
  2.9998
  2.9892
  2.9928
  2.9928
  2.9902
  2.9911
  2.9848
  2.9945
  2.9831
  2.9867
  2.9879
  2.9821
  2.9944
  2.9789
  2.9793
  2.9902
  2.9937
  3.0005
  3.0107
  2.9790
  2.9926
  2.9902
  2.9963
  2.9837
  2.9886
  2.9897
  2.9829
  2.9988
  2.9974
  2.9904
  2.9892
  2.9793
  2.9880
  2.9853
  2.9891
  2.9864
  2.9857
  2.9804
  2.9926
  2.9930
  2.9908
  2.9939
  2.9981
  2.9959
  2.9965
  2.9940
  2.9918
  2.9931
  2.9917
  2.9996
  2.9849
  2.9891
  2.9926
  2.9925
  2.9838
  2.9877
  2.9876
  2.9869
  2.9858
  2.9908
  2.9928
  2.9989
  2.9965
  2.9832
  2.9917
  2.9922
  2.9870
  2.9961
  2.9969
  2.9957
  2.9822
  2.9761
  2.9899
  2.9989
  2.9775
  2.9977
  2.9789
  3.0004
  2.9833
  3.0016
  2.9940
  2.9793
  3.0007
  2.9850
  2.9899
  2.9904
  2.9904
  2.9921
  2.9918
  2.9865
  2.9945
  2.9816
  2.9863
  2.9898
  2.9937
  2.9912
  3.0029
  2.9887
  2.9822
  2.9989
  2.9925
  2.9898
  2.9913
  2.9898
  2.9905
  2.9897
  2.9868
  2.9848
  2.9903
  2.9777
  2.9835
  2.9882
  2.9941
  2.9901
  2.9830
  2.9904
  2.9871
  2.9958
  2.9873
  2.9995
  2.9871
  2.9956
  2.9959
  2.9853
  2.9914
  2.9837
  2.9919
  2.9804
  2.9908
  2.9904
  2.9888
  3.0113
  2.9939
  2.9914
  2.9875
  2.9929
  2.9827
  3.0041
  2.9683
  2.9856
  2.9863
  2.9904
  2.9877
  2.9874
  2.9901
  2.9981
  2.9865
  2.9911
  2.9965
  2.9855
  2.9903
  2.9892
  2.9899
  2.9952
  2.9968
  3.0026
  2.9848
  2.9948
  3.0005
  2.9972
  3.0002
  3.0000
  2.9889
  2.9773
  2.9966
  2.9944
  2.9904
  2.9962
  2.9906
  2.9813
  2.9855
  2.9856
  2.9810
  2.9815
  2.9903
  2.9970
  2.9814
  2.9899
  2.9905
  2.9987
  2.9880
  2.9845
  2.9926
  2.9921
  2.9914
  2.9924
  2.9888
  2.9891
  2.9885
  2.9872
  2.9919
  2.9874
  2.9898
  2.9860
  2.9914
  2.9881
  2.9890
  2.9874
  2.9960
  2.9844
  2.9848
  2.9826
  2.9956
  2.9836
  2.9886
  2.9928
  2.9837
  2.9873
  2.9804
  2.9984
  2.9952
  2.9980
  2.9930
  2.9943
  2.9859
  2.9851
  2.9976
  2.9915
  2.9992
  2.9838
  2.9838
  3.0014
  2.9989
  2.9880
  3.0000
  2.9985
  2.9851
  2.9896
  2.9902
  2.9889
  2.9904
  2.9854
  3.0003
  2.9903
  2.9808
  2.9844
  2.9855
  2.9851
  2.9935
  2.9933
  3.0022
  2.9945
  2.9941
  2.9964
  2.9851
  2.9844
  2.9828
  2.9873
  2.9735
  2.9850
  2.9851
  2.9896
  2.9903
  2.9888
  2.9882
  2.9887
  2.9885
  2.9861
  2.9873
  2.9944
  2.9968
  2.9856
  2.9774
  2.9952
  2.9885
  2.9859
  2.9857
  2.9858
  2.9924
  2.9890
  2.9808
  2.9945
  2.9940
  2.9871
  2.9854
  2.9984
  2.9906
  2.9867
  2.9807
  2.9875
  2.9934
  2.9988
  2.9866
  2.9946
  2.9879
  2.9856
  2.9952
  2.9774
  2.9904
  2.9830
  3.0002
  2.9950
  2.9851
  2.9863
  2.9887
  2.9908
  2.9892
  2.9944
  2.9958
  2.9750
  2.9832
  2.9835
  2.9915
  2.9803
  2.9973
  2.9792
  2.9833
  2.9892
  2.9867
  3.0001
  2.9819
  2.9962
  2.9857
  3.0069
  2.9934
  2.9826
  2.9867
  2.9949
  2.9878
  2.9869
  2.9824
  2.9898
  2.9926
  2.9868
  2.9984
  2.9985
  2.9888
  2.9951
  2.9987
  2.9849
  2.9944
  3.0015
  2.9985
  2.9787
  2.9964
  2.9945
  2.9828
  2.9949
  2.9919
  2.9865
  2.9855
  2.9828
  2.9909
  3.0020
  2.9828
  2.9830
  2.9898
  3.0101
  2.9898
  2.9903
  2.9865
  2.9916
  2.9830
  2.9888
  2.9902
  2.9961
  2.9943
  2.9904
  2.9792
  2.9992
  2.9871
  2.9811
  2.9848
  2.9868
  2.9896
  2.9929
  2.9879
  2.9757
  2.9867
  2.9926
  2.9824
  2.9900
  2.9940
  2.9876
  2.9803
  2.9962
  2.9779
  2.9903
  2.9850
  2.9964
  2.9905
  2.9855
  2.9974
  2.9817
  2.9693
  2.9836
  2.9929
  2.9913
  2.9855
  2.9934
  2.9898
  2.9823
  2.9885
  2.9933
  2.9986
  2.9889
  2.9871
  2.9895
  2.9960
  2.9913
  2.9848
  2.9996
  2.9879
  2.9817
  2.9852
  2.9892
  2.9834
  2.9929
  2.9948
  2.9887
  2.9791
  2.9772
  2.9912
  2.9831
  2.9926
  2.9825
  2.9802
  2.9877
  2.9840
  2.9861
  2.9970
  2.9937
  2.9833
  2.9924
  2.9880
  2.9825
  2.9778
  2.9854
  2.9924
  2.9950
  2.9955
  2.9943
  3.0004
  2.9866
  2.9943
  2.9975
  2.9883
  2.9929
  2.9901
  2.9884
  2.9886
  2.9914
  2.9943
  2.9924
  2.9788
  2.9853
  2.9870
  2.9860
  2.9873
  2.9868
  2.9935
  2.9922
  2.9862
  2.9890
  2.9950
  2.9953
  2.9745
  2.9873
  2.9814
  2.9915
  2.9961
  2.9890
  2.9901
  2.9845
  2.9907
  3.0019
  3.0042
  2.9879
  2.9835
  2.9799
  2.9995
  2.9947
  2.9931
  2.9804
  2.9871
  2.9902
  2.9804
  2.9890
  2.9883
  2.9893
  2.9969
  2.9875
  2.9992
  2.9847
  2.9898
  2.9853
  2.9926
  2.9917
  2.9839
  2.9988
  2.9805
  2.9975
  2.9869
  2.9868
  3.0008
  2.9872
  2.9840
  2.9849
  2.9837
  2.9885
  2.9859
  2.9918
  2.9884
  2.9875
  2.9714
  2.9902
  2.9860
  2.9867
  2.9935
  2.9922
  2.9929
  2.9814
  2.9785
  2.9860
  2.9927
  2.9781
  2.9865
  2.9943
  2.9748
  2.9901
  2.9893
  2.9900
  2.9871
  2.9824
  2.9911
  2.9802
  2.9943
  2.9909
  2.9820
  2.9879
  2.9929
  2.9836
  2.9900
  2.9849
  2.9889
  2.9908
  2.9841
  2.9929
  2.9821
  2.9932
  2.9913
  2.9900
  2.9886
  2.9988
  2.9860
  2.9893
  2.9917
  2.9903
  2.9990
  2.9893
  2.9994
  2.9954
  2.9909
  2.9905
  2.9868
  2.9892
  2.9874
  2.9993
  2.9849
  2.9860
  2.9825
  2.9958
  2.9907
  2.9957
  3.0009
  2.9889
  3.0012
  2.9868
  2.9915
  2.9872
  2.9909
  2.9847
  2.9816
  2.9877
  2.9838
  2.9878
  2.9897
  2.9840
  2.9887
  2.9846
  2.9950
  2.9848
  2.9781
  2.9932
  2.9851
  2.9876
  2.9905
  2.9948
  2.9947
  2.9963
  2.9822
  2.9909
  2.9897
  2.9898
  2.9887
  2.9887
  2.9978
  2.9871
  2.9834
  2.9932
  2.9914
  2.9896
  2.9828
  2.9779
  2.9836
  2.9958
  2.9799
  2.9829
  2.9827
  2.9904
  2.9974
  2.9903
  2.9827
  2.9902
  2.9832
  2.9878
  2.9885
  2.9861
  2.9990
  2.9950
  2.9883
  2.9929
  2.9977
  2.9771
  2.9862
  2.9884
  2.9849
  2.9913
  2.9838
  2.9915
  2.9923
  2.9889
  2.9823
  2.9959
  3.0009
  2.9854
  2.9958
  2.9809
  2.9810
  2.9889
  2.9899
  2.9857
  3.0056
  3.0047
  2.9898
  2.9843
  2.9856
  2.9893
  3.0066
  2.9847
  2.9913
  2.9822
  2.9929
  2.9833
  2.9874
  2.9908
  2.9794
  2.9844
  2.9952
  2.9841
  2.9878
  2.9952
  2.9891
  2.9870
  2.9839
  2.9837
  2.9935
  2.9941
  2.9940
  2.9927
  2.9881
  2.9977
  2.9912
  2.9915
  2.9861
  2.9858
  2.9867
  2.9987
  2.9897
  2.9958
  2.9873
  2.9876
  2.9980
  2.9884
  2.9871
  2.9877
  2.9893
  2.9915
  2.9872
  2.9872
  2.9946
  2.9908
  2.9796
  2.9925
  2.9887
  2.9951
  2.9834
  2.9845
  2.9917
  2.9836
  2.9910
  2.9870
  2.9792
  2.9872
  2.9866
  2.9889
  2.9816
  2.9949
  2.9810
  2.9915
  2.9850
  2.9932
  2.9867
  2.9849
  2.9917
  2.9856
  2.9885
  2.9937
  2.9801
  2.9852
  2.9935
  2.9768
  2.9964
  2.9853
  2.9851
  2.9813
  2.9954
  2.9817
  2.9871
  2.9925
  2.9855
  2.9879
  2.9857
  2.9828
  2.9959
  2.9856
  2.9919
  2.9999
  3.0009
  2.9892
  2.9884
  2.9798
  2.9828
  2.9932
  2.9927
  2.9893
  2.9862
  2.9926
  2.9944
  2.9905
  2.9885
  2.9807
  2.9972
  2.9900
  2.9788
  2.9930
  2.9867
  2.9904
  2.9836
  2.9962
  2.9940
  2.9976
  2.9732
  2.9875
  2.9843
  2.9976
  2.9914
  2.9995
  2.9978
  2.9829
  2.9919
  2.9941
  2.9988
  2.9869
  2.9989
  2.9911
  2.9839
  2.9893
  2.9790
  2.9943
  2.9871
  2.9983
  2.9907
  2.9873
  2.9876
  2.9959
  3.0035
  2.9913
  2.9886
  2.9731
  2.9784
  2.9870
  2.9958
  2.9930
  2.9875
  2.9956
  2.9962
  2.9916
  2.9936
  2.9822
  2.9872
  2.9909
  2.9898
  2.9830
  2.9871
  2.9857
  2.9930
  2.9838
  2.9983
  2.9954
  2.9876
  2.9933
  2.9857
  2.9867
  2.9931
  2.9836
  2.9866
  2.9890
  2.9844
  2.9971
  2.9912
  2.9904
  2.9874
  2.9912
  2.9875
  2.9834
  2.9900
  2.9854
  2.9802
  2.9902
  2.9914
  2.9853
  3.0012
  2.9938
  2.9885
  2.9894
  2.9950
  2.9969
  2.9863
  2.9888
  2.9780
  2.9866
  2.9928
  2.9939
  2.9908
  2.9856
  2.9941
  2.9880
  2.9858
  2.9910
  2.9924
  2.9912
  2.9834
  2.9821
  2.9853
  2.9940
  2.9934
  2.9935
  2.9834
  2.9969
  2.9903
  2.9836
  2.9789
  2.9967
  2.9814
  2.9782
  2.9840
  2.9871
  2.9731
  2.9829
  2.9848
  2.9866
  2.9974
  2.9872
  2.9855
  2.9901
  2.9826
  2.9943
  2.9845
  2.9834
  2.9817
  2.9875
  2.9941
  2.9888
  2.9942
  2.9866
  2.9890
  2.9844
  2.9873
  2.9766
  2.9887
  2.9910
  2.9903
  2.9868
  2.9943
  3.0021
  2.9961
  2.9906
  2.9903
  2.9873
  2.9777
  2.9819
  2.9862
  2.9866
  2.9893
  2.9885
  2.9940
  2.9874
  2.9905
  2.9836
  2.9849
  2.9928
  2.9785
  2.9987
  2.9938
  2.9845
  2.9957
  2.9842
  2.9804
  2.9979
  2.9899
  2.9830
  2.9852
  2.9957
  2.9946
  2.9866
  2.9854
  2.9886
  2.9944
  2.9940
  2.9876
  2.9895
  2.9902
  2.9871
  2.9953
  2.9921
  2.9840
  2.9935
  2.9896
  2.9887
  2.9901
  2.9947
  2.9871
  2.9846
  2.9900
  2.9899
  2.9880
  2.9962
  2.9927
  2.9836
  2.9921
  2.9881
  2.9903
  2.9898
  2.9877
  2.9873
  2.9862
  2.9856
  2.9802
  2.9868
  2.9854
  2.9849
  2.9886
  2.9901
  2.9978
  2.9964
  2.9845
  2.9836
  2.9787
  2.9961
  2.9924
  2.9941
  2.9895
  2.9960
  2.9954
  2.9963
  2.9792
  2.9799
  2.9952
  2.9854
  2.9795
  2.9839
  2.9778
  2.9965
  2.9935
  2.9740
  2.9832
  2.9875
  2.9771
  2.9850
  2.9939
  2.9853
  2.9836
  2.9869
  2.9944
  2.9889
  2.9851
  2.9897
  2.9846
  2.9790
  2.9848
  2.9903
  2.9876
  2.9891
  2.9963
  2.9898
  2.9860
  2.9846
  2.9870
  2.9907
  2.9930
  2.9964
  2.9973
  2.9981
  3.0031
  2.9822
  2.9808
  2.9887
  2.9887
  2.9942
  2.9882
  2.9883
  2.9852
  2.9964
  2.9779
  2.9877
  2.9862
  2.9900
  2.9925
  2.9944
  2.9947
  2.9916
  2.9824
  2.9841
  2.9798
  2.9961
  2.9907
  2.9916
  2.9893
  2.9942
  2.9971
  2.9892
  3.0015
  2.9913
  2.9899
  2.9880
  2.9880
  2.9941
  2.9833
  2.9934
  2.9878
  2.9825
  2.9881
  2.9909
  2.9945
  2.9867
  2.9940
  2.9875
  2.9909
  2.9900
  2.9900
  2.9940
  2.9933
  2.9880
  2.9851
  2.9891
  2.9896
  2.9915
  2.9856
  3.0051
  2.9958
  2.9869
  2.9926
  2.9829
  2.9960
  2.9855
  2.9933
  2.9916
  2.9865
  2.9888
  2.9994
  2.9862
  3.0024
  2.9867
  2.9906
  2.9912
  3.0011
  2.9865
  2.9899
  2.9992
  2.9962
  2.9872
  2.9988
  2.9961
  2.9846
  2.9843
  2.9960
  2.9881
  2.9877
  3.0007
  2.9827
  2.9935
  2.9958
  2.9924
  2.9817
  2.9871
  2.9938
  2.9847
  2.9914
  2.9902
  2.9815
  2.9921
  2.9890
  2.9900
  2.9840
  2.9928
  2.9863
  2.9957
  2.9941
  2.9854
  2.9943
  2.9935
  2.9914
  2.9862
  2.9897
  2.9908
  2.9918
  2.9879
  2.9818
  2.9819
  2.9752
  2.9801
  2.9794
  2.9886
  2.9869
  2.9960
  2.9879
  2.9953
  2.9844
  2.9970
  3.0062
  2.9861
  2.9885
  2.9874
  2.9848
  2.9942
  2.9894
  2.9905
  2.9908
  2.9878
  2.9896
  2.9806
  2.9848
  2.9898
  2.9965
  2.9833
  2.9860
  2.9873
  2.9954
  2.9822
  2.9867
  2.9812
  2.9908
  2.9788
  2.9763
  2.9890
  2.9890
  2.9947
  2.9934
  2.9965
  3.0022
  2.9820
  2.9858
  2.9852
  2.9836
  2.9858
  2.9993
  3.0013
  2.9866
  2.9823
  2.9812
  2.9960
  2.9930
  2.9946
  2.9938
  2.9913
  2.9995
  2.9853
  2.9805
  2.9901
  2.9854
  2.9872
  2.9897
  2.9783
  2.9834
  2.9884
  2.9793
  2.9869
  2.9840
  2.9890
  2.9820
  2.9914
  2.9798
  2.9929
  2.9927
  2.9889
  2.9830
  2.9942
  2.9844
  2.9824
  2.9924
  2.9954
  2.9938
  2.9927
  2.9883
  2.9841
  2.9796
  2.9850
  2.9914
  2.9799
  2.9911
  2.9960
  2.9854
  2.9898
  2.9945
  2.9914
  2.9817
  2.9793
  2.9793
  2.9943
  2.9811
  2.9793
  2.9872
  2.9847
  2.9823
  2.9898
  2.9812
  2.9905
  2.9902
  2.9753
  2.9955
  2.9963
  2.9926
  2.9849
  2.9870
  2.9902
  2.9869
  2.9793
  2.9863
  2.9821
  2.9896
  2.9955
  2.9700
  2.9855
  2.9793
  2.9893
  2.9819
  2.9791
  2.9865
  2.9934
  3.0006
  2.9811
  2.9937
  2.9820
  2.9976
  2.9862
  2.9891
  2.9933
  2.9890
  2.9897
  2.9838
  2.9863
  2.9870
  2.9833
  2.9910
  2.9963
  2.9942
  2.9870
  2.9916
  2.9931
  2.9839
  2.9867
  2.9954
  2.9839
  2.9841
  2.9854
  2.9968
  2.9982
  2.9955
  2.9945
  2.9929
  2.9858
  2.9753
  2.9853
  2.9970
  2.9952
  2.9905
  2.9863
  2.9931
  2.9825
  2.9756
  2.9891
  2.9872
  2.9963
  2.9974
  2.9905
  2.9888
  2.9956
  2.9785
  2.9948
  2.9865
  2.9925
  2.9837
  2.9832
  2.9883
  2.9943
