C1431410.112735
Gadanki 14/03/2014 10:10:57 14/03/2014 10:11:27 0375 0079.2 0013.5 00
0000000 0020 0000600 0020 01
1 0 2 02000 1 0000 0030 00532.o 0 0 00 000 14 000600 0.500 BT0
532.000 .o analog 0 
  3.0328
 21.2885
 18.4672
 10.9765
 12.2857
 13.7490
 17.1071
 27.1725
 37.4384
 40.9927
 40.1965
 36.4707
 32.2276
 28.8041
 25.7521
 22.9588
 20.4845
 19.0702
 17.2840
 15.8391
 14.5428
 13.5749
 12.6526
 11.8184
 10.9267
 10.2388
  9.6286
  9.0978
  8.5970
  8.0195
  7.4652
  7.0544
  6.6000
  6.3807
  6.1622
  6.0025
  5.8199
  5.6476
  5.4752
  5.3312
  5.2219
  5.0663
  4.9755
  4.8887
  4.7836
  4.6866
  4.5592
  4.4521
  4.3913
  4.3702
  4.2737
  4.1779
  4.1001
  4.1192
  4.1236
  4.0909
  4.0447
  3.9266
  3.9454
  3.9580
  3.9315
  3.8330
  3.7612
  3.7469
  3.7390
  3.6807
  3.6424
  3.6110
  3.6268
  3.5921
  3.5579
  3.5340
  3.5145
  3.4713
  3.4728
  3.4558
  3.4370
  3.4235
  3.4188
  3.4230
  3.4319
  3.4549
  3.4382
  3.3461
  3.3352
  3.3339
  3.3103
  3.3145
  3.2938
  3.2955
  3.2992
  3.2827
  3.2764
  3.2599
  3.2583
  3.2602
  3.2407
  3.2289
  3.2298
  3.2352
  3.2155
  3.2169
  3.2011
  3.2118
  3.2032
  3.1984
  3.2010
  3.1818
  3.1972
  3.1935
  3.1920
  3.1778
  3.1736
  3.1616
  3.1637
  3.1779
  3.1648
  3.1789
  3.1607
  3.1602
  3.1613
  3.1556
  3.1451
  3.1477
  3.1525
  3.1524
  3.1387
  3.1228
  3.1491
  3.1373
  3.1366
  3.1328
  3.1209
  3.1330
  3.1354
  3.1326
  3.1226
  3.1407
  3.1216
  3.1147
  3.1188
  3.1177
  3.1172
  3.1218
  3.1233
  3.1077
  3.0997
  3.1150
  3.1137
  3.1164
  3.1065
  3.1011
  3.0980
  3.1069
  3.0965
  3.1043
  3.1058
  3.1090
  3.1051
  3.0959
  3.1026
  3.0858
  3.0931
  3.0979
  3.0890
  3.0816
  3.0864
  3.0927
  3.0922
  3.0790
  3.0724
  3.0788
  3.0881
  3.0857
  3.0704
  3.0838
  3.0838
  3.0878
  3.0835
  3.0765
  3.0878
  3.0790
  3.0912
  3.0851
  3.0771
  3.0880
  3.0806
  3.0789
  3.0666
  3.0686
  3.0793
  3.0781
  3.0736
  3.0770
  3.0805
  3.0754
  3.0720
  3.0698
  3.0655
  3.0761
  3.0633
  3.0696
  3.0645
  3.0774
  3.0679
  3.0721
  3.0624
  3.0657
  3.0681
  3.0564
  3.0684
  3.0718
  3.0678
  3.0695
  3.0574
  3.0718
  3.0685
  3.0675
  3.0693
  3.0611
  3.0712
  3.0631
  3.0850
  3.0618
  3.0629
  3.0684
  3.0642
  3.0602
  3.0768
  3.0543
  3.0595
  3.0689
  3.0726
  3.0606
  3.0567
  3.0623
  3.0524
  3.0607
  3.0559
  3.0586
  3.0667
  3.0633
  3.0638
  3.0691
  3.0556
  3.0677
  3.0605
  3.0664
  3.0531
  3.0625
  3.0528
  3.0574
  3.0654
  3.0597
  3.0511
  3.0527
  3.0617
  3.0627
  3.0554
  3.0580
  3.0523
  3.0502
  3.0547
  3.0457
  3.0403
  3.0509
  3.0546
  3.0536
  3.0489
  3.0515
  3.0454
  3.0577
  3.0630
  3.0590
  3.0542
  3.0497
  3.0558
  3.0431
  3.0577
  3.0438
  3.0476
  3.0524
  3.0517
  3.0601
  3.0581
  3.0599
  3.0535
  3.0519
  3.0555
  3.0499
  3.0446
  3.0531
  3.0517
  3.0473
  3.0401
  3.0389
  3.0526
  3.0547
  3.0534
  3.0501
  3.0385
  3.0490
  3.0598
  3.0514
  3.0417
  3.0509
  3.0546
  3.0472
  3.0472
  3.0490
  3.0552
  3.0538
  3.0451
  3.0453
  3.0414
  3.0455
  3.0556
  3.0437
  3.0484
  3.0390
  3.0498
  3.0442
  3.0606
  3.0507
  3.0555
  3.0496
  3.0519
  3.0504
  3.0472
  3.0503
  3.0515
  3.0516
  3.0450
  3.0407
  3.0561
  3.0489
  3.0450
  3.0517
  3.0575
  3.0405
  3.0435
  3.0400
  3.0422
  3.0423
  3.0475
  3.0384
  3.0481
  3.0381
  3.0405
  3.0522
  3.0461
  3.0413
  3.0475
  3.0501
  3.0536
  3.0412
  3.0442
  3.0453
  3.0513
  3.0515
  3.0429
  3.0494
  3.0392
  3.0491
  3.0452
  3.0485
  3.0445
  3.0569
  3.0406
  3.0535
  3.0495
  3.0565
  3.0472
  3.0463
  3.0407
  3.0446
  3.0497
  3.0384
  3.0422
  3.0420
  3.0428
  3.0524
  3.0497
  3.0585
  3.0514
  3.0488
  3.0514
  3.0599
  3.0471
  3.0444
  3.0402
  3.0449
  3.0347
  3.0462
  3.0445
  3.0382
  3.0512
  3.0400
  3.0394
  3.0564
  3.0495
  3.0484
  3.0466
  3.0434
  3.0523
  3.0363
  3.0379
  3.0526
  3.0423
  3.0384
  3.0398
  3.0421
  3.0522
  3.0477
  3.0400
  3.0458
  3.0467
  3.0482
  3.0414
  3.0537
  3.0444
  3.0334
  3.0444
  3.0570
  3.0466
  3.0381
  3.0486
  3.0487
  3.0413
  3.0397
  3.0429
  3.0392
  3.0418
  3.0458
  3.0509
  3.0461
  3.0462
  3.0456
  3.0437
  3.0426
  3.0413
  3.0407
  3.0504
  3.0359
  3.0377
  3.0421
  3.0438
  3.0415
  3.0466
  3.0408
  3.0417
  3.0411
  3.0318
  3.0403
  3.0386
  3.0285
  3.0481
  3.0471
  3.0494
  3.0317
  3.0478
  3.0347
  3.0419
  3.0452
  3.0405
  3.0283
  3.0399
  3.0399
  3.0417
  3.0447
  3.0359
  3.0433
  3.0446
  3.0387
  3.0440
  3.0455
  3.0418
  3.0347
  3.0418
  3.0448
  3.0470
  3.0537
  3.0440
  3.0448
  3.0404
  3.0399
  3.0430
  3.0383
  3.0414
  3.0403
  3.0384
  3.0405
  3.0445
  3.0505
  3.0450
  3.0418
  3.0432
  3.0470
  3.0454
  3.0458
  3.0436
  3.0522
  3.0487
  3.0515
  3.0436
  3.0444
  3.0396
  3.0430
  3.0427
  3.0486
  3.0392
  3.0320
  3.0409
  3.0390
  3.0434
  3.0322
  3.0382
  3.0426
  3.0443
  3.0401
  3.0448
  3.0470
  3.0428
  3.0456
  3.0370
  3.0433
  3.0241
  3.0374
  3.0453
  3.0342
  3.0293
  3.0387
  3.0428
  3.0414
  3.0445
  3.0415
  3.0456
  3.0441
  3.0389
  3.0404
  3.0374
  3.0453
  3.0491
  3.0375
  3.0334
  3.0446
  3.0359
  3.0472
  3.0384
  3.0535
  3.0512
  3.0385
  3.0454
  3.0457
  3.0472
  3.0466
  3.0518
  3.0440
  3.0327
  3.0416
  3.0416
  3.0564
  3.0441
  3.0486
  3.0406
  3.0350
  3.0327
  3.0445
  3.0434
  3.0333
  3.0487
  3.0553
  3.0501
  3.0384
  3.0417
  3.0496
  3.0396
  3.0398
  3.0478
  3.0488
  3.0358
  3.0446
  3.0550
  3.0492
  3.0484
  3.0431
  3.0462
  3.0320
  3.0428
  3.0421
  3.0387
  3.0545
  3.0429
  3.0480
  3.0435
  3.0372
  3.0438
  3.0536
  3.0502
  3.0411
  3.0437
  3.0403
  3.0378
  3.0398
  3.0398
  3.0442
  3.0598
  3.0439
  3.0335
  3.0384
  3.0375
  3.0464
  3.0496
  3.0402
  3.0449
  3.0397
  3.0431
  3.0467
  3.0315
  3.0320
  3.0320
  3.0451
  3.0390
  3.0487
  3.0326
  3.0380
  3.0365
  3.0309
  3.0416
  3.0402
  3.0444
  3.0467
  3.0334
  3.0487
  3.0360
  3.0396
  3.0476
  3.0453
  3.0314
  3.0386
  3.0508
  3.0324
  3.0398
  3.0401
  3.0391
  3.0407
  3.0473
  3.0489
  3.0451
  3.0444
  3.0396
  3.0354
  3.0412
  3.0530
  3.0404
  3.0451
  3.0442
  3.0449
  3.0415
  3.0475
  3.0381
  3.0429
  3.0543
  3.0375
  3.0441
  3.0518
  3.0329
  3.0618
  3.0448
  3.0430
  3.0264
  3.0392
  3.0454
  3.0477
  3.0511
  3.0436
  3.0380
  3.0497
  3.0437
  3.0438
  3.0460
  3.0379
  3.0388
  3.0495
  3.0475
  3.0441
  3.0460
  3.0453
  3.0455
  3.0477
  3.0594
  3.0281
  3.0341
  3.0451
  3.0386
  3.0469
  3.0472
  3.0478
  3.0439
  3.0422
  3.0382
  3.0294
  3.0541
  3.0363
  3.0434
  3.0516
  3.0320
  3.0267
  3.0308
  3.0405
  3.0503
  3.0390
  3.0390
  3.0447
  3.0419
  3.0350
  3.0457
  3.0426
  3.0392
  3.0496
  3.0534
  3.0326
  3.0453
  3.0450
  3.0354
  3.0394
  3.0363
  3.0414
  3.0503
  3.0516
  3.0335
  3.0458
  3.0417
  3.0369
  3.0360
  3.0352
  3.0503
  3.0436
  3.0360
  3.0440
  3.0528
  3.0452
  3.0446
  3.0268
  3.0479
  3.0349
  3.0362
  3.0401
  3.0432
  3.0293
  3.0448
  3.0470
  3.0448
  3.0418
  3.0347
  3.0384
  3.0377
  3.0433
  3.0451
  3.0452
  3.0439
  3.0431
  3.0407
  3.0485
  3.0360
  3.0438
  3.0435
  3.0365
  3.0333
  3.0310
  3.0452
  3.0340
  3.0410
  3.0443
  3.0356
  3.0283
  3.0468
  3.0405
  3.0463
  3.0355
  3.0341
  3.0537
  3.0489
  3.0469
  3.0382
  3.0347
  3.0406
  3.0377
  3.0380
  3.0439
  3.0391
  3.0216
  3.0363
  3.0528
  3.0270
  3.0418
  3.0441
  3.0458
  3.0479
  3.0465
  3.0474
  3.0313
  3.0435
  3.0451
  3.0430
  3.0330
  3.0378
  3.0311
  3.0442
  3.0429
  3.0514
  3.0505
  3.0409
  3.0403
  3.0438
  3.0419
  3.0394
  3.0413
  3.0418
  3.0349
  3.0523
  3.0410
  3.0488
  3.0395
  3.0451
  3.0367
  3.0358
  3.0316
  3.0362
  3.0463
  3.0403
  3.0392
  3.0450
  3.0390
  3.0466
  3.0469
  3.0293
  3.0295
  3.0315
  3.0379
  3.0388
  3.0390
  3.0501
  3.0445
  3.0344
  3.0386
  3.0430
  3.0439
  3.0408
  3.0380
  3.0313
  3.0501
  3.0411
  3.0447
  3.0426
  3.0444
  3.0382
  3.0457
  3.0368
  3.0426
  3.0392
  3.0390
  3.0321
  3.0491
  3.0437
  3.0482
  3.0428
  3.0400
  3.0447
  3.0408
  3.0465
  3.0299
  3.0450
  3.0360
  3.0447
  3.0471
  3.0303
  3.0312
  3.0327
  3.0451
  3.0480
  3.0437
  3.0428
  3.0481
  3.0312
  3.0370
  3.0411
  3.0498
  3.0376
  3.0424
  3.0462
  3.0410
  3.0429
  3.0388
  3.0374
  3.0403
  3.0402
  3.0413
  3.0401
  3.0415
  3.0407
  3.0414
  3.0458
  3.0397
  3.0421
  3.0406
  3.0520
  3.0532
  3.0393
  3.0347
  3.0356
  3.0373
  3.0421
  3.0437
  3.0492
  3.0488
  3.0533
  3.0360
  3.0349
  3.0392
  3.0293
  3.0446
  3.0478
  3.0526
  3.0426
  3.0368
  3.0453
  3.0327
  3.0481
  3.0387
  3.0332
  3.0500
  3.0372
  3.0314
  3.0333
  3.0464
  3.0363
  3.0315
  3.0415
  3.0479
  3.0373
  3.0334
  3.0401
  3.0376
  3.0444
  3.0461
  3.0415
  3.0354
  3.0402
  3.0400
  3.0371
  3.0417
  3.0450
  3.0414
  3.0445
  3.0411
  3.0433
  3.0375
  3.0427
  3.0536
  3.0390
  3.0430
  3.0440
  3.0296
  3.0421
  3.0353
  3.0367
  3.0498
  3.0371
  3.0431
  3.0427
  3.0428
  3.0440
  3.0443
  3.0402
  3.0534
  3.0433
  3.0396
  3.0383
  3.0385
  3.0575
  3.0420
  3.0471
  3.0375
  3.0420
  3.0349
  3.0394
  3.0401
  3.0405
  3.0420
  3.0348
  3.0339
  3.0423
  3.0408
  3.0462
  3.0399
  3.0358
  3.0382
  3.0431
  3.0403
  3.0346
  3.0282
  3.0484
  3.0430
  3.0385
  3.0409
  3.0428
  3.0318
  3.0435
  3.0433
  3.0401
  3.0349
  3.0463
  3.0527
  3.0481
  3.0471
  3.0447
  3.0397
  3.0515
  3.0407
  3.0367
  3.0384
  3.0430
  3.0391
  3.0393
  3.0441
  3.0424
  3.0371
  3.0486
  3.0472
  3.0403
  3.0456
  3.0426
  3.0486
  3.0359
  3.0489
  3.0434
  3.0427
  3.0360
  3.0412
  3.0436
  3.0368
  3.0383
  3.0353
  3.0319
  3.0521
  3.0389
  3.0402
  3.0358
  3.0383
  3.0432
  3.0424
  3.0384
  3.0367
  3.0465
  3.0557
  3.0382
  3.0388
  3.0378
  3.0401
  3.0456
  3.0518
  3.0426
  3.0358
  3.0408
  3.0291
  3.0501
  3.0383
  3.0429
  3.0489
  3.0463
  3.0467
  3.0399
  3.0584
  3.0478
  3.0346
  3.0447
  3.0435
  3.0360
  3.0299
  3.0467
  3.0380
  3.0387
  3.0331
  3.0471
  3.0427
  3.0504
  3.0267
  3.0394
  3.0414
  3.0390
  3.0487
  3.0379
  3.0443
  3.0442
  3.0420
  3.0544
  3.0378
  3.0386
  3.0418
  3.0393
  3.0428
  3.0499
  3.0491
  3.0397
  3.0419
  3.0480
  3.0315
  3.0427
  3.0394
  3.0398
  3.0420
  3.0386
  3.0334
  3.0390
  3.0338
  3.0539
  3.0382
  3.0299
  3.0466
  3.0367
  3.0350
  3.0434
  3.0465
  3.0358
  3.0398
  3.0367
  3.0388
  3.0369
  3.0329
  3.0314
  3.0353
  3.0453
  3.0472
  3.0383
  3.0369
  3.0328
  3.0373
  3.0465
  3.0310
  3.0438
  3.0433
  3.0185
  3.0298
  3.0363
  3.0356
  3.0256
  3.0506
  3.0286
  3.0307
  3.0462
  3.0421
  3.0320
  3.0380
  3.0398
  3.0427
  3.0419
  3.0335
  3.0402
  3.0426
  3.0378
  3.0355
  3.0446
  3.0482
  3.0376
  3.0378
  3.0385
  3.0418
  3.0432
  3.0513
  3.0432
  3.0515
  3.0469
  3.0487
  3.0327
  3.0470
  3.0405
  3.0380
  3.0382
  3.0359
  3.0291
  3.0499
  3.0445
  3.0450
  3.0283
  3.0406
  3.0429
  3.0482
  3.0496
  3.0394
  3.0352
  3.0308
  3.0423
  3.0429
  3.0279
  3.0308
  3.0371
  3.0411
  3.0352
  3.0328
  3.0493
  3.0333
  3.0378
  3.0369
  3.0282
  3.0363
  3.0399
  3.0387
  3.0475
  3.0408
  3.0401
  3.0342
  3.0406
  3.0467
  3.0530
  3.0438
  3.0410
  3.0445
  3.0463
  3.0467
  3.0388
  3.0523
  3.0386
  3.0492
  3.0406
  3.0301
  3.0445
  3.0430
  3.0494
  3.0394
  3.0440
  3.0365
  3.0316
  3.0392
  3.0430
  3.0346
  3.0383
  3.0403
  3.0512
  3.0538
  3.0441
  3.0418
  3.0440
  3.0445
  3.0374
  3.0419
  3.0356
  3.0356
  3.0498
  3.0406
  3.0349
  3.0349
  3.0461
  3.0427
  3.0383
  3.0364
  3.0344
  3.0459
  3.0354
  3.0418
  3.0341
  3.0519
  3.0360
  3.0310
  3.0466
  3.0431
  3.0474
  3.0350
  3.0390
  3.0292
  3.0487
  3.0318
  3.0331
  3.0346
  3.0447
  3.0364
  3.0467
  3.0338
  3.0276
  3.0347
  3.0423
  3.0422
  3.0587
  3.0412
  3.0332
  3.0354
  3.0465
  3.0436
  3.0436
  3.0304
  3.0215
  3.0454
  3.0358
  3.0335
  3.0459
  3.0429
  3.0380
  3.0343
  3.0445
  3.0354
  3.0426
  3.0400
  3.0377
  3.0434
  3.0317
  3.0427
  3.0436
  3.0464
  3.0422
  3.0402
  3.0262
  3.0438
  3.0359
  3.0377
  3.0481
  3.0568
  3.0459
  3.0429
  3.0345
  3.0398
  3.0440
  3.0352
  3.0408
  3.0445
  3.0304
  3.0416
  3.0495
  3.0386
  3.0339
  3.0342
  3.0451
  3.0344
  3.0384
  3.0455
  3.0358
  3.0427
  3.0400
  3.0514
  3.0468
  3.0406
  3.0345
  3.0422
  3.0440
  3.0522
  3.0360
  3.0429
  3.0325
  3.0370
  3.0353
  3.0408
  3.0382
  3.0426
  3.0371
  3.0325
  3.0456
  3.0439
  3.0391
  3.0460
  3.0320
  3.0323
  3.0516
  3.0327
  3.0384
  3.0386
  3.0362
  3.0350
  3.0351
  3.0290
  3.0349
  3.0395
  3.0368
  3.0328
  3.0433
  3.0379
  3.0441
  3.0421
  3.0370
  3.0361
  3.0311
  3.0375
  3.0407
  3.0322
  3.0431
  3.0465
  3.0436
  3.0369
  3.0348
  3.0413
  3.0363
  3.0370
  3.0366
  3.0432
  3.0422
  3.0352
  3.0445
  3.0397
  3.0490
  3.0487
  3.0438
  3.0484
  3.0476
  3.0371
  3.0414
  3.0443
  3.0426
  3.0400
  3.0468
  3.0421
  3.0294
  3.0403
  3.0384
  3.0421
  3.0410
  3.0499
  3.0374
  3.0414
  3.0386
  3.0491
  3.0387
  3.0467
  3.0372
  3.0559
  3.0339
  3.0263
  3.0337
  3.0363
  3.0463
  3.0471
  3.0395
  3.0348
  3.0301
  3.0404
  3.0424
  3.0413
  3.0385
  3.0394
  3.0471
  3.0421
  3.0458
  3.0445
  3.0453
  3.0378
  3.0544
  3.0503
  3.0333
  3.0468
  3.0341
  3.0416
  3.0318
  3.0421
  3.0383
  3.0487
  3.0368
  3.0528
  3.0362
  3.0364
  3.0530
  3.0452
  3.0354
  3.0306
  3.0377
  3.0396
  3.0329
  3.0405
  3.0440
  3.0506
  3.0499
  3.0361
  3.0371
  3.0283
  3.0442
  3.0384
  3.0427
  3.0479
  3.0269
  3.0421
  3.0403
  3.0372
  3.0509
  3.0310
  3.0295
  3.0423
  3.0378
  3.0317
  3.0395
  3.0392
  3.0449
  3.0371
  3.0447
  3.0310
  3.0292
  3.0428
  3.0283
  3.0442
  3.0261
  3.0406
  3.0341
  3.0403
  3.0447
  3.0382
  3.0293
  3.0394
  3.0377
  3.0413
  3.0412
  3.0296
  3.0413
  3.0384
  3.0374
  3.0282
  3.0433
  3.0362
  3.0412
  3.0410
  3.0459
  3.0419
  3.0459
  3.0330
  3.0357
  3.0389
  3.0498
  3.0501
  3.0478
  3.0409
  3.0382
  3.0445
  3.0453
  3.0461
  3.0459
  3.0389
  3.0416
  3.0433
  3.0304
  3.0397
  3.0439
  3.0348
  3.0425
  3.0380
  3.0417
  3.0400
  3.0297
  3.0392
  3.0412
  3.0455
  3.0413
  3.0467
  3.0441
  3.0359
  3.0434
  3.0419
  3.0438
  3.0500
  3.0389
  3.0428
  3.0457
  3.0403
  3.0392
  3.0478
  3.0398
  3.0403
  3.0343
  3.0412
  3.0402
  3.0345
  3.0266
  3.0382
  3.0442
  3.0448
  3.0451
  3.0300
  3.0445
  3.0274
  3.0433
  3.0424
  3.0441
  3.0372
  3.0443
  3.0382
  3.0318
  3.0412
  3.0431
  3.0296
  3.0396
  3.0364
  3.0423
  3.0433
  3.0499
  3.0504
  3.0472
  3.0271
  3.0396
  3.0346
  3.0391
  3.0398
  3.0300
  3.0430
  3.0418
  3.0399
  3.0326
  3.0360
  3.0474
  3.0409
  3.0450
  3.0357
  3.0416
  3.0409
  3.0410
  3.0385
  3.0416
  3.0501
  3.0490
  3.0503
  3.0431
  3.0329
  3.0499
  3.0353
  3.0409
  3.0380
  3.0199
  3.0357
  3.0469
  3.0350
  3.0469
  3.0348
  3.0399
  3.0481
  3.0413
  3.0333
  3.0337
  3.0396
  3.0484
  3.0367
  3.0379
  3.0366
  3.0430
  3.0343
  3.0358
  3.0342
  3.0324
  3.0378
  3.0395
  3.0318
  3.0478
  3.0305
  3.0370
  3.0228
  3.0409
  3.0377
  3.0435
  3.0347
  3.0466
  3.0369
  3.0352
  3.0344
  3.0405
  3.0337
  3.0420
  3.0459
  3.0360
  3.0400
  3.0385
  3.0343
  3.0471
  3.0370
  3.0276
  3.0402
  3.0351
  3.0396
  3.0347
  3.0383
  3.0496
  3.0419
  3.0336
  3.0362
  3.0343
  3.0484
  3.0351
  3.0585
  3.0340
  3.0323
  3.0426
  3.0381
  3.0440
  3.0400
  3.0380
  3.0420
  3.0279
  3.0316
  3.0492
  3.0401
  3.0422
  3.0329
  3.0325
  3.0377
  3.0401
  3.0396
  3.0310
  3.0438
  3.0317
  3.0358
  3.0468
  3.0509
  3.0428
  3.0470
  3.0385
  3.0459
  3.0439
  3.0417
  3.0435
  3.0493
  3.0422
  3.0482
  3.0458
  3.0429
  3.0445
  3.0380
  3.0332
  3.0464
  3.0406
  3.0518
  3.0438
  3.0458
  3.0478
  3.0352
  3.0389
  3.0397
  3.0356
  3.0480
  3.0397
  3.0344
  3.0415
  3.0505
  3.0418
  3.0490
  3.0544
  3.0329
  3.0384
  3.0388
  3.0288
  3.0423
  3.0456
  3.0572
  3.0348
  3.0337
  3.0344
  3.0478
  3.0344
  3.0365
  3.0341
  3.0409
  3.0439
  3.0350
  3.0300
  3.0468
  3.0360
  3.0445
  3.0419
  3.0433
  3.0499
  3.0238
  3.0394
  3.0356
  3.0338
  3.0363
  3.0386
  3.0321
  3.0342
  3.0482
  3.0425
  3.0411
  3.0343
  3.0457
  3.0322
  3.0524
  3.0324
  3.0386
  3.0347
  3.0400
  3.0396
  3.0387
  3.0429
  3.0385
  3.0463
  3.0355
  3.0347
  3.0396
  3.0449
  3.0429
  3.0347
  3.0470
  3.0282
  3.0325
  3.0440
  3.0323
  3.0401
  3.0416
  3.0479
  3.0305
  3.0426
  3.0343
  3.0429
  3.0460
  3.0464
  3.0374
  3.0348
  3.0505
  3.0332
  3.0406
  3.0414
  3.0433
  3.0358
  3.0445
  3.0477
  3.0313
  3.0362
  3.0381
  3.0461
  3.0441
  3.0389
  3.0546
  3.0413
  3.0462
  3.0407
  3.0441
  3.0404
  3.0428
  3.0386
  3.0410
  3.0489
  3.0473
  3.0312
  3.0432
  3.0345
  3.0484
  3.0416
  3.0348
  3.0353
  3.0377
  3.0416
  3.0383
  3.0377
  3.0349
  3.0406
  3.0388
  3.0373
  3.0339
  3.0468
  3.0488
  3.0342
  3.0423
  3.0398
  3.0411
  3.0378
  3.0439
  3.0410
  3.0303
  3.0337
  3.0364
  3.0472
  3.0500
  3.0421
  3.0323
  3.0329
  3.0369
  3.0371
  3.0333
  3.0404
  3.0364
  3.0341
  3.0434
  3.0441
  3.0470
  3.0402
  3.0442
  3.0467
  3.0459
  3.0448
  3.0532
  3.0367
  3.0241
  3.0414
  3.0512
  3.0455
  3.0339
  3.0245
  3.0396
  3.0421
  3.0379
  3.0390
  3.0381
  3.0436
  3.0350
  3.0409
  3.0457
  3.0417
  3.0319
  3.0381
  3.0512
  3.0459
  3.0373
  3.0399
  3.0434
  3.0340
  3.0313
  3.0389
  3.0450
  3.0394
  3.0411
  3.0375
  3.0495
  3.0409
  3.0347
  3.0452
  3.0336
  3.0528
  3.0447
  3.0426
  3.0502
  3.0482
  3.0334
  3.0374
  3.0394
  3.0414
  3.0343
  3.0414
  3.0423
  3.0405
  3.0405
  3.0411
  3.0456
  3.0363
  3.0527
  3.0410
  3.0413
  3.0372
  3.0452
  3.0434
  3.0315
  3.0415
  3.0435
  3.0435
  3.0417
  3.0499
  3.0380
  3.0269
  3.0323
  3.0460
  3.0403
  3.0304
  3.0371
  3.0258
  3.0400
  3.0319
  3.0352
  3.0296
  3.0430
  3.0398
  3.0413
  3.0377
  3.0355
  3.0422
  3.0416
  3.0405
  3.0355
  3.0328
  3.0298
  3.0520
  3.0442
  3.0418
  3.0331
  3.0464
  3.0409
  3.0428
  3.0464
  3.0448
  3.0511
  3.0403
  3.0468
  3.0480
  3.0364
  3.0510
  3.0368
  3.0402
  3.0403
  3.0304
  3.0515
  3.0492
  3.0422
  3.0376
  3.0492
  3.0399
  3.0471
  3.0488
  3.0382
  3.0417
  3.0359
  3.0398
  3.0396
  3.0329
  3.0374
