C1431410.031927
Gadanki 14/03/2014 10:02:49 14/03/2014 10:03:19 0375 0079.2 0013.5 00
0000000 0020 0000600 0020 01
1 0 2 02000 1 0000 0030 00532.o 0 0 00 000 14 000600 0.500 BT0
532.000 .o analog 0 
  2.9445
 21.4243
 18.4622
 10.9113
 12.3153
 13.7468
 17.3380
 27.9725
 38.2199
 41.0659
 39.0388
 35.7718
 32.1268
 28.5155
 25.3440
 22.5705
 20.2647
 18.2067
 16.5146
 15.0329
 13.7574
 12.4376
 11.4154
 10.6446
  9.9551
  9.3178
  8.7482
  8.3418
  7.9819
  7.7350
  7.6191
  7.4834
  7.1921
  6.7723
  6.3990
  6.0343
  5.7402
  5.5850
  5.4169
  5.3004
  5.2189
  5.0816
  4.9898
  4.8488
  4.7229
  4.5910
  4.5189
  4.3985
  4.2942
  4.2645
  4.2282
  4.1114
  4.0558
  4.0319
  4.0548
  4.0425
  3.9794
  3.8868
  3.8756
  3.8767
  3.8226
  3.7395
  3.6749
  3.6731
  3.6614
  3.5833
  3.5476
  3.5491
  3.5375
  3.4982
  3.4708
  3.4424
  3.4214
  3.3907
  3.3691
  3.3685
  3.3442
  3.3538
  3.3463
  3.3307
  3.3463
  3.3590
  3.3383
  3.2672
  3.2430
  3.2253
  3.2267
  3.2268
  3.2023
  3.2111
  3.1790
  3.1878
  3.1866
  3.1889
  3.1699
  3.1647
  3.1597
  3.1462
  3.1506
  3.1366
  3.1330
  3.1315
  3.1154
  3.1346
  3.1091
  3.1092
  3.1286
  3.1107
  3.1114
  3.0986
  3.0974
  3.0970
  3.0820
  3.0871
  3.0715
  3.0833
  3.0810
  3.0648
  3.0767
  3.0784
  3.0702
  3.0581
  3.0633
  3.0578
  3.0564
  3.0668
  3.0554
  3.0544
  3.0530
  3.0438
  3.0498
  3.0466
  3.0465
  3.0462
  3.0518
  3.0315
  3.0384
  3.0351
  3.0387
  3.0303
  3.0317
  3.0257
  3.0334
  3.0391
  3.0254
  3.0118
  3.0194
  3.0302
  3.0235
  3.0185
  3.0181
  3.0257
  3.0180
  3.0056
  3.0141
  3.0172
  3.0076
  3.0119
  3.0173
  3.0103
  3.0020
  3.0079
  3.0028
  3.0095
  3.0170
  3.0037
  3.0032
  3.0021
  3.0000
  3.0026
  3.0011
  2.9988
  2.9949
  2.9962
  2.9904
  2.9978
  2.9971
  2.9984
  3.0066
  2.9903
  3.0094
  3.0056
  2.9900
  2.9973
  2.9980
  2.9899
  2.9967
  2.9984
  2.9938
  2.9826
  2.9932
  2.9969
  2.9816
  2.9842
  2.9939
  2.9921
  2.9958
  2.9869
  2.9856
  2.9909
  2.9834
  2.9863
  2.9776
  2.9857
  2.9875
  2.9852
  2.9786
  2.9838
  2.9915
  2.9718
  2.9762
  2.9801
  2.9722
  2.9804
  2.9772
  2.9787
  2.9710
  2.9707
  2.9793
  2.9737
  2.9720
  2.9845
  2.9728
  2.9819
  2.9787
  2.9752
  2.9796
  2.9651
  2.9702
  2.9819
  2.9639
  2.9724
  2.9758
  2.9694
  2.9716
  2.9646
  2.9806
  2.9832
  2.9614
  2.9654
  2.9690
  2.9657
  2.9756
  2.9684
  2.9749
  2.9700
  2.9716
  2.9715
  2.9565
  2.9593
  2.9620
  2.9701
  2.9672
  2.9719
  2.9702
  2.9695
  2.9724
  2.9726
  2.9742
  2.9701
  2.9670
  2.9705
  2.9729
  2.9739
  2.9679
  2.9726
  2.9633
  2.9652
  2.9698
  2.9713
  2.9675
  2.9718
  2.9676
  2.9554
  2.9678
  2.9739
  2.9645
  2.9627
  2.9628
  2.9640
  2.9654
  2.9598
  2.9590
  2.9693
  2.9657
  2.9572
  2.9528
  2.9636
  2.9689
  2.9705
  2.9535
  2.9539
  2.9508
  2.9709
  2.9609
  2.9669
  2.9660
  2.9577
  2.9700
  2.9660
  2.9671
  2.9687
  2.9692
  2.9683
  2.9638
  2.9705
  2.9599
  2.9687
  2.9589
  2.9533
  2.9624
  2.9552
  2.9626
  2.9651
  2.9598
  2.9662
  2.9621
  2.9539
  2.9692
  2.9669
  2.9615
  2.9669
  2.9707
  2.9566
  2.9580
  2.9582
  2.9623
  2.9647
  2.9722
  2.9548
  2.9604
  2.9682
  2.9654
  2.9582
  2.9605
  2.9661
  2.9670
  2.9593
  2.9519
  2.9539
  2.9558
  2.9594
  2.9661
  2.9516
  2.9677
  2.9513
  2.9635
  2.9472
  2.9493
  2.9562
  2.9461
  2.9649
  2.9463
  2.9475
  2.9672
  2.9637
  2.9442
  2.9598
  2.9534
  2.9506
  2.9473
  2.9665
  2.9562
  2.9574
  2.9606
  2.9599
  2.9552
  2.9510
  2.9572
  2.9666
  2.9577
  2.9590
  2.9589
  2.9594
  2.9649
  2.9612
  2.9665
  2.9605
  2.9679
  2.9605
  2.9523
  2.9537
  2.9650
  2.9577
  2.9561
  2.9559
  2.9580
  2.9514
  2.9535
  2.9589
  2.9582
  2.9458
  2.9477
  2.9460
  2.9592
  2.9589
  2.9667
  2.9610
  2.9659
  2.9641
  2.9672
  2.9577
  2.9621
  2.9661
  2.9577
  2.9660
  2.9553
  2.9527
  2.9565
  2.9632
  2.9530
  2.9573
  2.9479
  2.9541
  2.9490
  2.9560
  2.9589
  2.9567
  2.9600
  2.9521
  2.9697
  2.9633
  2.9483
  2.9588
  2.9550
  2.9590
  2.9659
  2.9608
  2.9584
  2.9626
  2.9518
  2.9518
  2.9582
  2.9580
  2.9649
  2.9584
  2.9568
  2.9593
  2.9647
  2.9564
  2.9568
  2.9496
  2.9551
  2.9493
  2.9476
  2.9583
  2.9522
  2.9471
  2.9527
  2.9536
  2.9536
  2.9530
  2.9655
  2.9585
  2.9614
  2.9552
  2.9516
  2.9524
  2.9666
  2.9686
  2.9614
  2.9440
  2.9479
  2.9559
  2.9518
  2.9522
  2.9616
  2.9676
  2.9497
  2.9459
  2.9584
  2.9463
  2.9508
  2.9578
  2.9505
  2.9542
  2.9560
  2.9559
  2.9572
  2.9490
  2.9580
  2.9565
  2.9581
  2.9600
  2.9554
  2.9504
  2.9650
  2.9648
  2.9609
  2.9530
  2.9676
  2.9617
  2.9630
  2.9516
  2.9602
  2.9627
  2.9626
  2.9498
  2.9667
  2.9564
  2.9474
  2.9563
  2.9614
  2.9671
  2.9515
  2.9637
  2.9475
  2.9474
  2.9463
  2.9544
  2.9583
  2.9600
  2.9486
  2.9533
  2.9637
  2.9550
  2.9585
  2.9475
  2.9591
  2.9541
  2.9495
  2.9475
  2.9578
  2.9479
  2.9582
  2.9613
  2.9554
  2.9556
  2.9533
  2.9434
  2.9553
  2.9520
  2.9618
  2.9584
  2.9742
  2.9516
  2.9651
  2.9636
  2.9556
  2.9510
  2.9469
  2.9487
  2.9628
  2.9623
  2.9666
  2.9477
  2.9587
  2.9528
  2.9617
  2.9553
  2.9652
  2.9531
  2.9378
  2.9645
  2.9488
  2.9552
  2.9510
  2.9566
  2.9658
  2.9607
  2.9542
  2.9549
  2.9559
  2.9461
  2.9580
  2.9472
  2.9482
  2.9552
  2.9591
  2.9489
  2.9531
  2.9564
  2.9616
  2.9581
  2.9501
  2.9618
  2.9554
  2.9551
  2.9519
  2.9529
  2.9551
  2.9441
  2.9612
  2.9601
  2.9472
  2.9528
  2.9620
  2.9536
  2.9477
  2.9519
  2.9637
  2.9484
  2.9573
  2.9588
  2.9608
  2.9547
  2.9499
  2.9548
  2.9475
  2.9405
  2.9434
  2.9502
  2.9580
  2.9551
  2.9521
  2.9468
  2.9653
  2.9623
  2.9414
  2.9538
  2.9498
  2.9489
  2.9642
  2.9491
  2.9578
  2.9490
  2.9650
  2.9582
  2.9538
  2.9650
  2.9542
  2.9526
  2.9530
  2.9532
  2.9507
  2.9557
  2.9582
  2.9503
  2.9487
  2.9456
  2.9520
  2.9410
  2.9610
  2.9533
  2.9519
  2.9639
  2.9482
  2.9554
  2.9503
  2.9510
  2.9560
  2.9596
  2.9433
  2.9582
  2.9546
  2.9604
  2.9476
  2.9590
  2.9590
  2.9537
  2.9587
  2.9566
  2.9674
  2.9519
  2.9618
  2.9489
  2.9460
  2.9577
  2.9519
  2.9552
  2.9506
  2.9666
  2.9495
  2.9572
  2.9530
  2.9580
  2.9462
  2.9496
  2.9573
  2.9531
  2.9466
  2.9565
  2.9494
  2.9583
  2.9557
  2.9504
  2.9505
  2.9500
  2.9539
  2.9518
  2.9499
  2.9502
  2.9620
  2.9664
  2.9438
  2.9523
  2.9461
  2.9561
  2.9584
  2.9601
  2.9556
  2.9624
  2.9587
  2.9391
  2.9501
  2.9632
  2.9457
  2.9544
  2.9507
  2.9542
  2.9538
  2.9502
  2.9529
  2.9548
  2.9574
  2.9565
  2.9484
  2.9592
  2.9603
  2.9561
  2.9549
  2.9533
  2.9538
  2.9619
  2.9568
  2.9557
  2.9544
  2.9606
  2.9482
  2.9495
  2.9581
  2.9534
  2.9537
  2.9467
  2.9556
  2.9442
  2.9560
  2.9532
  2.9536
  2.9499
  2.9503
  2.9599
  2.9526
  2.9492
  2.9567
  2.9495
  2.9556
  2.9468
  2.9533
  2.9661
  2.9521
  2.9507
  2.9531
  2.9479
  2.9541
  2.9463
  2.9445
  2.9560
  2.9597
  2.9447
  2.9576
  2.9560
  2.9548
  2.9513
  2.9670
  2.9500
  2.9633
  2.9547
  2.9608
  2.9489
  2.9503
  2.9457
  2.9545
  2.9602
  2.9545
  2.9463
  2.9414
  2.9433
  2.9501
  2.9562
  2.9558
  2.9475
  2.9605
  2.9519
  2.9490
  2.9579
  2.9503
  2.9558
  2.9494
  2.9517
  2.9459
  2.9566
  2.9525
  2.9604
  2.9478
  2.9471
  2.9538
  2.9547
  2.9566
  2.9524
  2.9458
  2.9477
  2.9483
  2.9659
  2.9520
  2.9530
  2.9542
  2.9490
  2.9638
  2.9602
  2.9538
  2.9521
  2.9626
  2.9565
  2.9530
  2.9543
  2.9507
  2.9482
  2.9552
  2.9638
  2.9585
  2.9612
  2.9589
  2.9646
  2.9659
  2.9529
  2.9529
  2.9495
  2.9472
  2.9528
  2.9556
  2.9620
  2.9513
  2.9582
  2.9607
  2.9511
  2.9450
  2.9651
  2.9442
  2.9742
  2.9423
  2.9497
  2.9557
  2.9500
  2.9496
  2.9610
  2.9542
  2.9521
  2.9504
  2.9572
  2.9502
  2.9543
  2.9531
  2.9523
  2.9565
  2.9604
  2.9607
  2.9487
  2.9543
  2.9491
  2.9498
  2.9501
  2.9491
  2.9562
  2.9626
  2.9536
  2.9668
  2.9515
  2.9467
  2.9519
  2.9528
  2.9469
  2.9573
  2.9468
  2.9563
  2.9624
  2.9533
  2.9555
  2.9455
  2.9452
  2.9562
  2.9432
  2.9451
  2.9487
  2.9652
  2.9471
  2.9437
  2.9508
  2.9578
  2.9535
  2.9516
  2.9518
  2.9564
  2.9521
  2.9605
  2.9460
  2.9588
  2.9624
  2.9578
  2.9561
  2.9522
  2.9497
  2.9441
  2.9641
  2.9643
  2.9562
  2.9458
  2.9514
  2.9471
  2.9627
  2.9558
  2.9630
  2.9556
  2.9548
  2.9575
  2.9525
  2.9544
  2.9594
  2.9544
  2.9620
  2.9471
  2.9510
  2.9595
  2.9507
  2.9563
  2.9538
  2.9486
  2.9443
  2.9544
  2.9617
  2.9512
  2.9477
  2.9636
  2.9503
  2.9567
  2.9496
  2.9492
  2.9421
  2.9466
  2.9551
  2.9558
  2.9496
  2.9530
  2.9521
  2.9601
  2.9487
  2.9533
  2.9562
  2.9615
  2.9579
  2.9575
  2.9504
  2.9572
  2.9544
  2.9532
  2.9594
  2.9539
  2.9518
  2.9626
  2.9611
  2.9600
  2.9542
  2.9575
  2.9556
  2.9548
  2.9437
  2.9643
  2.9441
  2.9480
  2.9538
  2.9489
  2.9558
  2.9498
  2.9640
  2.9474
  2.9509
  2.9588
  2.9546
  2.9656
  2.9595
  2.9491
  2.9566
  2.9567
  2.9526
  2.9515
  2.9637
  2.9439
  2.9541
  2.9625
  2.9635
  2.9548
  2.9567
  2.9592
  2.9591
  2.9580
  2.9586
  2.9505
  2.9506
  2.9522
  2.9470
  2.9550
  2.9547
  2.9534
  2.9535
  2.9508
  2.9385
  2.9613
  2.9448
  2.9535
  2.9690
  2.9519
  2.9557
  2.9490
  2.9509
  2.9478
  2.9447
  2.9515
  2.9565
  2.9463
  2.9520
  2.9501
  2.9445
  2.9512
  2.9573
  2.9525
  2.9585
  2.9508
  2.9456
  2.9516
  2.9528
  2.9647
  2.9519
  2.9580
  2.9490
  2.9552
  2.9482
  2.9501
  2.9505
  2.9590
  2.9508
  2.9496
  2.9520
  2.9575
  2.9434
  2.9424
  2.9589
  2.9627
  2.9705
  2.9523
  2.9519
  2.9482
  2.9344
  2.9437
  2.9465
  2.9573
  2.9556
  2.9540
  2.9545
  2.9493
  2.9603
  2.9499
  2.9469
  2.9468
  2.9623
  2.9528
  2.9654
  2.9488
  2.9607
  2.9611
  2.9529
  2.9281
  2.9537
  2.9466
  2.9487
  2.9489
  2.9488
  2.9499
  2.9447
  2.9422
  2.9555
  2.9450
  2.9525
  2.9588
  2.9557
  2.9467
  2.9519
  2.9520
  2.9616
  2.9570
  2.9487
  2.9433
  2.9511
  2.9531
  2.9455
  2.9555
  2.9600
  2.9523
  2.9432
  2.9556
  2.9566
  2.9616
  2.9522
  2.9518
  2.9428
  2.9510
  2.9495
  2.9502
  2.9581
  2.9602
  2.9560
  2.9457
  2.9456
  2.9439
  2.9507
  2.9568
  2.9530
  2.9567
  2.9501
  2.9522
  2.9568
  2.9534
  2.9536
  2.9567
  2.9571
  2.9511
  2.9517
  2.9514
  2.9534
  2.9558
  2.9477
  2.9570
  2.9610
  2.9493
  2.9449
  2.9434
  2.9543
  2.9481
  2.9573
  2.9526
  2.9544
  2.9571
  2.9494
  2.9554
  2.9543
  2.9586
  2.9682
  2.9661
  2.9648
  2.9616
  2.9619
  2.9629
  2.9421
  2.9426
  2.9543
  2.9506
  2.9524
  2.9503
  2.9553
  2.9526
  2.9616
  2.9567
  2.9510
  2.9501
  2.9529
  2.9588
  2.9501
  2.9514
  2.9466
  2.9564
  2.9569
  2.9506
  2.9463
  2.9479
  2.9502
  2.9558
  2.9438
  2.9492
  2.9567
  2.9432
  2.9673
  2.9710
  2.9489
  2.9475
  2.9519
  2.9492
  2.9559
  2.9562
  2.9525
  2.9610
  2.9509
  2.9532
  2.9494
  2.9549
  2.9486
  2.9476
  2.9557
  2.9506
  2.9603
  2.9619
  2.9504
  2.9497
  2.9557
  2.9543
  2.9665
  2.9408
  2.9579
  2.9490
  2.9485
  2.9422
  2.9557
  2.9474
  2.9619
  2.9536
  2.9481
  2.9495
  2.9594
  2.9563
  2.9491
  2.9532
  2.9477
  2.9604
  2.9591
  2.9366
  2.9467
  2.9429
  2.9520
  2.9503
  2.9573
  2.9557
  2.9619
  2.9528
  2.9554
  2.9488
  2.9498
  2.9529
  2.9582
  2.9415
  2.9495
  2.9462
  2.9665
  2.9506
  2.9522
  2.9633
  2.9478
  2.9439
  2.9543
  2.9595
  2.9456
  2.9511
  2.9466
  2.9578
  2.9520
  2.9472
  2.9518
  2.9493
  2.9501
  2.9521
  2.9545
  2.9523
  2.9641
  2.9520
  2.9530
  2.9479
  2.9464
  2.9515
  2.9560
  2.9459
  2.9570
  2.9468
  2.9507
  2.9583
  2.9546
  2.9550
  2.9615
  2.9546
  2.9454
  2.9479
  2.9532
  2.9483
  2.9515
  2.9458
  2.9562
  2.9584
  2.9563
  2.9595
  2.9354
  2.9481
  2.9575
  2.9531
  2.9548
  2.9528
  2.9475
  2.9643
  2.9566
  2.9426
  2.9484
  2.9428
  2.9560
  2.9464
  2.9490
  2.9429
  2.9589
  2.9444
  2.9545
  2.9561
  2.9528
  2.9501
  2.9493
  2.9427
  2.9498
  2.9417
  2.9499
  2.9590
  2.9389
  2.9535
  2.9564
  2.9482
  2.9507
  2.9549
  2.9542
  2.9607
  2.9588
  2.9600
  2.9517
  2.9465
  2.9641
  2.9442
  2.9499
  2.9444
  2.9618
  2.9485
  2.9546
  2.9561
  2.9549
  2.9609
  2.9542
  2.9614
  2.9517
  2.9502
  2.9433
  2.9431
  2.9495
  2.9547
  2.9659
  2.9586
  2.9557
  2.9600
  2.9481
  2.9473
  2.9412
  2.9551
  2.9513
  2.9651
  2.9588
  2.9508
  2.9485
  2.9565
  2.9483
  2.9547
  2.9455
  2.9533
  2.9534
  2.9588
  2.9550
  2.9422
  2.9534
  2.9515
  2.9548
  2.9517
  2.9468
  2.9482
  2.9394
  2.9580
  2.9526
  2.9547
  2.9519
  2.9429
  2.9428
  2.9483
  2.9591
  2.9559
  2.9601
  2.9517
  2.9566
  2.9578
  2.9586
  2.9462
  2.9522
  2.9554
  2.9478
  2.9497
  2.9490
  2.9480
  2.9515
  2.9574
  2.9444
  2.9540
  2.9516
  2.9507
  2.9508
  2.9466
  2.9596
  2.9567
  2.9619
  2.9470
  2.9553
  2.9618
  2.9482
  2.9690
  2.9555
  2.9586
  2.9534
  2.9581
  2.9506
  2.9441
  2.9558
  2.9462
  2.9538
  2.9546
  2.9470
  2.9545
  2.9508
  2.9562
  2.9457
  2.9537
  2.9560
  2.9504
  2.9655
  2.9652
  2.9581
  2.9539
  2.9464
  2.9539
  2.9572
  2.9579
  2.9443
  2.9525
  2.9429
  2.9551
  2.9555
  2.9519
  2.9462
  2.9490
  2.9454
  2.9467
  2.9432
  2.9419
  2.9469
  2.9602
  2.9622
  2.9448
  2.9550
  2.9549
  2.9595
  2.9457
  2.9494
  2.9536
  2.9485
  2.9552
  2.9503
  2.9672
  2.9590
  2.9553
  2.9500
  2.9574
  2.9545
  2.9471
  2.9455
  2.9539
  2.9518
  2.9564
  2.9454
  2.9590
  2.9477
  2.9564
  2.9555
  2.9596
  2.9517
  2.9643
  2.9581
  2.9470
  2.9490
  2.9499
  2.9506
  2.9485
  2.9526
  2.9549
  2.9508
  2.9524
  2.9588
  2.9535
  2.9696
  2.9548
  2.9461
  2.9533
  2.9429
  2.9610
  2.9527
  2.9516
  2.9480
  2.9536
  2.9603
  2.9438
  2.9477
  2.9703
  2.9513
  2.9555
  2.9532
  2.9496
  2.9508
  2.9435
  2.9499
  2.9542
  2.9559
  2.9535
  2.9565
  2.9679
  2.9565
  2.9535
  2.9535
  2.9523
  2.9494
  2.9490
  2.9541
  2.9540
  2.9602
  2.9486
  2.9457
  2.9567
  2.9563
  2.9429
  2.9589
  2.9601
  2.9492
  2.9546
  2.9605
  2.9478
  2.9463
  2.9562
  2.9464
  2.9475
  2.9541
  2.9609
  2.9400
  2.9463
  2.9641
  2.9482
  2.9596
  2.9563
  2.9612
  2.9580
  2.9616
  2.9576
  2.9514
  2.9456
  2.9486
  2.9565
  2.9510
  2.9482
  2.9521
  2.9582
  2.9520
  2.9582
  2.9458
  2.9565
  2.9550
  2.9384
  2.9541
  2.9475
  2.9511
  2.9499
  2.9501
  2.9583
  2.9578
  2.9515
  2.9495
  2.9563
  2.9502
  2.9437
  2.9573
  2.9471
  2.9547
  2.9526
  2.9537
  2.9508
  2.9571
  2.9484
  2.9611
  2.9392
  2.9492
  2.9517
  2.9517
  2.9470
  2.9464
  2.9530
  2.9591
  2.9509
  2.9612
  2.9553
  2.9557
  2.9499
  2.9501
  2.9571
  2.9404
  2.9474
  2.9554
  2.9526
  2.9541
  2.9472
  2.9556
  2.9484
  2.9526
  2.9564
  2.9521
  2.9525
  2.9487
  2.9566
  2.9540
  2.9547
  2.9546
  2.9509
  2.9621
  2.9480
  2.9554
  2.9574
  2.9533
  2.9543
  2.9514
  2.9511
  2.9447
  2.9530
  2.9553
  2.9552
  2.9548
  2.9554
  2.9579
  2.9571
  2.9486
  2.9537
  2.9489
  2.9535
  2.9591
  2.9525
  2.9520
  2.9510
  2.9466
  2.9500
  2.9614
  2.9479
  2.9523
  2.9542
  2.9489
  2.9577
  2.9562
  2.9473
  2.9596
  2.9613
  2.9534
  2.9463
  2.9524
  2.9565
  2.9610
  2.9445
  2.9514
  2.9528
  2.9521
  2.9594
  2.9411
  2.9417
  2.9477
  2.9445
  2.9370
  2.9571
  2.9536
  2.9553
  2.9514
  2.9596
  2.9403
  2.9463
  2.9617
  2.9522
  2.9639
  2.9538
  2.9573
  2.9620
  2.9490
  2.9551
  2.9477
  2.9553
  2.9586
  2.9479
  2.9509
  2.9663
  2.9637
  2.9577
  2.9482
  2.9538
  2.9491
  2.9520
  2.9486
  2.9478
  2.9493
  2.9515
  2.9672
  2.9562
  2.9591
  2.9559
  2.9503
  2.9533
  2.9553
  2.9668
  2.9521
  2.9444
  2.9590
  2.9513
  2.9576
  2.9453
  2.9523
  2.9445
  2.9459
  2.9455
  2.9548
  2.9639
  2.9497
  2.9585
  2.9610
  2.9552
  2.9420
  2.9479
  2.9442
  2.9425
  2.9573
  2.9572
  2.9456
  2.9549
  2.9594
  2.9484
  2.9520
  2.9537
  2.9490
  2.9497
  2.9500
  2.9573
  2.9543
  2.9526
  2.9509
  2.9500
  2.9574
  2.9533
  2.9586
  2.9610
  2.9513
  2.9509
  2.9459
  2.9539
  2.9462
  2.9430
  2.9566
  2.9608
  2.9645
  2.9385
  2.9597
  2.9438
  2.9636
  2.9567
  2.9472
  2.9492
  2.9555
  2.9617
  2.9518
  2.9483
  2.9426
  2.9555
  2.9433
  2.9523
  2.9563
  2.9542
  2.9600
  2.9491
  2.9522
  2.9461
  2.9441
  2.9546
  2.9536
  2.9485
  2.9592
  2.9568
  2.9552
  2.9661
  2.9548
  2.9518
  2.9672
  2.9656
  2.9421
  2.9529
  2.9404
  2.9587
  2.9559
  2.9518
  2.9580
  2.9514
  2.9432
  2.9445
  2.9612
  2.9508
  2.9552
  2.9460
  2.9628
  2.9520
  2.9595
  2.9553
  2.9457
  2.9583
  2.9506
  2.9475
  2.9466
  2.9422
  2.9427
  2.9463
  2.9479
  2.9548
  2.9513
  2.9483
  2.9529
  2.9538
  2.9441
  2.9538
  2.9494
  2.9592
  2.9602
  2.9464
  2.9565
  2.9472
  2.9612
  2.9469
  2.9544
  2.9577
  2.9546
  2.9567
  2.9610
  2.9563
  2.9576
  2.9554
  2.9572
  2.9522
  2.9433
  2.9528
  2.9467
  2.9596
  2.9548
  2.9532
  2.9603
  2.9590
  2.9528
  2.9412
  2.9522
  2.9509
  2.9598
  2.9587
  2.9406
  2.9407
  2.9516
  2.9488
  2.9513
  2.9517
  2.9576
  2.9598
  2.9602
  2.9628
  2.9506
  2.9495
  2.9360
  2.9574
  2.9605
  2.9477
  2.9573
  2.9487
  2.9452
  2.9395
  2.9442
  2.9579
  2.9557
  2.9493
  2.9633
  2.9468
  2.9583
  2.9511
  2.9582
  2.9372
  2.9621
  2.9548
  2.9596
  2.9543
  2.9523
  2.9418
  2.9509
  2.9513
  2.9585
  2.9546
  2.9500
  2.9483
  2.9528
  2.9569
  2.9474
  2.9343
  2.9472
  2.9510
  2.9449
  2.9519
  2.9582
  2.9537
  2.9517
  2.9558
  2.9527
  2.9543
  2.9637
  2.9597
  2.9569
  2.9501
  2.9625
  2.9521
  2.9589
  2.9529
  2.9465
  2.9502
  2.9426
  2.9502
  2.9462
  2.9454
  2.9453
  2.9587
  2.9473
  2.9527
  2.9531
  2.9507
  2.9462
  2.9590
  2.9637
  2.9603
  2.9601
  2.9609
  2.9589
  2.9552
  2.9593
  2.9571
  2.9659
  2.9541
  2.9471
  2.9584
  2.9536
  2.9612
  2.9630
  2.9579
  2.9438
  2.9563
  2.9525
  2.9523
  2.9441
  2.9424
  2.9392
  2.9555
  2.9547
  2.9582
  2.9578
  2.9564
  2.9630
  2.9553
  2.9483
  2.9395
  2.9599
  2.9556
  2.9581
  2.9520
  2.9593
  2.9523
  2.9464
  2.9567
  2.9499
  2.9502
  2.9417
  2.9545
  2.9552
  2.9575
  2.9584
  2.9562
  2.9542
  2.9547
  2.9498
  2.9425
  2.9565
  2.9613
  2.9495
  2.9602
  2.9574
  2.9502
  2.9508
  2.9446
  2.9442
  2.9500
  2.9434
  2.9526
  2.9432
  2.9502
  2.9483
  2.9593
  2.9466
  2.9472
  2.9452
  2.9457
  2.9479
