C1431410.173342
Gadanki 14/03/2014 10:17:03 14/03/2014 10:17:33 0375 0079.2 0013.5 00
0000000 0020 0000600 0020 01
1 0 2 02000 1 0000 0030 00532.o 0 0 00 000 14 000600 0.500 BT0
532.000 .o analog 0 
  3.1611
 21.3172
 18.8787
 11.1522
 12.3014
 13.9244
 17.4638
 28.1467
 39.6585
 42.7969
 40.7430
 36.9294
 32.8695
 29.2001
 26.0336
 23.3280
 21.1225
 19.2355
 17.7368
 16.3369
 15.1920
 14.0388
 13.0968
 12.1871
 11.4396
 10.7794
 10.2327
  9.6955
  9.2287
  8.8229
  8.4074
  7.9133
  7.5482
  7.2427
  6.8288
  6.5795
  6.2422
  5.9100
  5.6507
  5.4555
  5.3071
  5.1791
  5.0789
  4.9774
  4.8642
  4.7592
  4.6654
  4.5433
  4.4980
  4.4676
  4.3785
  4.2881
  4.2227
  4.2169
  4.2266
  4.2051
  4.0818
  4.0548
  4.0810
  4.0798
  4.0072
  3.9276
  3.8994
  3.8762
  3.8506
  3.7702
  3.7447
  3.7496
  3.7242
  3.6942
  3.6790
  3.6646
  3.6348
  3.6035
  3.6059
  3.5753
  3.5560
  3.5496
  3.5624
  3.5214
  3.5278
  3.5391
  3.5557
  3.5364
  3.4932
  3.4509
  3.4250
  3.4346
  3.4294
  3.4203
  3.4029
  3.4060
  3.3863
  3.3853
  3.3670
  3.3725
  3.3709
  3.3704
  3.3584
  3.3600
  3.3447
  3.3458
  3.3413
  3.3205
  3.3349
  3.3367
  3.3110
  3.3127
  3.3042
  3.3014
  3.3168
  3.3108
  3.3073
  3.3058
  3.2973
  3.2990
  3.2848
  3.2794
  3.2908
  3.2867
  3.2818
  3.2752
  3.2717
  3.2766
  3.2708
  3.2719
  3.2627
  3.2635
  3.2578
  3.2485
  3.2624
  3.2483
  3.2539
  3.2464
  3.2596
  3.2561
  3.2491
  3.2530
  3.2479
  3.2535
  3.2496
  3.2456
  3.2399
  3.2311
  3.2429
  3.2454
  3.2387
  3.2473
  3.2403
  3.2433
  3.2334
  3.2405
  3.2376
  3.2387
  3.2305
  3.2436
  3.2195
  3.2344
  3.2088
  3.2274
  3.2287
  3.2202
  3.2189
  3.2261
  3.2097
  3.2172
  3.2249
  3.2172
  3.2180
  3.2241
  3.2150
  3.2196
  3.2162
  3.2110
  3.2128
  3.2154
  3.2114
  3.2195
  3.2074
  3.2085
  3.2036
  3.2165
  3.2145
  3.2134
  3.1972
  3.2069
  3.2038
  3.2139
  3.1864
  3.1834
  3.1892
  3.2085
  3.1952
  3.2022
  3.2070
  3.2144
  3.1984
  3.2012
  3.1979
  3.2012
  3.2069
  3.1924
  3.1922
  3.1951
  3.1962
  3.1913
  3.1910
  3.1959
  3.2082
  3.2076
  3.1884
  3.1836
  3.1998
  3.1912
  3.1835
  3.2037
  3.1932
  3.2005
  3.1957
  3.1943
  3.1929
  3.1890
  3.1991
  3.1985
  3.1918
  3.1999
  3.1920
  3.1882
  3.1921
  3.1859
  3.1889
  3.1911
  3.1853
  3.1835
  3.1894
  3.1839
  3.1829
  3.1949
  3.1760
  3.1740
  3.1878
  3.1942
  3.1849
  3.1888
  3.1937
  3.1947
  3.1894
  3.1805
  3.1829
  3.1803
  3.1778
  3.1955
  3.1919
  3.1773
  3.1761
  3.1848
  3.1880
  3.1941
  3.1766
  3.1800
  3.1881
  3.1808
  3.1888
  3.1834
  3.1842
  3.1822
  3.1728
  3.1726
  3.1837
  3.1892
  3.1861
  3.1890
  3.1860
  3.1714
  3.1862
  3.1860
  3.1825
  3.1860
  3.1765
  3.1741
  3.1782
  3.1724
  3.1806
  3.1764
  3.1774
  3.1846
  3.1712
  3.1824
  3.1623
  3.1828
  3.1812
  3.1883
  3.1916
  3.1727
  3.1830
  3.1747
  3.1745
  3.1802
  3.1736
  3.1838
  3.1813
  3.1908
  3.1844
  3.1860
  3.1767
  3.1713
  3.1856
  3.1702
  3.1764
  3.1644
  3.1690
  3.1924
  3.1634
  3.1721
  3.1782
  3.1788
  3.1832
  3.1862
  3.1826
  3.1758
  3.1776
  3.1686
  3.1771
  3.1776
  3.1910
  3.1628
  3.1910
  3.1868
  3.1704
  3.1770
  3.1721
  3.1785
  3.1679
  3.1675
  3.1619
  3.1757
  3.1828
  3.1797
  3.1754
  3.1784
  3.1739
  3.1782
  3.1805
  3.1783
  3.1794
  3.1630
  3.1721
  3.1780
  3.1692
  3.1710
  3.1777
  3.1698
  3.1662
  3.1821
  3.1693
  3.1700
  3.1668
  3.1681
  3.1751
  3.1676
  3.1747
  3.1747
  3.1697
  3.1680
  3.1737
  3.1742
  3.1548
  3.1772
  3.1706
  3.1661
  3.1844
  3.1747
  3.1612
  3.1767
  3.1690
  3.1557
  3.1750
  3.1831
  3.1749
  3.1734
  3.1737
  3.1669
  3.1728
  3.1734
  3.1713
  3.1667
  3.1700
  3.1769
  3.1734
  3.1695
  3.1805
  3.1770
  3.1789
  3.1780
  3.1683
  3.1607
  3.1769
  3.1679
  3.1600
  3.1598
  3.1719
  3.1831
  3.1814
  3.1746
  3.1805
  3.1846
  3.1754
  3.1721
  3.1711
  3.1694
  3.1735
  3.1688
  3.1774
  3.1734
  3.1650
  3.1683
  3.1740
  3.1819
  3.1696
  3.1749
  3.1661
  3.1771
  3.1700
  3.1620
  3.1643
  3.1678
  3.1704
  3.1736
  3.1691
  3.1734
  3.1773
  3.1683
  3.1766
  3.1780
  3.1672
  3.1785
  3.1616
  3.1643
  3.1548
  3.1602
  3.1798
  3.1808
  3.1603
  3.1630
  3.1753
  3.1706
  3.1598
  3.1621
  3.1719
  3.1808
  3.1702
  3.1731
  3.1631
  3.1741
  3.1752
  3.1731
  3.1703
  3.1744
  3.1735
  3.1676
  3.1724
  3.1751
  3.1563
  3.1769
  3.1832
  3.1641
  3.1750
  3.1661
  3.1748
  3.1646
  3.1717
  3.1677
  3.1761
  3.1712
  3.1624
  3.1799
  3.1724
  3.1806
  3.1708
  3.1724
  3.1684
  3.1685
  3.1610
  3.1647
  3.1720
  3.1668
  3.1796
  3.1738
  3.1697
  3.1785
  3.1780
  3.1697
  3.1688
  3.1756
  3.1667
  3.1809
  3.1666
  3.1732
  3.1714
  3.1770
  3.1619
  3.1778
  3.1619
  3.1631
  3.1697
  3.1590
  3.1681
  3.1778
  3.1714
  3.1815
  3.1770
  3.1682
  3.1659
  3.1743
  3.1869
  3.1713
  3.1650
  3.1564
  3.1740
  3.1553
  3.1728
  3.1642
  3.1696
  3.1612
  3.1746
  3.1655
  3.1614
  3.1781
  3.1794
  3.1830
  3.1687
  3.1634
  3.1718
  3.1686
  3.1797
  3.1586
  3.1756
  3.1716
  3.1657
  3.1760
  3.1672
  3.1780
  3.1690
  3.1510
  3.1736
  3.1634
  3.1774
  3.1519
  3.1772
  3.1780
  3.1645
  3.1674
  3.1781
  3.1778
  3.1677
  3.1644
  3.1716
  3.1609
  3.1791
  3.1691
  3.1725
  3.1689
  3.1730
  3.1721
  3.1625
  3.1637
  3.1757
  3.1802
  3.1754
  3.1748
  3.1659
  3.1807
  3.1713
  3.1760
  3.1630
  3.1671
  3.1685
  3.1602
  3.1538
  3.1783
  3.1635
  3.1703
  3.1740
  3.1783
  3.1739
  3.1738
  3.1629
  3.1644
  3.1599
  3.1673
  3.1723
  3.1733
  3.1620
  3.1557
  3.1644
  3.1770
  3.1651
  3.1577
  3.1729
  3.1637
  3.1648
  3.1730
  3.1626
  3.1688
  3.1740
  3.1788
  3.1694
  3.1642
  3.1655
  3.1714
  3.1684
  3.1754
  3.1580
  3.1743
  3.1702
  3.1635
  3.1576
  3.1699
  3.1621
  3.1766
  3.1733
  3.1638
  3.1714
  3.1708
  3.1724
  3.1675
  3.1723
  3.1689
  3.1628
  3.1711
  3.1693
  3.1709
  3.1694
  3.1685
  3.1668
  3.1532
  3.1672
  3.1735
  3.1863
  3.1709
  3.1731
  3.1578
  3.1712
  3.1854
  3.1649
  3.1765
  3.1527
  3.1734
  3.1660
  3.1712
  3.1733
  3.1756
  3.1711
  3.1668
  3.1598
  3.1652
  3.1660
  3.1699
  3.1772
  3.1650
  3.1812
  3.1714
  3.1782
  3.1560
  3.1750
  3.1767
  3.1706
  3.1649
  3.1609
  3.1720
  3.1609
  3.1820
  3.1700
  3.1850
  3.1658
  3.1759
  3.1760
  3.1600
  3.1672
  3.1627
  3.1749
  3.1793
  3.1724
  3.1752
  3.1647
  3.1640
  3.1810
  3.1655
  3.1685
  3.1752
  3.1672
  3.1658
  3.1629
  3.1823
  3.1611
  3.1599
  3.1672
  3.1784
  3.1706
  3.1658
  3.1671
  3.1713
  3.1655
  3.1746
  3.1464
  3.1596
  3.1879
  3.1716
  3.1731
  3.1647
  3.1678
  3.1820
  3.1599
  3.1618
  3.1745
  3.1565
  3.1600
  3.1712
  3.1690
  3.1686
  3.1720
  3.1745
  3.1702
  3.1680
  3.1711
  3.1674
  3.1748
  3.1770
  3.1579
  3.1688
  3.1650
  3.1729
  3.1634
  3.1618
  3.1540
  3.1681
  3.1670
  3.1862
  3.1560
  3.1625
  3.1726
  3.1672
  3.1689
  3.1755
  3.1737
  3.1689
  3.1710
  3.1770
  3.1652
  3.1757
  3.1700
  3.1756
  3.1690
  3.1701
  3.1580
  3.1799
  3.1675
  3.1650
  3.1723
  3.1649
  3.1737
  3.1620
  3.1695
  3.1563
  3.1685
  3.1601
  3.1756
  3.1576
  3.1603
  3.1702
  3.1727
  3.1670
  3.1691
  3.1657
  3.1637
  3.1708
  3.1674
  3.1794
  3.1623
  3.1630
  3.1734
  3.1635
  3.1767
  3.1626
  3.1661
  3.1627
  3.1728
  3.1663
  3.1613
  3.1724
  3.1574
  3.1704
  3.1716
  3.1754
  3.1768
  3.1635
  3.1669
  3.1669
  3.1682
  3.1651
  3.1699
  3.1741
  3.1843
  3.1602
  3.1697
  3.1658
  3.1697
  3.1700
  3.1729
  3.1711
  3.1659
  3.1681
  3.1653
  3.1744
  3.1668
  3.1712
  3.1664
  3.1669
  3.1756
  3.1772
  3.1759
  3.1736
  3.1641
  3.1679
  3.1710
  3.1637
  3.1657
  3.1582
  3.1695
  3.1705
  3.1716
  3.1601
  3.1738
  3.1613
  3.1645
  3.1643
  3.1657
  3.1658
  3.1680
  3.1750
  3.1707
  3.1739
  3.1733
  3.1740
  3.1764
  3.1733
  3.1552
  3.1667
  3.1592
  3.1576
  3.1726
  3.1753
  3.1840
  3.1583
  3.1661
  3.1688
  3.1684
  3.1698
  3.1718
  3.1644
  3.1634
  3.1674
  3.1730
  3.1763
  3.1639
  3.1723
  3.1655
  3.1616
  3.1650
  3.1632
  3.1634
  3.1724
  3.1687
  3.1612
  3.1783
  3.1719
  3.1767
  3.1656
  3.1690
  3.1713
  3.1643
  3.1636
  3.1684
  3.1747
  3.1624
  3.1708
  3.1783
  3.1654
  3.1681
  3.1607
  3.1733
  3.1796
  3.1691
  3.1643
  3.1610
  3.1738
  3.1648
  3.1602
  3.1677
  3.1678
  3.1605
  3.1690
  3.1748
  3.1707
  3.1676
  3.1581
  3.1718
  3.1679
  3.1687
  3.1671
  3.1700
  3.1713
  3.1699
  3.1757
  3.1681
  3.1680
  3.1509
  3.1683
  3.1749
  3.1786
  3.1701
  3.1859
  3.1649
  3.1613
  3.1666
  3.1741
  3.1710
  3.1638
  3.1612
  3.1643
  3.1566
  3.1643
  3.1715
  3.1659
  3.1673
  3.1623
  3.1686
  3.1635
  3.1750
  3.1775
  3.1619
  3.1732
  3.1586
  3.1669
  3.1621
  3.1744
  3.1642
  3.1706
  3.1690
  3.1641
  3.1691
  3.1633
  3.1770
  3.1648
  3.1652
  3.1671
  3.1691
  3.1666
  3.1661
  3.1777
  3.1727
  3.1752
  3.1718
  3.1673
  3.1550
  3.1652
  3.1667
  3.1744
  3.1745
  3.1681
  3.1647
  3.1755
  3.1689
  3.1684
  3.1554
  3.1695
  3.1626
  3.1641
  3.1563
  3.1662
  3.1755
  3.1681
  3.1743
  3.1679
  3.1563
  3.1748
  3.1666
  3.1608
  3.1615
  3.1698
  3.1706
  3.1615
  3.1572
  3.1746
  3.1608
  3.1601
  3.1589
  3.1600
  3.1699
  3.1637
  3.1650
  3.1716
  3.1606
  3.1615
  3.1773
  3.1747
  3.1717
  3.1688
  3.1661
  3.1562
  3.1717
  3.1639
  3.1712
  3.1703
  3.1658
  3.1676
  3.1707
  3.1534
  3.1669
  3.1750
  3.1715
  3.1567
  3.1830
  3.1715
  3.1643
  3.1593
  3.1626
  3.1793
  3.1597
  3.1614
  3.1629
  3.1621
  3.1618
  3.1689
  3.1767
  3.1712
  3.1573
  3.1661
  3.1583
  3.1597
  3.1796
  3.1664
  3.1713
  3.1571
  3.1657
  3.1722
  3.1709
  3.1704
  3.1734
  3.1678
  3.1681
  3.1592
  3.1734
  3.1673
  3.1721
  3.1707
  3.1776
  3.1646
  3.1581
  3.1697
  3.1559
  3.1691
  3.1732
  3.1760
  3.1690
  3.1851
  3.1617
  3.1664
  3.1670
  3.1601
  3.1703
  3.1692
  3.1612
  3.1685
  3.1697
  3.1688
  3.1775
  3.1729
  3.1622
  3.1639
  3.1673
  3.1644
  3.1712
  3.1678
  3.1712
  3.1668
  3.1630
  3.1716
  3.1629
  3.1660
  3.1718
  3.1806
  3.1699
  3.1778
  3.1716
  3.1647
  3.1667
  3.1757
  3.1691
  3.1654
  3.1665
  3.1758
  3.1704
  3.1615
  3.1650
  3.1733
  3.1695
  3.1693
  3.1658
  3.1704
  3.1687
  3.1719
  3.1723
  3.1667
  3.1622
  3.1559
  3.1627
  3.1629
  3.1729
  3.1743
  3.1611
  3.1738
  3.1617
  3.1739
  3.1696
  3.1674
  3.1676
  3.1650
  3.1608
  3.1680
  3.1795
  3.1724
  3.1684
  3.1769
  3.1734
  3.1691
  3.1630
  3.1668
  3.1767
  3.1751
  3.1844
  3.1775
  3.1650
  3.1734
  3.1664
  3.1669
  3.1713
  3.1642
  3.1724
  3.1665
  3.1665
  3.1628
  3.1683
  3.1656
  3.1534
  3.1584
  3.1629
  3.1602
  3.1702
  3.1690
  3.1796
  3.1666
  3.1548
  3.1706
  3.1679
  3.1805
  3.1703
  3.1728
  3.1719
  3.1739
  3.1577
  3.1758
  3.1669
  3.1678
  3.1642
  3.1620
  3.1687
  3.1693
  3.1643
  3.1666
  3.1600
  3.1820
  3.1681
  3.1665
  3.1686
  3.1621
  3.1642
  3.1497
  3.1669
  3.1582
  3.1671
  3.1727
  3.1702
  3.1733
  3.1681
  3.1695
  3.1740
  3.1698
  3.1699
  3.1708
  3.1665
  3.1569
  3.1691
  3.1796
  3.1715
  3.1663
  3.1756
  3.1659
  3.1701
  3.1653
  3.1701
  3.1748
  3.1649
  3.1578
  3.1667
  3.1673
  3.1652
  3.1659
  3.1798
  3.1575
  3.1623
  3.1800
  3.1734
  3.1813
  3.1584
  3.1635
  3.1687
  3.1836
  3.1701
  3.1671
  3.1661
  3.1584
  3.1606
  3.1780
  3.1764
  3.1819
  3.1758
  3.1661
  3.1573
  3.1681
  3.1785
  3.1652
  3.1615
  3.1598
  3.1583
  3.1559
  3.1707
  3.1654
  3.1862
  3.1717
  3.1743
  3.1644
  3.1607
  3.1620
  3.1657
  3.1624
  3.1652
  3.1677
  3.1649
  3.1657
  3.1743
  3.1660
  3.1637
  3.1646
  3.1701
  3.1736
  3.1695
  3.1665
  3.1717
  3.1644
  3.1705
  3.1741
  3.1759
  3.1658
  3.1693
  3.1631
  3.1838
  3.1686
  3.1756
  3.1560
  3.1653
  3.1634
  3.1620
  3.1700
  3.1695
  3.1620
  3.1643
  3.1719
  3.1601
  3.1613
  3.1669
  3.1665
  3.1722
  3.1704
  3.1588
  3.1655
  3.1681
  3.1668
  3.1650
  3.1592
  3.1761
  3.1798
  3.1746
  3.1685
  3.1632
  3.1665
  3.1580
  3.1740
  3.1656
  3.1649
  3.1730
  3.1634
  3.1596
  3.1670
  3.1721
  3.1714
  3.1635
  3.1718
  3.1686
  3.1779
  3.1686
  3.1741
  3.1689
  3.1601
  3.1631
  3.1595
  3.1631
  3.1698
  3.1699
  3.1577
  3.1742
  3.1609
  3.1598
  3.1695
  3.1642
  3.1734
  3.1707
  3.1650
  3.1726
  3.1601
  3.1520
  3.1602
  3.1584
  3.1579
  3.1734
  3.1595
  3.1723
  3.1758
  3.1719
  3.1731
  3.1676
  3.1640
  3.1681
  3.1733
  3.1704
  3.1644
  3.1650
  3.1690
  3.1622
  3.1762
  3.1638
  3.1750
  3.1821
  3.1735
  3.1658
  3.1841
  3.1749
  3.1724
  3.1623
  3.1532
  3.1816
  3.1717
  3.1748
  3.1732
  3.1655
  3.1531
  3.1716
  3.1713
  3.1616
  3.1575
  3.1714
  3.1648
  3.1549
  3.1693
  3.1696
  3.1653
  3.1719
  3.1802
  3.1672
  3.1628
  3.1566
  3.1657
  3.1728
  3.1607
  3.1661
  3.1598
  3.1643
  3.1556
  3.1738
  3.1664
  3.1557
  3.1767
  3.1638
  3.1754
  3.1615
  3.1702
  3.1657
  3.1797
  3.1725
  3.1843
  3.1653
  3.1662
  3.1670
  3.1621
  3.1729
  3.1623
  3.1705
  3.1747
  3.1767
  3.1707
  3.1666
  3.1745
  3.1707
  3.1610
  3.1614
  3.1640
  3.1727
  3.1635
  3.1610
  3.1661
  3.1737
  3.1659
  3.1579
  3.1730
  3.1748
  3.1714
  3.1725
  3.1651
  3.1638
  3.1701
  3.1759
  3.1625
  3.1760
  3.1673
  3.1516
  3.1696
  3.1738
  3.1734
  3.1686
  3.1712
  3.1639
  3.1605
  3.1735
  3.1657
  3.1666
  3.1636
  3.1708
  3.1749
  3.1789
  3.1638
  3.1767
  3.1670
  3.1647
  3.1871
  3.1645
  3.1661
  3.1758
  3.1626
  3.1642
  3.1713
  3.1735
  3.1624
  3.1675
  3.1547
  3.1726
  3.1771
  3.1689
  3.1667
  3.1734
  3.1668
  3.1650
  3.1723
  3.1587
  3.1694
  3.1676
  3.1574
  3.1622
  3.1660
  3.1702
  3.1765
  3.1705
  3.1566
  3.1773
  3.1589
  3.1680
  3.1614
  3.1747
  3.1640
  3.1634
  3.1714
  3.1539
  3.1763
  3.1673
  3.1663
  3.1664
  3.1565
  3.1619
  3.1638
  3.1657
  3.1749
  3.1606
  3.1787
  3.1631
  3.1803
  3.1592
  3.1718
  3.1719
  3.1619
  3.1699
  3.1793
  3.1658
  3.1796
  3.1611
  3.1674
  3.1682
  3.1750
  3.1734
  3.1667
  3.1571
  3.1574
  3.1685
  3.1648
  3.1576
  3.1740
  3.1724
  3.1628
  3.1709
  3.1776
  3.1689
  3.1575
  3.1672
  3.1717
  3.1645
  3.1748
  3.1637
  3.1608
  3.1643
  3.1627
  3.1720
  3.1587
  3.1646
  3.1668
  3.1649
  3.1860
  3.1696
  3.1655
  3.1675
  3.1586
  3.1738
  3.1612
  3.1584
  3.1770
  3.1574
  3.1645
  3.1718
  3.1693
  3.1752
  3.1654
  3.1699
  3.1686
  3.1743
  3.1612
  3.1692
  3.1632
  3.1650
  3.1767
  3.1538
  3.1629
  3.1698
  3.1579
  3.1654
  3.1679
  3.1666
  3.1610
  3.1708
  3.1679
  3.1676
  3.1705
  3.1657
  3.1670
  3.1698
  3.1669
  3.1696
  3.1715
  3.1643
  3.1730
  3.1718
  3.1638
  3.1678
  3.1669
  3.1670
  3.1779
  3.1682
  3.1673
  3.1659
  3.1628
  3.1617
  3.1601
  3.1576
  3.1672
  3.1696
  3.1710
  3.1696
  3.1743
  3.1733
  3.1594
  3.1638
  3.1700
  3.1692
  3.1648
  3.1679
  3.1693
  3.1681
  3.1700
  3.1614
  3.1579
  3.1691
  3.1703
  3.1676
  3.1737
  3.1656
  3.1623
  3.1669
  3.1573
  3.1700
  3.1678
  3.1722
  3.1599
  3.1658
  3.1632
  3.1697
  3.1740
  3.1562
  3.1719
  3.1708
  3.1660
  3.1797
  3.1615
  3.1673
  3.1719
  3.1659
  3.1664
  3.1674
  3.1720
  3.1579
  3.1725
  3.1703
  3.1599
  3.1702
  3.1705
  3.1646
  3.1731
  3.1640
  3.1623
  3.1636
  3.1534
  3.1631
  3.1684
  3.1728
  3.1750
  3.1651
  3.1662
  3.1475
  3.1706
  3.1688
  3.1701
  3.1672
  3.1808
  3.1706
  3.1707
  3.1668
  3.1659
  3.1717
  3.1619
  3.1610
  3.1758
  3.1652
  3.1644
  3.1644
  3.1603
  3.1719
  3.1773
  3.1872
  3.1761
  3.1697
  3.1666
  3.1682
  3.1640
  3.1742
  3.1713
  3.1661
  3.1662
  3.1584
  3.1731
  3.1650
  3.1510
  3.1583
  3.1669
  3.1737
  3.1665
  3.1603
  3.1630
  3.1656
  3.1585
  3.1662
  3.1680
  3.1609
  3.1623
  3.1596
  3.1712
  3.1677
  3.1717
  3.1721
  3.1651
  3.1681
  3.1596
  3.1568
  3.1562
  3.1567
  3.1586
  3.1693
  3.1613
  3.1700
  3.1682
  3.1835
  3.1660
  3.1660
  3.1552
  3.1750
  3.1645
  3.1743
  3.1721
  3.1654
  3.1673
  3.1688
  3.1679
  3.1696
  3.1711
  3.1737
  3.1664
  3.1734
  3.1639
  3.1644
  3.1651
  3.1676
  3.1745
  3.1569
  3.1576
  3.1588
  3.1552
  3.1585
  3.1684
  3.1667
  3.1723
  3.1736
  3.1651
  3.1643
  3.1665
  3.1622
  3.1637
  3.1678
  3.1649
  3.1575
  3.1822
  3.1682
  3.1683
  3.1706
  3.1713
  3.1684
  3.1793
  3.1741
  3.1627
  3.1759
  3.1761
  3.1658
  3.1688
  3.1657
  3.1716
  3.1712
  3.1696
  3.1667
  3.1618
  3.1707
  3.1565
  3.1588
  3.1706
  3.1676
  3.1599
  3.1684
  3.1780
  3.1672
  3.1666
  3.1741
  3.1602
  3.1646
  3.1702
  3.1581
  3.1554
  3.1723
  3.1638
  3.1732
  3.1669
  3.1804
  3.1760
  3.1738
  3.1750
  3.1672
  3.1712
  3.1706
  3.1699
  3.1780
  3.1685
  3.1521
  3.1703
  3.1661
  3.1664
  3.1714
  3.1628
  3.1759
  3.1707
  3.1765
  3.1638
  3.1776
  3.1583
  3.1681
  3.1723
  3.1597
  3.1643
  3.1702
  3.1750
  3.1640
  3.1609
  3.1743
  3.1756
  3.1601
  3.1747
  3.1740
  3.1754
  3.1793
  3.1728
  3.1806
  3.1755
  3.1792
  3.1671
  3.1759
  3.1729
  3.1488
  3.1669
  3.1643
  3.1683
  3.1713
  3.1649
  3.1679
  3.1693
  3.1639
  3.1715
  3.1700
  3.1742
  3.1550
  3.1541
  3.1617
  3.1600
  3.1697
  3.1811
  3.1610
  3.1561
  3.1640
  3.1766
  3.1739
  3.1619
  3.1682
  3.1631
  3.1754
  3.1546
  3.1806
  3.1577
  3.1573
  3.1705
  3.1608
  3.1642
  3.1634
  3.1575
  3.1790
  3.1784
  3.1709
  3.1809
  3.1710
  3.1707
  3.1787
  3.1670
  3.1681
  3.1651
  3.1679
  3.1721
  3.1650
  3.1649
  3.1642
  3.1687
  3.1560
  3.1692
  3.1703
  3.1629
  3.1702
  3.1732
  3.1634
  3.1731
  3.1783
  3.1688
  3.1745
  3.1542
  3.1738
  3.1730
  3.1648
  3.1634
  3.1778
  3.1603
  3.1613
  3.1693
  3.1710
  3.1739
  3.1624
  3.1671
  3.1748
  3.1626
  3.1728
  3.1718
  3.1688
  3.1728
  3.1702
  3.1768
  3.1741
  3.1610
  3.1697
  3.1717
  3.1606
  3.1613
  3.1574
  3.1641
  3.1559
  3.1717
  3.1754
  3.1671
  3.1544
  3.1649
  3.1683
  3.1687
  3.1795
  3.1638
  3.1791
  3.1550
  3.1689
  3.1785
  3.1698
  3.1594
  3.1768
  3.1674
  3.1715
  3.1770
  3.1704
  3.1693
  3.1726
  3.1548
  3.1611
  3.1732
  3.1636
  3.1766
  3.1603
  3.1669
  3.1679
  3.1701
  3.1632
  3.1666
  3.1743
  3.1673
  3.1773
  3.1571
  3.1758
  3.1634
  3.1639
  3.1492
  3.1676
  3.1549
  3.1791
  3.1707
  3.1716
  3.1745
  3.1628
  3.1702
  3.1606
  3.1723
