C1431410.183442
Gadanki 14/03/2014 10:18:04 14/03/2014 10:18:34 0375 0079.2 0013.5 00
0000000 0020 0000600 0020 01
1 0 2 02000 1 0000 0030 00532.o 0 0 00 000 14 000600 0.500 BT0
532.000 .o analog 0 
  3.2074
 21.6054
 18.2329
 10.8504
 12.1911
 13.6328
 16.7302
 26.5549
 37.7598
 41.5294
 40.0535
 36.4486
 32.6282
 28.9953
 25.7612
 23.1817
 20.8894
 19.2813
 18.0416
 16.9384
 15.6366
 14.4983
 13.6251
 12.8723
 12.0838
 11.3290
 10.6617
 10.0397
  9.4726
  8.9575
  8.5499
  8.1711
  7.8085
  7.3925
  6.8861
  6.5189
  6.2822
  6.0830
  5.8967
  5.6856
  5.4941
  5.2396
  5.0964
  5.0089
  4.8889
  4.7947
  4.7125
  4.6206
  4.5202
  4.4976
  4.4023
  4.3011
  4.2741
  4.2433
  4.2539
  4.2077
  4.1147
  4.0872
  4.1262
  4.1005
  4.0245
  3.9394
  3.9293
  3.9017
  3.8620
  3.7996
  3.7978
  3.7804
  3.7602
  3.7459
  3.7025
  3.6762
  3.6698
  3.6391
  3.6393
  3.5986
  3.5924
  3.5767
  3.5754
  3.5734
  3.5692
  3.5838
  3.6077
  3.5632
  3.5027
  3.4795
  3.4682
  3.4563
  3.4698
  3.4600
  3.4449
  3.4498
  3.4336
  3.4255
  3.4250
  3.4146
  3.4006
  3.4050
  3.3958
  3.3985
  3.3796
  3.3987
  3.3753
  3.3782
  3.3684
  3.3673
  3.3780
  3.3635
  3.3481
  3.3570
  3.3601
  3.3528
  3.3351
  3.3474
  3.3446
  3.3260
  3.3404
  3.3291
  3.3303
  3.3278
  3.3203
  3.3190
  3.3265
  3.3232
  3.3254
  3.3133
  3.3000
  3.3098
  3.3193
  3.3039
  3.3198
  3.3051
  3.3036
  3.2990
  3.2874
  3.2986
  3.2962
  3.2977
  3.3005
  3.2968
  3.2874
  3.2751
  3.2871
  3.2893
  3.2926
  3.2815
  3.2788
  3.2783
  3.2839
  3.2874
  3.2897
  3.2791
  3.2675
  3.2698
  3.2576
  3.2717
  3.2831
  3.2799
  3.2679
  3.2738
  3.2562
  3.2660
  3.2616
  3.2681
  3.2726
  3.2654
  3.2678
  3.2651
  3.2557
  3.2618
  3.2564
  3.2621
  3.2698
  3.2647
  3.2614
  3.2524
  3.2557
  3.2570
  3.2519
  3.2477
  3.2548
  3.2485
  3.2435
  3.2461
  3.2558
  3.2446
  3.2375
  3.2527
  3.2397
  3.2349
  3.2510
  3.2423
  3.2451
  3.2476
  3.2536
  3.2405
  3.2549
  3.2449
  3.2546
  3.2468
  3.2342
  3.2392
  3.2489
  3.2378
  3.2337
  3.2288
  3.2511
  3.2350
  3.2446
  3.2499
  3.2401
  3.2340
  3.2443
  3.2338
  3.2455
  3.2436
  3.2328
  3.2460
  3.2318
  3.2389
  3.2452
  3.2217
  3.2368
  3.2371
  3.2469
  3.2363
  3.2310
  3.2330
  3.2310
  3.2262
  3.2305
  3.2358
  3.2343
  3.2339
  3.2315
  3.2458
  3.2435
  3.2258
  3.2319
  3.2319
  3.2302
  3.2166
  3.2349
  3.2331
  3.2276
  3.2398
  3.2329
  3.2263
  3.2156
  3.2177
  3.2280
  3.2274
  3.2262
  3.2169
  3.2343
  3.2196
  3.2255
  3.2231
  3.2322
  3.2251
  3.2237
  3.2302
  3.2209
  3.2317
  3.2241
  3.2260
  3.2203
  3.2336
  3.2232
  3.2231
  3.2258
  3.2165
  3.2366
  3.2231
  3.2477
  3.2331
  3.2147
  3.2268
  3.2343
  3.2244
  3.2138
  3.2157
  3.2222
  3.2246
  3.2294
  3.2107
  3.2196
  3.2169
  3.2264
  3.2186
  3.2302
  3.2393
  3.2179
  3.2198
  3.2247
  3.2338
  3.2228
  3.2131
  3.2263
  3.2191
  3.2219
  3.2231
  3.2232
  3.2276
  3.2211
  3.2263
  3.2308
  3.2156
  3.2175
  3.2266
  3.2288
  3.2239
  3.2201
  3.2232
  3.2283
  3.2147
  3.2267
  3.2118
  3.2234
  3.2252
  3.2198
  3.2246
  3.2300
  3.2188
  3.2195
  3.2194
  3.2238
  3.2106
  3.2150
  3.2237
  3.2210
  3.2271
  3.2172
  3.2085
  3.2248
  3.2198
  3.2192
  3.2238
  3.2235
  3.2327
  3.2152
  3.2154
  3.2100
  3.2171
  3.2159
  3.2154
  3.2267
  3.2283
  3.2039
  3.2155
  3.2197
  3.2275
  3.2159
  3.2164
  3.2190
  3.2216
  3.2219
  3.2396
  3.2222
  3.2161
  3.2188
  3.2063
  3.2127
  3.2111
  3.2171
  3.2215
  3.2207
  3.2159
  3.2115
  3.2122
  3.2135
  3.2108
  3.2106
  3.2263
  3.2283
  3.2258
  3.2121
  3.2108
  3.2101
  3.2190
  3.2073
  3.2235
  3.2214
  3.2063
  3.2115
  3.2182
  3.2269
  3.2188
  3.2134
  3.2047
  3.2338
  3.2171
  3.2129
  3.2111
  3.2117
  3.2125
  3.2222
  3.2159
  3.2168
  3.2174
  3.2242
  3.2224
  3.2185
  3.2132
  3.2098
  3.2214
  3.2199
  3.2174
  3.2259
  3.2136
  3.2179
  3.2158
  3.2099
  3.2064
  3.2207
  3.2134
  3.2084
  3.2119
  3.2111
  3.2238
  3.2272
  3.2090
  3.2104
  3.2188
  3.2103
  3.2162
  3.2217
  3.2103
  3.2106
  3.2138
  3.2255
  3.2348
  3.2056
  3.2181
  3.2134
  3.2118
  3.2089
  3.2133
  3.2024
  3.2098
  3.2218
  3.2209
  3.2121
  3.2185
  3.2087
  3.2219
  3.2086
  3.2139
  3.2208
  3.2126
  3.2154
  3.2129
  3.2219
  3.2175
  3.2208
  3.2158
  3.2126
  3.2244
  3.2051
  3.2121
  3.2137
  3.2038
  3.2037
  3.2093
  3.2098
  3.2269
  3.2045
  3.2166
  3.2097
  3.2092
  3.2191
  3.2201
  3.2073
  3.2198
  3.2097
  3.2144
  3.2030
  3.2196
  3.2180
  3.1975
  3.2234
  3.2214
  3.2124
  3.2168
  3.2056
  3.2119
  3.2154
  3.2077
  3.2078
  3.2186
  3.2107
  3.2191
  3.2173
  3.2157
  3.2071
  3.2195
  3.2129
  3.2123
  3.2130
  3.2127
  3.2100
  3.2132
  3.2118
  3.2152
  3.2162
  3.2211
  3.2252
  3.2308
  3.2093
  3.2089
  3.2142
  3.2188
  3.2172
  3.2203
  3.2086
  3.2099
  3.2147
  3.2203
  3.2041
  3.2063
  3.2029
  3.2189
  3.2147
  3.2174
  3.2169
  3.2072
  3.2021
  3.2113
  3.2132
  3.2086
  3.2154
  3.2286
  3.2192
  3.2097
  3.2248
  3.2102
  3.2139
  3.2117
  3.1973
  3.2119
  3.2118
  3.2101
  3.2112
  3.2156
  3.2151
  3.2196
  3.2139
  3.2074
  3.2172
  3.2181
  3.2095
  3.2140
  3.1961
  3.2165
  3.2186
  3.2075
  3.2093
  3.2171
  3.2109
  3.2084
  3.2154
  3.2038
  3.2210
  3.2083
  3.2118
  3.2118
  3.2161
  3.2110
  3.2132
  3.2174
  3.2130
  3.2090
  3.2211
  3.2176
  3.2137
  3.2079
  3.2099
  3.2148
  3.2136
  3.2175
  3.2203
  3.2006
  3.2210
  3.2143
  3.2065
  3.2183
  3.2070
  3.2169
  3.2192
  3.2068
  3.2100
  3.2084
  3.2168
  3.2152
  3.2148
  3.2068
  3.2236
  3.2042
  3.2177
  3.2154
  3.2069
  3.2156
  3.2050
  3.2106
  3.2229
  3.2108
  3.2033
  3.2137
  3.2174
  3.2118
  3.2173
  3.2060
  3.2103
  3.2213
  3.2313
  3.2039
  3.2248
  3.2167
  3.2111
  3.2097
  3.2179
  3.2021
  3.2047
  3.2205
  3.2119
  3.2176
  3.2235
  3.2296
  3.2193
  3.2279
  3.2067
  3.2209
  3.2116
  3.2113
  3.2128
  3.2200
  3.2076
  3.2052
  3.2196
  3.2102
  3.2106
  3.2050
  3.2136
  3.2123
  3.2179
  3.2022
  3.2019
  3.2083
  3.2152
  3.2111
  3.2070
  3.2080
  3.2022
  3.2068
  3.2094
  3.2232
  3.2130
  3.2128
  3.2154
  3.2088
  3.2060
  3.2143
  3.2139
  3.2170
  3.2104
  3.2189
  3.2162
  3.2126
  3.2135
  3.2086
  3.2070
  3.2180
  3.2094
  3.2121
  3.2264
  3.2091
  3.2122
  3.2218
  3.2276
  3.2195
  3.2155
  3.2069
  3.2110
  3.2073
  3.2126
  3.2158
  3.2183
  3.2172
  3.2135
  3.2094
  3.2109
  3.2159
  3.2090
  3.2111
  3.2043
  3.2138
  3.2093
  3.2155
  3.2128
  3.1972
  3.2085
  3.2208
  3.2106
  3.2113
  3.2128
  3.2050
  3.2012
  3.2057
  3.2117
  3.2097
  3.2041
  3.2155
  3.2079
  3.2157
  3.1971
  3.2169
  3.2204
  3.2178
  3.2111
  3.2151
  3.2268
  3.2079
  3.2177
  3.2195
  3.2221
  3.2117
  3.2187
  3.2107
  3.2208
  3.2190
  3.2032
  3.2141
  3.1995
  3.2180
  3.2095
  3.2184
  3.2100
  3.2072
  3.2164
  3.2167
  3.2234
  3.2210
  3.2063
  3.2186
  3.2091
  3.1874
  3.2217
  3.2176
  3.2091
  3.2131
  3.2142
  3.2150
  3.2143
  3.2082
  3.2237
  3.2014
  3.2068
  3.2093
  3.2213
  3.2139
  3.2162
  3.2104
  3.2115
  3.2264
  3.2145
  3.2124
  3.2191
  3.2048
  3.2086
  3.2147
  3.2072
  3.2098
  3.2150
  3.2111
  3.2125
  3.2179
  3.2109
  3.2065
  3.2103
  3.2146
  3.2089
  3.2189
  3.2074
  3.2088
  3.2263
  3.2189
  3.2026
  3.2124
  3.2127
  3.2120
  3.2097
  3.2183
  3.2091
  3.2112
  3.2155
  3.2169
  3.2147
  3.2198
  3.2106
  3.2238
  3.2230
  3.2246
  3.2182
  3.2187
  3.2146
  3.2193
  3.2022
  3.2178
  3.2105
  3.2069
  3.2076
  3.2122
  3.2118
  3.2083
  3.2095
  3.2190
  3.2326
  3.2089
  3.2133
  3.2059
  3.2195
  3.2087
  3.2189
  3.2142
  3.2051
  3.2114
  3.2177
  3.2086
  3.2057
  3.2152
  3.2076
  3.2176
  3.2143
  3.2100
  3.2025
  3.2006
  3.2088
  3.2115
  3.2146
  3.2218
  3.2166
  3.2110
  3.2186
  3.2144
  3.2260
  3.2270
  3.2174
  3.2117
  3.2163
  3.2235
  3.2067
  3.2147
  3.2101
  3.2155
  3.2239
  3.2066
  3.2222
  3.2099
  3.1994
  3.2026
  3.2155
  3.2133
  3.2191
  3.2184
  3.2119
  3.2008
  3.2140
  3.2073
  3.2059
  3.2155
  3.2095
  3.2093
  3.2010
  3.2213
  3.2150
  3.2156
  3.2127
  3.2088
  3.2170
  3.2113
  3.1985
  3.2177
  3.2051
  3.2173
  3.2030
  3.2114
  3.2098
  3.2161
  3.2199
  3.2172
  3.2155
  3.2207
  3.2047
  3.2144
  3.2206
  3.2127
  3.2097
  3.2170
  3.2039
  3.2144
  3.2077
  3.2271
  3.2008
  3.2163
  3.2233
  3.2054
  3.2123
  3.2138
  3.2095
  3.2084
  3.2137
  3.1999
  3.2306
  3.2149
  3.2135
  3.2054
  3.2086
  3.2054
  3.2140
  3.2179
  3.2091
  3.2095
  3.2154
  3.2159
  3.2123
  3.2159
  3.2152
  3.2090
  3.2183
  3.2111
  3.2046
  3.2060
  3.2156
  3.2041
  3.2155
  3.2143
  3.2228
  3.2153
  3.2043
  3.2147
  3.2100
  3.2260
  3.2158
  3.2265
  3.2082
  3.2098
  3.2157
  3.2145
  3.2205
  3.2180
  3.2216
  3.2185
  3.2079
  3.2074
  3.2227
  3.2082
  3.2235
  3.2102
  3.2203
  3.2178
  3.2214
  3.2220
  3.2166
  3.2054
  3.2027
  3.2127
  3.2287
  3.2107
  3.2130
  3.2102
  3.2148
  3.2122
  3.2239
  3.2133
  3.2166
  3.2153
  3.2029
  3.1994
  3.2117
  3.2137
  3.2201
  3.2211
  3.2091
  3.2061
  3.2136
  3.1991
  3.2028
  3.2076
  3.2080
  3.2112
  3.2102
  3.2143
  3.2074
  3.2137
  3.2050
  3.2173
  3.2161
  3.2162
  3.2050
  3.2133
  3.2142
  3.2250
  3.2172
  3.2133
  3.2191
  3.2004
  3.2045
  3.2180
  3.1992
  3.1944
  3.2251
  3.2174
  3.2115
  3.2128
  3.2063
  3.2025
  3.2128
  3.2173
  3.2163
  3.2028
  3.2200
  3.2177
  3.2190
  3.2095
  3.2109
  3.2025
  3.2163
  3.2153
  3.2128
  3.2165
  3.2064
  3.2103
  3.2099
  3.2072
  3.2083
  3.2107
  3.2290
  3.2239
  3.2090
  3.2145
  3.2131
  3.2078
  3.2230
  3.2143
  3.2098
  3.2170
  3.2201
  3.2192
  3.2200
  3.2012
  3.2038
  3.2125
  3.2035
  3.2007
  3.2104
  3.2110
  3.2120
  3.2230
  3.2198
  3.2172
  3.2092
  3.2211
  3.2136
  3.2079
  3.2227
  3.2035
  3.2123
  3.2062
  3.2123
  3.2055
  3.2113
  3.2063
  3.2209
  3.2113
  3.2137
  3.2222
  3.2159
  3.2146
  3.2142
  3.2125
  3.2177
  3.2114
  3.2006
  3.2204
  3.2092
  3.2113
  3.2117
  3.2168
  3.2278
  3.2229
  3.2174
  3.2056
  3.2137
  3.2242
  3.2070
  3.2057
  3.2168
  3.2184
  3.1996
  3.2094
  3.2072
  3.2124
  3.2093
  3.2189
  3.2155
  3.2203
  3.2028
  3.2167
  3.2089
  3.2093
  3.2122
  3.2131
  3.2130
  3.2255
  3.2138
  3.2084
  3.1997
  3.2155
  3.2279
  3.2238
  3.2224
  3.2158
  3.2076
  3.2126
  3.2041
  3.2120
  3.2161
  3.2141
  3.2220
  3.2069
  3.2189
  3.2076
  3.2158
  3.2117
  3.2205
  3.2006
  3.2085
  3.2113
  3.2038
  3.2147
  3.2181
  3.2163
  3.2151
  3.2102
  3.2036
  3.2153
  3.2088
  3.2106
  3.2203
  3.2185
  3.2130
  3.2103
  3.2181
  3.2173
  3.2190
  3.2094
  3.2089
  3.2121
  3.2198
  3.2115
  3.2053
  3.2139
  3.2117
  3.2200
  3.2085
  3.2127
  3.2047
  3.2049
  3.2102
  3.2173
  3.2141
  3.2028
  3.1993
  3.2124
  3.2130
  3.2102
  3.2121
  3.2199
  3.2157
  3.2193
  3.2133
  3.2088
  3.2164
  3.1994
  3.2192
  3.2155
  3.2079
  3.2158
  3.2142
  3.2103
  3.2187
  3.2006
  3.2024
  3.2096
  3.2137
  3.2092
  3.2129
  3.2127
  3.2127
  3.1943
  3.2045
  3.2182
  3.2165
  3.2105
  3.2127
  3.2154
  3.2166
  3.2074
  3.2194
  3.2214
  3.2097
  3.2141
  3.2135
  3.2152
  3.2156
  3.2030
  3.2231
  3.2122
  3.2278
  3.2304
  3.2119
  3.2158
  3.2141
  3.2153
  3.2158
  3.1974
  3.2016
  3.2132
  3.2241
  3.2146
  3.2053
  3.2051
  3.2005
  3.2091
  3.2060
  3.2244
  3.2159
  3.2108
  3.2139
  3.2110
  3.2098
  3.2067
  3.2146
  3.2181
  3.2200
  3.2247
  3.2014
  3.2143
  3.2269
  3.2088
  3.2194
  3.2197
  3.2085
  3.2112
  3.2188
  3.2152
  3.1954
  3.1985
  3.2176
  3.2116
  3.2052
  3.2123
  3.2060
  3.2238
  3.2200
  3.2177
  3.2081
  3.2170
  3.2266
  3.2084
  3.2122
  3.2101
  3.2191
  3.2195
  3.2104
  3.2029
  3.2102
  3.2132
  3.2052
  3.2113
  3.2095
  3.2225
  3.2028
  3.2058
  3.2087
  3.2061
  3.2242
  3.2176
  3.2114
  3.2151
  3.2180
  3.2056
  3.2064
  3.2135
  3.2156
  3.2114
  3.2020
  3.2127
  3.2158
  3.2130
  3.2023
  3.2100
  3.2096
  3.2066
  3.2188
  3.2248
  3.2153
  3.2064
  3.2239
  3.2074
  3.2058
  3.2050
  3.2020
  3.2124
  3.2045
  3.2112
  3.2205
  3.2176
  3.2027
  3.2145
  3.2056
  3.2230
  3.2139
  3.2044
  3.2113
  3.2118
  3.2123
  3.2119
  3.2081
  3.2003
  3.2064
  3.2130
  3.2219
  3.2088
  3.2136
  3.2118
  3.1993
  3.2171
  3.2121
  3.2074
  3.2117
  3.2196
  3.2114
  3.2060
  3.2153
  3.2043
  3.2054
  3.2082
  3.2064
  3.2251
  3.2167
  3.2090
  3.2030
  3.2056
  3.2120
  3.2109
  3.2036
  3.2162
  3.2176
  3.2097
  3.2237
  3.2070
  3.2127
  3.2093
  3.2171
  3.2175
  3.2027
  3.2146
  3.2161
  3.2257
  3.2161
  3.2172
  3.2116
  3.2157
  3.2140
  3.2244
  3.2132
  3.2309
  3.2127
  3.2115
  3.2218
  3.2126
  3.2067
  3.2076
  3.2124
  3.2112
  3.2072
  3.2095
  3.2060
  3.2054
  3.2106
  3.2117
  3.2154
  3.2104
  3.2180
  3.2011
  3.2120
  3.2053
  3.2100
  3.2196
  3.2117
  3.2176
  3.2246
  3.2133
  3.2119
  3.2135
  3.2123
  3.2090
  3.2228
  3.2120
  3.2238
  3.2040
  3.2138
  3.2183
  3.2176
  3.2096
  3.2133
  3.2169
  3.2138
  3.2178
  3.2050
  3.2177
  3.2181
  3.2172
  3.2110
  3.2210
  3.2083
  3.2163
  3.2128
  3.2050
  3.2014
  3.2144
  3.2171
  3.2166
  3.2213
  3.2119
  3.2087
  3.2122
  3.2026
  3.2116
  3.2085
  3.2089
  3.2130
  3.2023
  3.2154
  3.2215
  3.2142
  3.2243
  3.2265
  3.2155
  3.2054
  3.2115
  3.2079
  3.2051
  3.2062
  3.2210
  3.2101
  3.2099
  3.2099
  3.2207
  3.2155
  3.2078
  3.2206
  3.2088
  3.2202
  3.2138
  3.2193
  3.2147
  3.2068
  3.2080
  3.2082
  3.2276
  3.2035
  3.2097
  3.2079
  3.2224
  3.2074
  3.2073
  3.2212
  3.2154
  3.2127
  3.2107
  3.2247
  3.2104
  3.2020
  3.2191
  3.2108
  3.2133
  3.2169
  3.2102
  3.2041
  3.2095
  3.2208
  3.2192
  3.2228
  3.1986
  3.2144
  3.2159
  3.2209
  3.2109
  3.2068
  3.2147
  3.2112
  3.2091
  3.2229
  3.2046
  3.2171
  3.2206
  3.2119
  3.2246
  3.2163
  3.2092
  3.2130
  3.2137
  3.2175
  3.2160
  3.1908
  3.2067
  3.2113
  3.2156
  3.2077
  3.2034
  3.2285
  3.2214
  3.2113
  3.2068
  3.2203
  3.2212
  3.2171
  3.1966
  3.2303
  3.2126
  3.2114
  3.1981
  3.2057
  3.2089
  3.2133
  3.2157
  3.1968
  3.2047
  3.2068
  3.2108
  3.2178
  3.2138
  3.2294
  3.2050
  3.2124
  3.2015
  3.2107
  3.2063
  3.2110
  3.2171
  3.2145
  3.2140
  3.2227
  3.2316
  3.2082
  3.2086
  3.2125
  3.2110
  3.2141
  3.2197
  3.2052
  3.2093
  3.1974
  3.2200
  3.2166
  3.2052
  3.2227
  3.2108
  3.2166
  3.2160
  3.2271
  3.2104
  3.2215
  3.2119
  3.2117
  3.2076
  3.2070
  3.2166
  3.2153
  3.2101
  3.2148
  3.2235
  3.2058
  3.2173
  3.2151
  3.2263
  3.2178
  3.2146
  3.2148
  3.2100
  3.2136
  3.2140
  3.2182
  3.2113
  3.2190
  3.2086
  3.2101
  3.2207
  3.2072
  3.2081
  3.2151
  3.1982
  3.2063
  3.2104
  3.2060
  3.2192
  3.2012
  3.2141
  3.2129
  3.2221
  3.2088
  3.2105
  3.2076
  3.2180
  3.2198
  3.2182
  3.2131
  3.2117
  3.2094
  3.2209
  3.2184
  3.2021
  3.2065
  3.2185
  3.2226
  3.2197
  3.2106
  3.2168
  3.2277
  3.2154
  3.2171
  3.2085
  3.2173
  3.2169
  3.2160
  3.2107
  3.2105
  3.2206
  3.2094
  3.2131
  3.2115
  3.2179
  3.2078
  3.2040
  3.2109
  3.2012
  3.2186
  3.2175
  3.2098
  3.2116
  3.1984
  3.2025
  3.2010
  3.2127
  3.2129
  3.2194
  3.2104
  3.2087
  3.2162
  3.2227
  3.2004
  3.2159
  3.2080
  3.2155
  3.2268
  3.2100
  3.2097
  3.2127
  3.2106
  3.2152
  3.2163
  3.2154
  3.2060
  3.2141
  3.2124
  3.2029
  3.2262
  3.2104
  3.2043
  3.2195
  3.2123
  3.2189
  3.2328
  3.2153
  3.2040
  3.2136
  3.2219
  3.2149
  3.2044
  3.2128
  3.2116
  3.2112
  3.2082
  3.2197
  3.2208
  3.2154
  3.2214
  3.2082
  3.2204
  3.2107
  3.2144
  3.2171
  3.2283
  3.2237
  3.2190
  3.2084
  3.1996
  3.2072
  3.2168
  3.2190
  3.2007
  3.2060
  3.2233
  3.2129
  3.2126
  3.2184
  3.2076
  3.2121
  3.2224
  3.2125
  3.2151
  3.2149
  3.2161
  3.2107
  3.2109
  3.2163
  3.2068
  3.2092
  3.2153
  3.2071
  3.1997
  3.2065
  3.2167
  3.2110
  3.2071
  3.2064
  3.2175
  3.2069
  3.2027
  3.2051
  3.2033
  3.2079
  3.2096
  3.2114
  3.2142
  3.2185
  3.2136
  3.2171
  3.2111
  3.2065
  3.2139
  3.2159
  3.2086
  3.2070
  3.2152
  3.2135
  3.2091
  3.2169
  3.2210
  3.2082
  3.2185
  3.2256
  3.2161
  3.2120
  3.2113
  3.2163
  3.2105
  3.2064
  3.2195
  3.2120
  3.2071
  3.2196
  3.2141
  3.2329
  3.2132
  3.2240
  3.2043
  3.2177
  3.2165
  3.2104
  3.2175
  3.2048
  3.2190
  3.2001
  3.2023
  3.2229
  3.2250
  3.2181
  3.1960
  3.1993
  3.2039
  3.2070
  3.2050
  3.2107
  3.2109
  3.2115
  3.2075
  3.2131
  3.2141
  3.2210
  3.2153
  3.2263
  3.2076
  3.2062
  3.2055
  3.2035
  3.2106
  3.2081
  3.2169
  3.2121
  3.2111
  3.2075
  3.2143
  3.2142
  3.2110
  3.2215
  3.2135
  3.2189
  3.2185
  3.2191
  3.2013
  3.2053
  3.2062
  3.2177
  3.2090
  3.2160
  3.2094
  3.2187
  3.2078
  3.2152
  3.2214
  3.2033
  3.2099
  3.2153
  3.2160
  3.2055
  3.2110
  3.2160
  3.2157
  3.2107
  3.2081
  3.2240
  3.2186
  3.2047
  3.2039
  3.2118
  3.2022
  3.2113
  3.2148
  3.2134
  3.2198
  3.2214
  3.2192
  3.2087
  3.2094
  3.2077
  3.2101
  3.2194
  3.2180
  3.2172
  3.2084
  3.2101
  3.2158
  3.2104
  3.2172
  3.2090
  3.2199
  3.2219
  3.2114
  3.2092
  3.2024
  3.2058
  3.2123
  3.2021
  3.2114
  3.2168
  3.2192
  3.2107
  3.2079
  3.2008
  3.2073
  3.2173
  3.2072
  3.2157
  3.2207
  3.2152
  3.2182
  3.2110
  3.2160
  3.2150
  3.2127
  3.2012
  3.2131
  3.2240
  3.2163
  3.2218
  3.2038
  3.2083
  3.2177
  3.2125
  3.2045
  3.2198
  3.2234
  3.1978
  3.2158
  3.2270
  3.2087
  3.2070
  3.2096
  3.2099
  3.2250
  3.2195
  3.2031
  3.2100
  3.2142
  3.2146
  3.2107
  3.2080
  3.2097
  3.2116
  3.2116
  3.2025
  3.2123
  3.2046
  3.2143
  3.2196
  3.2103
  3.2220
  3.2147
  3.2149
  3.2076
  3.2125
  3.2026
  3.1961
  3.2014
  3.2145
  3.2032
  3.2027
  3.2092
  3.2132
  3.2093
  3.2174
  3.1999
  3.2194
  3.2097
  3.2201
  3.2050
  3.2095
  3.2151
  3.2127
  3.2122
  3.2181
  3.2132
  3.2080
  3.2144
  3.2123
  3.2103
  3.2095
  3.2130
  3.2134
  3.2110
  3.2132
  3.2122
  3.2122
  3.2228
  3.2146
  3.2138
  3.2196
  3.2102
  3.2049
  3.2158
  3.2169
  3.2124
  3.2039
  3.2088
  3.2187
  3.2105
  3.2086
  3.2042
  3.2067
  3.2094
  3.2020
  3.2100
  3.2130
  3.2137
  3.2128
  3.2220
  3.2130
  3.2167
  3.2284
  3.2079
  3.2060
  3.2082
  3.2140
  3.2172
  3.2156
  3.2084
  3.2043
