C1431410.135988
Gadanki 14/03/2014 10:13:29 14/03/2014 10:14:00 0375 0079.2 0013.5 00
0000000 0020 0000600 0020 01
1 0 2 02000 1 0000 0030 00532.o 0 0 00 000 14 000600 0.500 BT0
532.000 .o analog 0 
  3.0609
 21.2674
 18.5655
 11.1765
 12.5308
 14.0833
 17.6262
 28.1142
 38.5806
 41.6076
 39.6808
 36.0023
 32.0796
 28.4705
 25.2639
 22.3964
 20.0021
 18.1020
 16.6629
 15.3818
 14.2764
 13.4282
 12.8113
 11.9517
 11.1104
 10.4892
  9.9675
  9.4377
  8.8136
  8.2759
  7.8049
  7.4792
  7.1771
  6.7848
  6.4992
  6.2259
  5.9810
  5.7116
  5.5476
  5.3889
  5.2196
  5.1217
  5.0056
  4.8918
  4.7930
  4.7048
  4.5702
  4.4718
  4.3991
  4.3599
  4.3358
  4.2312
  4.1471
  4.1045
  4.0871
  4.0886
  4.0673
  3.9728
  3.9577
  3.9928
  3.9538
  3.9004
  3.8003
  3.7605
  3.7580
  3.7316
  3.6695
  3.6583
  3.6440
  3.6097
  3.5903
  3.5687
  3.5447
  3.5228
  3.4918
  3.4820
  3.4800
  3.4577
  3.4579
  3.4502
  3.4768
  3.4831
  3.4351
  3.3729
  3.3628
  3.3408
  3.3409
  3.3364
  3.3335
  3.3103
  3.3111
  3.3127
  3.3053
  3.3027
  3.2862
  3.2937
  3.2660
  3.2749
  3.2755
  3.2535
  3.2573
  3.2464
  3.2318
  3.2430
  3.2343
  3.2256
  3.2315
  3.2245
  3.2297
  3.2109
  3.2227
  3.2051
  3.2040
  3.2043
  3.1960
  3.1894
  3.1903
  3.2005
  3.1860
  3.2030
  3.1982
  3.1852
  3.1796
  3.1795
  3.1817
  3.1866
  3.1864
  3.1800
  3.1737
  3.1654
  3.1700
  3.1685
  3.1559
  3.1621
  3.1686
  3.1504
  3.1477
  3.1581
  3.1499
  3.1547
  3.1573
  3.1541
  3.1427
  3.1430
  3.1491
  3.1398
  3.1509
  3.1493
  3.1308
  3.1304
  3.1359
  3.1356
  3.1303
  3.1426
  3.1454
  3.1408
  3.1436
  3.1383
  3.1385
  3.1283
  3.1254
  3.1203
  3.1229
  3.1261
  3.1253
  3.1276
  3.1311
  3.1251
  3.1240
  3.1241
  3.1052
  3.1135
  3.1218
  3.1184
  3.1154
  3.1111
  3.1107
  3.1171
  3.1141
  3.1090
  3.1155
  3.1208
  3.1112
  3.1115
  3.1157
  3.1153
  3.1025
  3.1015
  3.1107
  3.1108
  3.1080
  3.1043
  3.1108
  3.1144
  3.1150
  3.1135
  3.1109
  3.1132
  3.1124
  3.1007
  3.1064
  3.0988
  3.1014
  3.1163
  3.1072
  3.1117
  3.1042
  3.0997
  3.0966
  3.0986
  3.1033
  3.0941
  3.1074
  3.1114
  3.1012
  3.0962
  3.0903
  3.0963
  3.0891
  3.0924
  3.0921
  3.0974
  3.0920
  3.0921
  3.0933
  3.0961
  3.0822
  3.0966
  3.0932
  3.0883
  3.0952
  3.0886
  3.0934
  3.0858
  3.1006
  3.0831
  3.0960
  3.0887
  3.0938
  3.1038
  3.0900
  3.0874
  3.0859
  3.0989
  3.0978
  3.0926
  3.0932
  3.0846
  3.0915
  3.0820
  3.0826
  3.0855
  3.0904
  3.0909
  3.0935
  3.0873
  3.0935
  3.0888
  3.0910
  3.1022
  3.0881
  3.0938
  3.0866
  3.0853
  3.0843
  3.0820
  3.0880
  3.0893
  3.0957
  3.0920
  3.0889
  3.0865
  3.0936
  3.0896
  3.0716
  3.0819
  3.0923
  3.0817
  3.0838
  3.0760
  3.0802
  3.0847
  3.0824
  3.0868
  3.0870
  3.0948
  3.0714
  3.0800
  3.0866
  3.0796
  3.0797
  3.0903
  3.0917
  3.0811
  3.0763
  3.0843
  3.0870
  3.0802
  3.0823
  3.0848
  3.0813
  3.0826
  3.0933
  3.0765
  3.0745
  3.0842
  3.0785
  3.0747
  3.0806
  3.0825
  3.0872
  3.0825
  3.0779
  3.0814
  3.0785
  3.0742
  3.0855
  3.0729
  3.0737
  3.0781
  3.0758
  3.0888
  3.0838
  3.0943
  3.0830
  3.0731
  3.0752
  3.0732
  3.0850
  3.0776
  3.0833
  3.0766
  3.0823
  3.0676
  3.0766
  3.0828
  3.0921
  3.0798
  3.0728
  3.0832
  3.0786
  3.0875
  3.0781
  3.0772
  3.0757
  3.0822
  3.0731
  3.0812
  3.0764
  3.0703
  3.0704
  3.0843
  3.0823
  3.0703
  3.0847
  3.0887
  3.0811
  3.0904
  3.0775
  3.0766
  3.0813
  3.0744
  3.0855
  3.0776
  3.0837
  3.0659
  3.0812
  3.0801
  3.0677
  3.0717
  3.0806
  3.0772
  3.0748
  3.0759
  3.0812
  3.0855
  3.0701
  3.0843
  3.0748
  3.0760
  3.0875
  3.0785
  3.0798
  3.0654
  3.0698
  3.0866
  3.0875
  3.0680
  3.0868
  3.0833
  3.0808
  3.0889
  3.0799
  3.0864
  3.0755
  3.0737
  3.0845
  3.0707
  3.0717
  3.0629
  3.0743
  3.0710
  3.0801
  3.0799
  3.0787
  3.0677
  3.0672
  3.0792
  3.0747
  3.0785
  3.0717
  3.0792
  3.0863
  3.0730
  3.0619
  3.0699
  3.0884
  3.0662
  3.0787
  3.0852
  3.0656
  3.0791
  3.0770
  3.0893
  3.0763
  3.0788
  3.0722
  3.0762
  3.0776
  3.0805
  3.0780
  3.0743
  3.0624
  3.0683
  3.0767
  3.0746
  3.0752
  3.0791
  3.0805
  3.0655
  3.0718
  3.0847
  3.0807
  3.0864
  3.0805
  3.0799
  3.0771
  3.0862
  3.0717
  3.0799
  3.0752
  3.0705
  3.0757
  3.0679
  3.0721
  3.0646
  3.0836
  3.0815
  3.0715
  3.0734
  3.0774
  3.0741
  3.0732
  3.0734
  3.0728
  3.0627
  3.0716
  3.0737
  3.0710
  3.0816
  3.0753
  3.0705
  3.0695
  3.0819
  3.0733
  3.0800
  3.0823
  3.0716
  3.0809
  3.0578
  3.0773
  3.0721
  3.0706
  3.0830
  3.0755
  3.0835
  3.0659
  3.0794
  3.0767
  3.0716
  3.0692
  3.0739
  3.0706
  3.0734
  3.0711
  3.0834
  3.0675
  3.0813
  3.0641
  3.0721
  3.0822
  3.0709
  3.0789
  3.0733
  3.0786
  3.0706
  3.0618
  3.0735
  3.0795
  3.0758
  3.0692
  3.0705
  3.0861
  3.0742
  3.0857
  3.0708
  3.0648
  3.0806
  3.0880
  3.0821
  3.0732
  3.0666
  3.0671
  3.0796
  3.0726
  3.0698
  3.0841
  3.0661
  3.0738
  3.0741
  3.0700
  3.0805
  3.0675
  3.0806
  3.0628
  3.0768
  3.0720
  3.0712
  3.0792
  3.0675
  3.0791
  3.0715
  3.0724
  3.0714
  3.0738
  3.0752
  3.0728
  3.0739
  3.0764
  3.0775
  3.0756
  3.0790
  3.0713
  3.0817
  3.0662
  3.0622
  3.0753
  3.0693
  3.0757
  3.0702
  3.0762
  3.0684
  3.0819
  3.0755
  3.0754
  3.0826
  3.0788
  3.0771
  3.0567
  3.0678
  3.0888
  3.0839
  3.0812
  3.0720
  3.0799
  3.0746
  3.0813
  3.0678
  3.0707
  3.0731
  3.0620
  3.0658
  3.0675
  3.0604
  3.0796
  3.0768
  3.0751
  3.0807
  3.0857
  3.0774
  3.0860
  3.0688
  3.0673
  3.0748
  3.0753
  3.0622
  3.0686
  3.0766
  3.0787
  3.0684
  3.0777
  3.0766
  3.0761
  3.0789
  3.0696
  3.0681
  3.0843
  3.0732
  3.0615
  3.0723
  3.0762
  3.0747
  3.0816
  3.0716
  3.0735
  3.0774
  3.0701
  3.0782
  3.0708
  3.0667
  3.0733
  3.0615
  3.0698
  3.0745
  3.0637
  3.0678
  3.0767
  3.0679
  3.0701
  3.0794
  3.0788
  3.0816
  3.0705
  3.0712
  3.0664
  3.0724
  3.0784
  3.0706
  3.0729
  3.0717
  3.0706
  3.0797
  3.0690
  3.0733
  3.0685
  3.0713
  3.0721
  3.0542
  3.0677
  3.0833
  3.0814
  3.0841
  3.0744
  3.0683
  3.0583
  3.0598
  3.0820
  3.0721
  3.0667
  3.0735
  3.0766
  3.0701
  3.0839
  3.0752
  3.0733
  3.0702
  3.0767
  3.0575
  3.0665
  3.0642
  3.0792
  3.0743
  3.0715
  3.0760
  3.0754
  3.0606
  3.0789
  3.0765
  3.0739
  3.0632
  3.0762
  3.0703
  3.0693
  3.0725
  3.0769
  3.0649
  3.0732
  3.0841
  3.0855
  3.0734
  3.0757
  3.0713
  3.0601
  3.0751
  3.0882
  3.0898
  3.0770
  3.0770
  3.0809
  3.0741
  3.0692
  3.0768
  3.0744
  3.0711
  3.0643
  3.0818
  3.0787
  3.0741
  3.0700
  3.0844
  3.0693
  3.0788
  3.0707
  3.0733
  3.0683
  3.0768
  3.0720
  3.0772
  3.0799
  3.0783
  3.0804
  3.0753
  3.0770
  3.0760
  3.0759
  3.0825
  3.0809
  3.0712
  3.0616
  3.0610
  3.0664
  3.0782
  3.0759
  3.0840
  3.0730
  3.0709
  3.0766
  3.0745
  3.0696
  3.0615
  3.0822
  3.0729
  3.0813
  3.0778
  3.0730
  3.0685
  3.0661
  3.0715
  3.0775
  3.0711
  3.0698
  3.0793
  3.0762
  3.0770
  3.0660
  3.0650
  3.0704
  3.0693
  3.0846
  3.0756
  3.0733
  3.0677
  3.0642
  3.0677
  3.0641
  3.0679
  3.0786
  3.0701
  3.0723
  3.0729
  3.0757
  3.0710
  3.0775
  3.0669
  3.0754
  3.0716
  3.0730
  3.0673
  3.0682
  3.0651
  3.0739
  3.0677
  3.0718
  3.0758
  3.0729
  3.0685
  3.0765
  3.0642
  3.0664
  3.0742
  3.0686
  3.0681
  3.0797
  3.0735
  3.0793
  3.0711
  3.0793
  3.0653
  3.0682
  3.0659
  3.0640
  3.0686
  3.0775
  3.0669
  3.0675
  3.0715
  3.0620
  3.0821
  3.0705
  3.0762
  3.0723
  3.0804
  3.0718
  3.0714
  3.0593
  3.0701
  3.0760
  3.0739
  3.0745
  3.0736
  3.0655
  3.0753
  3.0661
  3.0744
  3.0710
  3.0780
  3.0783
  3.0604
  3.0773
  3.0739
  3.0739
  3.0623
  3.0745
  3.0779
  3.0763
  3.0791
  3.0877
  3.0833
  3.0649
  3.0739
  3.0791
  3.0764
  3.0785
  3.0820
  3.0784
  3.0795
  3.0715
  3.0661
  3.0802
  3.0710
  3.0638
  3.0721
  3.0691
  3.0718
  3.0676
  3.0812
  3.0684
  3.0647
  3.0686
  3.0741
  3.0762
  3.0765
  3.0756
  3.0740
  3.0681
  3.0695
  3.0663
  3.0770
  3.0669
  3.0647
  3.0729
  3.0757
  3.0680
  3.0686
  3.0632
  3.0786
  3.0672
  3.0687
  3.0684
  3.0501
  3.0669
  3.0674
  3.0644
  3.0746
  3.0676
  3.0539
  3.0665
  3.0561
  3.0700
  3.0774
  3.0683
  3.0723
  3.0714
  3.0707
  3.0655
  3.0750
  3.0613
  3.0640
  3.0701
  3.0649
  3.0787
  3.0642
  3.0747
  3.0686
  3.0714
  3.0823
  3.0720
  3.0666
  3.0663
  3.0709
  3.0687
  3.0796
  3.0674
  3.0663
  3.0699
  3.0696
  3.0670
  3.0692
  3.0660
  3.0652
  3.0661
  3.0701
  3.0691
  3.0735
  3.0702
  3.0663
  3.0635
  3.0682
  3.0670
  3.0750
  3.0691
  3.0523
  3.0778
  3.0802
  3.0627
  3.0777
  3.0693
  3.0649
  3.0614
  3.0689
  3.0730
  3.0627
  3.0641
  3.0635
  3.0728
  3.0804
  3.0761
  3.0895
  3.0719
  3.0605
  3.0675
  3.0848
  3.0702
  3.0743
  3.0650
  3.0652
  3.0683
  3.0717
  3.0735
  3.0702
  3.0718
  3.0704
  3.0782
  3.0680
  3.0743
  3.0739
  3.0762
  3.0710
  3.0720
  3.0724
  3.0777
  3.0777
  3.0787
  3.0585
  3.0712
  3.0792
  3.0743
  3.0616
  3.0823
  3.0730
  3.0733
  3.0843
  3.0711
  3.0693
  3.0831
  3.0748
  3.0754
  3.0734
  3.0744
  3.0719
  3.0726
  3.0842
  3.0833
  3.0594
  3.0703
  3.0655
  3.0617
  3.0772
  3.0647
  3.0695
  3.0779
  3.0784
  3.0673
  3.0759
  3.0770
  3.0695
  3.0693
  3.0707
  3.0670
  3.0758
  3.0712
  3.0589
  3.0657
  3.0771
  3.0694
  3.0829
  3.0650
  3.0656
  3.0788
  3.0645
  3.0776
  3.0784
  3.0759
  3.0692
  3.0758
  3.0730
  3.0842
  3.0676
  3.0713
  3.0688
  3.0760
  3.0709
  3.0725
  3.0624
  3.0792
  3.0653
  3.0756
  3.1019
  3.0744
  3.0808
  3.0631
  3.0753
  3.0703
  3.0762
  3.0772
  3.0806
  3.0733
  3.0780
  3.0683
  3.0849
  3.0706
  3.0741
  3.0678
  3.0758
  3.0770
  3.0829
  3.0739
  3.0788
  3.0675
  3.0657
  3.0613
  3.0679
  3.0788
  3.0694
  3.0751
  3.0699
  3.0805
  3.0729
  3.0722
  3.0691
  3.0637
  3.0689
  3.0736
  3.0669
  3.0816
  3.0682
  3.0729
  3.0759
  3.0726
  3.0593
  3.0718
  3.0777
  3.0606
  3.0614
  3.0740
  3.0691
  3.0783
  3.0751
  3.0707
  3.0585
  3.0682
  3.0804
  3.0691
  3.0733
  3.0681
  3.0780
  3.0720
  3.0630
  3.0707
  3.0708
  3.0695
  3.0812
  3.0712
  3.0804
  3.0729
  3.0647
  3.0595
  3.0806
  3.0703
  3.0735
  3.0691
  3.0689
  3.0583
  3.0760
  3.0712
  3.0636
  3.0779
  3.0654
  3.0751
  3.0571
  3.0740
  3.0755
  3.0730
  3.0801
  3.0748
  3.0753
  3.0655
  3.0677
  3.0739
  3.0735
  3.0642
  3.0676
  3.0696
  3.0722
  3.0699
  3.0768
  3.0623
  3.0587
  3.0681
  3.0767
  3.0716
  3.0685
  3.0665
  3.0765
  3.0872
  3.0723
  3.0673
  3.0865
  3.0739
  3.0737
  3.0667
  3.0868
  3.0769
  3.0796
  3.0777
  3.0703
  3.0777
  3.0723
  3.0722
  3.0668
  3.0617
  3.0729
  3.0787
  3.0729
  3.0618
  3.0726
  3.0686
  3.0799
  3.0650
  3.0685
  3.0779
  3.0706
  3.0691
  3.0703
  3.0677
  3.0702
  3.0790
  3.0647
  3.0718
  3.0751
  3.0676
  3.0603
  3.0738
  3.0643
  3.0701
  3.0731
  3.0721
  3.0699
  3.0739
  3.0664
  3.0707
  3.0721
  3.0768
  3.0596
  3.0701
  3.0637
  3.0753
  3.0881
  3.0788
  3.0720
  3.0698
  3.0694
  3.0710
  3.0763
  3.0646
  3.0693
  3.0771
  3.0763
  3.0720
  3.0717
  3.0679
  3.0687
  3.0702
  3.0744
  3.0651
  3.0791
  3.0703
  3.0688
  3.0697
  3.0688
  3.0633
  3.0783
  3.0635
  3.0829
  3.0776
  3.0746
  3.0687
  3.0655
  3.0682
  3.0712
  3.0696
  3.0789
  3.0698
  3.0810
  3.0755
  3.0676
  3.0748
  3.0693
  3.0750
  3.0724
  3.0758
  3.0713
  3.0771
  3.0806
  3.0638
  3.0675
  3.0693
  3.0806
  3.0722
  3.0799
  3.0781
  3.0831
  3.0660
  3.0674
  3.0675
  3.0733
  3.0711
  3.0793
  3.0684
  3.0683
  3.0711
  3.0817
  3.0730
  3.0666
  3.0754
  3.0681
  3.0718
  3.0714
  3.0659
  3.0684
  3.0756
  3.0830
  3.0596
  3.0668
  3.0783
  3.0733
  3.0725
  3.0751
  3.0730
  3.0669
  3.0671
  3.0759
  3.0718
  3.0686
  3.0810
  3.0646
  3.0693
  3.0754
  3.0725
  3.0768
  3.0658
  3.0672
  3.0847
  3.0606
  3.0562
  3.0773
  3.0722
  3.0707
  3.0743
  3.0665
  3.0649
  3.0775
  3.0805
  3.0673
  3.0701
  3.0782
  3.0797
  3.0700
  3.0809
  3.0684
  3.0973
  3.0680
  3.0790
  3.0734
  3.0730
  3.0752
  3.0736
  3.0656
  3.0724
  3.0793
  3.0617
  3.0764
  3.0655
  3.0657
  3.0683
  3.0674
  3.0721
  3.0778
  3.0687
  3.0699
  3.0664
  3.0660
  3.0747
  3.0740
  3.0744
  3.0696
  3.0742
  3.0618
  3.0687
  3.0707
  3.0710
  3.0754
  3.0706
  3.0585
  3.0722
  3.0680
  3.0889
  3.0692
  3.0704
  3.0732
  3.0663
  3.0747
  3.0832
  3.0719
  3.0671
  3.0692
  3.0743
  3.0730
  3.0753
  3.0696
  3.0804
  3.0666
  3.0763
  3.0676
  3.0680
  3.0763
  3.0771
  3.0617
  3.0689
  3.0658
  3.0632
  3.0706
  3.0753
  3.0695
  3.0641
  3.0667
  3.0741
  3.0659
  3.0689
  3.0704
  3.0709
  3.0721
  3.0711
  3.0751
  3.0561
  3.0834
  3.0800
  3.0747
  3.0637
  3.0651
  3.0768
  3.0680
  3.0630
  3.0616
  3.0675
  3.0840
  3.0745
  3.0783
  3.0770
  3.0750
  3.0748
  3.0779
  3.0708
  3.0736
  3.0681
  3.0724
  3.0727
  3.0751
  3.0671
  3.0741
  3.0710
  3.0728
  3.0832
  3.0681
  3.0800
  3.0651
  3.0793
  3.0696
  3.0786
  3.0638
  3.0804
  3.0680
  3.0817
  3.0684
  3.0693
  3.0523
  3.0649
  3.0754
  3.0677
  3.0753
  3.0653
  3.0610
  3.0735
  3.0585
  3.0681
  3.0761
  3.0715
  3.0731
  3.0687
  3.0710
  3.0679
  3.0674
  3.0608
  3.0675
  3.0695
  3.0639
  3.0804
  3.0639
  3.0727
  3.0696
  3.0671
  3.0610
  3.0754
  3.0695
  3.0666
  3.0672
  3.0807
  3.0737
  3.0672
  3.0838
  3.0691
  3.0649
  3.0707
  3.0726
  3.0734
  3.0755
  3.0791
  3.0695
  3.0632
  3.0686
  3.0688
  3.0676
  3.0770
  3.0758
  3.0777
  3.0691
  3.0722
  3.0729
  3.0589
  3.0737
  3.0765
  3.0744
  3.0737
  3.0750
  3.0636
  3.0743
  3.0701
  3.0679
  3.0645
  3.0708
  3.0712
  3.0652
  3.0798
  3.0637
  3.0791
  3.0604
  3.0740
  3.0742
  3.0724
  3.0738
  3.0757
  3.0844
  3.0697
  3.0794
  3.0748
  3.0726
  3.0724
  3.0817
  3.0705
  3.0677
  3.0682
  3.0697
  3.0722
  3.0705
  3.0626
  3.0754
  3.0671
  3.0744
  3.0655
  3.0580
  3.0647
  3.0695
  3.0749
  3.0610
  3.0655
  3.0793
  3.0777
  3.0712
  3.0744
  3.0646
  3.0799
  3.0811
  3.0646
  3.0704
  3.0675
  3.0745
  3.0769
  3.0774
  3.0662
  3.0730
  3.0805
  3.0709
  3.0792
  3.0747
  3.0671
  3.0736
  3.0810
  3.0795
  3.0795
  3.0779
  3.0819
  3.0740
  3.0599
  3.0756
  3.0721
  3.0700
  3.0687
  3.0718
  3.0703
  3.0741
  3.0670
  3.0689
  3.0852
  3.0861
  3.0802
  3.0781
  3.0666
  3.0615
  3.0729
  3.0707
  3.0762
  3.0638
  3.0618
  3.0729
  3.0702
  3.0640
  3.0641
  3.0726
  3.0689
  3.0688
  3.0752
  3.0704
  3.0716
  3.0733
  3.0769
  3.0665
  3.0695
  3.0766
  3.0686
  3.0723
  3.0715
  3.0709
  3.0722
  3.0751
  3.0834
  3.0647
  3.0644
  3.0717
  3.0749
  3.0742
  3.0651
  3.0822
  3.0723
  3.0802
  3.0745
  3.0824
  3.0933
  3.0611
  3.0728
  3.0693
  3.0692
  3.0668
  3.0724
  3.0714
  3.0844
  3.0703
  3.0712
  3.0751
  3.0657
  3.0709
  3.0630
  3.0855
  3.0753
  3.0679
  3.0656
  3.0755
  3.0664
  3.0620
  3.0721
  3.0693
  3.0710
  3.0701
  3.0776
  3.0653
  3.0714
  3.0737
  3.0750
  3.0691
  3.0673
  3.0644
  3.0796
  3.0757
  3.0769
  3.0772
  3.0707
  3.0698
  3.0740
  3.0694
  3.0772
  3.0780
  3.0641
  3.0763
  3.0895
  3.0746
  3.0711
  3.0656
  3.0736
  3.0743
  3.0730
  3.0887
  3.0729
  3.0698
  3.0797
  3.0789
  3.0768
  3.0679
  3.0737
  3.0883
  3.0748
  3.0783
  3.0795
  3.0649
  3.0639
  3.0735
  3.0654
  3.0648
  3.0757
  3.0722
  3.0751
  3.0844
  3.0763
  3.0762
  3.0769
  3.0783
  3.0789
  3.0723
  3.0634
  3.0558
  3.0734
  3.0730
  3.0630
  3.0780
  3.0765
  3.0722
  3.0784
  3.0642
  3.0704
  3.0717
  3.0833
  3.0758
  3.0772
  3.0741
  3.0685
  3.0740
  3.0745
  3.0775
  3.0714
  3.0620
  3.0818
  3.0694
  3.0709
  3.0726
  3.0666
  3.0704
  3.0679
  3.0679
  3.0740
  3.0723
  3.0718
  3.0682
  3.0734
  3.0739
  3.0754
  3.0549
  3.0731
  3.0759
  3.0769
  3.0745
  3.0666
  3.0833
  3.0643
  3.0850
  3.0772
  3.0652
  3.0666
  3.0708
  3.0671
  3.0649
  3.0772
  3.0701
  3.0759
  3.0742
  3.0800
  3.0648
  3.0741
  3.0608
  3.0656
  3.0753
  3.0588
  3.0699
  3.0796
  3.0585
  3.0612
  3.0636
  3.0766
  3.0711
  3.0740
  3.0723
  3.0725
  3.0700
  3.0777
  3.0795
  3.0760
  3.0672
  3.0650
  3.0670
  3.0712
  3.0711
  3.0724
  3.0609
  3.0790
  3.0795
  3.0768
  3.0787
  3.0692
  3.0624
  3.0588
  3.0592
  3.0769
  3.0794
  3.0733
  3.0650
  3.0710
  3.0741
  3.0729
  3.0671
  3.0774
  3.0786
  3.0801
  3.0727
  3.0748
  3.0703
  3.0690
  3.0633
  3.0785
  3.0869
  3.0688
  3.0764
  3.0785
  3.0688
  3.0782
  3.0759
  3.0667
  3.0702
  3.0654
  3.0815
  3.0689
  3.0655
  3.0692
  3.0750
  3.0653
  3.0679
  3.0719
  3.0619
  3.0796
  3.0691
  3.0642
  3.0711
  3.0665
  3.0700
  3.0730
  3.0824
  3.0872
  3.0669
  3.0670
  3.0704
  3.0768
  3.0748
  3.0761
  3.0620
  3.0789
  3.0633
  3.0694
  3.0718
  3.0758
  3.0734
  3.0636
  3.0747
  3.0642
  3.0805
  3.0559
  3.0566
  3.0715
  3.0760
  3.0699
  3.0801
  3.0677
  3.0622
  3.0740
  3.0686
  3.0734
  3.0705
  3.0792
  3.0735
  3.0762
  3.0711
  3.0767
  3.0752
  3.0790
  3.0686
  3.0745
  3.0787
  3.0627
  3.0694
  3.0727
  3.0756
  3.0922
  3.0758
  3.0678
  3.0877
  3.0739
  3.0712
  3.0804
  3.0672
  3.0817
  3.0734
  3.0627
  3.0621
  3.0646
  3.0782
  3.0783
  3.0750
  3.0717
  3.0791
  3.0649
  3.0679
  3.0705
  3.0799
  3.0710
  3.0721
  3.0737
  3.0745
  3.0749
  3.0733
  3.0614
  3.0653
  3.0772
  3.0696
  3.0688
  3.0707
  3.0656
  3.0769
  3.0653
  3.0754
  3.0783
  3.0679
  3.0718
  3.0844
  3.0843
  3.0716
  3.0777
  3.0752
  3.0732
  3.0851
  3.0619
  3.0702
  3.0739
  3.0742
  3.0662
  3.0743
  3.0669
  3.0657
  3.0743
  3.0754
  3.0720
  3.0868
  3.0680
  3.0772
  3.0597
  3.0749
  3.0765
  3.0735
  3.0867
  3.0704
  3.0712
  3.0730
  3.0785
  3.0798
  3.0782
  3.0687
  3.0793
  3.0664
  3.0777
  3.0710
  3.0856
  3.0756
  3.0643
  3.0801
  3.0685
  3.0711
  3.0720
  3.0671
  3.0695
  3.0808
  3.0643
  3.0691
  3.0695
  3.0660
  3.0703
  3.0756
  3.0674
  3.0717
  3.0714
  3.0802
  3.0740
  3.0766
  3.0702
  3.0818
  3.0751
  3.0782
  3.0716
  3.0699
  3.0680
  3.0695
  3.0576
  3.0706
  3.0787
  3.0652
  3.0686
  3.0789
  3.0735
  3.0710
  3.0726
  3.0698
  3.0761
  3.0799
  3.0701
  3.0617
  3.0647
  3.0752
  3.0734
  3.0787
  3.0700
  3.0744
  3.0554
  3.0744
  3.0797
  3.0797
  3.0725
  3.0677
