C1431410.102634
Gadanki 14/03/2014 10:09:56 14/03/2014 10:10:26 0375 0079.2 0013.5 00
0000000 0020 0000600 0020 01
1 0 2 02000 1 0000 0030 00532.o 0 0 00 000 14 000600 0.500 BT0
532.000 .o analog 0 
  3.0239
 21.2978
 18.4943
 11.0009
 12.3077
 13.7730
 17.2739
 27.7623
 38.5679
 41.4305
 39.8953
 36.0583
 32.0128
 28.4432
 25.1808
 22.5080
 20.1712
 18.3019
 16.7676
 15.3702
 14.1801
 13.0823
 12.4389
 11.6481
 11.0711
 10.4624
  9.9181
  9.4215
  8.9269
  8.4686
  8.0199
  7.5907
  7.0475
  6.5518
  6.2478
  6.0024
  5.8181
  5.6558
  5.4988
  5.3728
  5.2183
  5.1052
  4.9904
  4.8971
  4.7927
  4.7261
  4.6149
  4.4638
  4.3575
  4.3561
  4.2942
  4.2328
  4.1239
  4.0927
  4.1185
  4.0875
  4.0473
  3.9445
  3.9186
  3.9444
  3.9414
  3.8670
  3.7786
  3.7374
  3.7461
  3.6888
  3.6465
  3.6158
  3.6060
  3.5891
  3.5643
  3.5523
  3.5075
  3.4794
  3.4571
  3.4495
  3.4322
  3.4190
  3.4147
  3.4186
  3.4117
  3.4475
  3.4304
  3.3693
  3.3190
  3.2975
  3.3239
  3.3041
  3.2903
  3.2901
  3.2788
  3.2834
  3.2828
  3.2500
  3.2500
  3.2478
  3.2417
  3.2296
  3.2286
  3.2203
  3.2356
  3.2135
  3.2157
  3.1992
  3.1964
  3.2060
  3.1952
  3.1995
  3.1796
  3.1771
  3.1756
  3.1826
  3.1745
  3.1870
  3.1697
  3.1759
  3.1670
  3.1580
  3.1558
  3.1534
  3.1532
  3.1459
  3.1577
  3.1540
  3.1396
  3.1348
  3.1381
  3.1445
  3.1297
  3.1410
  3.1399
  3.1300
  3.1324
  3.1283
  3.1243
  3.1319
  3.1209
  3.1253
  3.1156
  3.1131
  3.1068
  3.1142
  3.1198
  3.1056
  3.1250
  3.1122
  3.1186
  3.0995
  3.1078
  3.1156
  3.1229
  3.0895
  3.0931
  3.0992
  3.1085
  3.0967
  3.0984
  3.1004
  3.0863
  3.0987
  3.0927
  3.0847
  3.0894
  3.0856
  3.0934
  3.0969
  3.0824
  3.0849
  3.0914
  3.0909
  3.0836
  3.0849
  3.0833
  3.0845
  3.0812
  3.0914
  3.0782
  3.0772
  3.0740
  3.0790
  3.0747
  3.0705
  3.0868
  3.0908
  3.0679
  3.0817
  3.0720
  3.0612
  3.0790
  3.0758
  3.0694
  3.0769
  3.0482
  3.0679
  3.0751
  3.0705
  3.0776
  3.0754
  3.0685
  3.0595
  3.0684
  3.0587
  3.0656
  3.0573
  3.0644
  3.0593
  3.0689
  3.0731
  3.0607
  3.0722
  3.0653
  3.0648
  3.0684
  3.0604
  3.0628
  3.0703
  3.0614
  3.0626
  3.0674
  3.0648
  3.0616
  3.0705
  3.0701
  3.0708
  3.0551
  3.0584
  3.0553
  3.0486
  3.0648
  3.0566
  3.0569
  3.0670
  3.0558
  3.0511
  3.0521
  3.0582
  3.0530
  3.0646
  3.0583
  3.0537
  3.0514
  3.0615
  3.0701
  3.0571
  3.0574
  3.0517
  3.0573
  3.0518
  3.0532
  3.0527
  3.0491
  3.0468
  3.0434
  3.0400
  3.0551
  3.0427
  3.0546
  3.0580
  3.0550
  3.0549
  3.0491
  3.0492
  3.0611
  3.0485
  3.0494
  3.0545
  3.0538
  3.0479
  3.0462
  3.0597
  3.0441
  3.0466
  3.0341
  3.0559
  3.0455
  3.0519
  3.0559
  3.0490
  3.0530
  3.0496
  3.0440
  3.0485
  3.0479
  3.0474
  3.0519
  3.0443
  3.0451
  3.0532
  3.0433
  3.0472
  3.0432
  3.0448
  3.0476
  3.0596
  3.0442
  3.0517
  3.0558
  3.0572
  3.0582
  3.0444
  3.0528
  3.0569
  3.0423
  3.0485
  3.0437
  3.0502
  3.0447
  3.0549
  3.0475
  3.0442
  3.0396
  3.0444
  3.0567
  3.0497
  3.0477
  3.0558
  3.0494
  3.0560
  3.0592
  3.0482
  3.0465
  3.0552
  3.0367
  3.0419
  3.0427
  3.0414
  3.0423
  3.0489
  3.0492
  3.0470
  3.0406
  3.0401
  3.0404
  3.0479
  3.0500
  3.0443
  3.0481
  3.0507
  3.0399
  3.0404
  3.0413
  3.0441
  3.0432
  3.0536
  3.0447
  3.0520
  3.0577
  3.0521
  3.0433
  3.0360
  3.0419
  3.0497
  3.0520
  3.0304
  3.0412
  3.0398
  3.0435
  3.0436
  3.0358
  3.0325
  3.0510
  3.0446
  3.0470
  3.0384
  3.0410
  3.0445
  3.0397
  3.0337
  3.0348
  3.0404
  3.0377
  3.0446
  3.0473
  3.0385
  3.0397
  3.0405
  3.0386
  3.0467
  3.0415
  3.0373
  3.0428
  3.0413
  3.0394
  3.0354
  3.0519
  3.0465
  3.0474
  3.0436
  3.0370
  3.0424
  3.0357
  3.0325
  3.0382
  3.0366
  3.0418
  3.0471
  3.0468
  3.0447
  3.0314
  3.0368
  3.0378
  3.0400
  3.0488
  3.0411
  3.0400
  3.0400
  3.0378
  3.0518
  3.0374
  3.0310
  3.0415
  3.0442
  3.0401
  3.0332
  3.0434
  3.0334
  3.0402
  3.0394
  3.0357
  3.0375
  3.0396
  3.0449
  3.0372
  3.0402
  3.0388
  3.0506
  3.0342
  3.0352
  3.0427
  3.0395
  3.0439
  3.0399
  3.0375
  3.0385
  3.0333
  3.0449
  3.0406
  3.0413
  3.0424
  3.0352
  3.0393
  3.0361
  3.0466
  3.0405
  3.0330
  3.0477
  3.0313
  3.0373
  3.0378
  3.0402
  3.0466
  3.0422
  3.0458
  3.0477
  3.0377
  3.0337
  3.0444
  3.0342
  3.0491
  3.0414
  3.0415
  3.0371
  3.0341
  3.0443
  3.0417
  3.0314
  3.0394
  3.0416
  3.0424
  3.0367
  3.0419
  3.0316
  3.0462
  3.0349
  3.0474
  3.0386
  3.0287
  3.0418
  3.0420
  3.0383
  3.0418
  3.0403
  3.0470
  3.0432
  3.0359
  3.0378
  3.0308
  3.0442
  3.0423
  3.0380
  3.0376
  3.0392
  3.0482
  3.0446
  3.0404
  3.0398
  3.0367
  3.0422
  3.0363
  3.0349
  3.0347
  3.0461
  3.0347
  3.0321
  3.0402
  3.0325
  3.0422
  3.0376
  3.0262
  3.0384
  3.0420
  3.0309
  3.0357
  3.0331
  3.0464
  3.0409
  3.0346
  3.0356
  3.0465
  3.0331
  3.0452
  3.0519
  3.0377
  3.0413
  3.0295
  3.0336
  3.0292
  3.0412
  3.0363
  3.0444
  3.0399
  3.0419
  3.0414
  3.0370
  3.0276
  3.0391
  3.0406
  3.0374
  3.0465
  3.0384
  3.0376
  3.0399
  3.0315
  3.0332
  3.0333
  3.0311
  3.0301
  3.0430
  3.0356
  3.0252
  3.0454
  3.0469
  3.0278
  3.0407
  3.0365
  3.0488
  3.0330
  3.0372
  3.0501
  3.0341
  3.0205
  3.0420
  3.0361
  3.0412
  3.0437
  3.0428
  3.0490
  3.0459
  3.0370
  3.0321
  3.0266
  3.0381
  3.0481
  3.0330
  3.0492
  3.0426
  3.0408
  3.0439
  3.0294
  3.0396
  3.0298
  3.0495
  3.0440
  3.0375
  3.0424
  3.0298
  3.0280
  3.0402
  3.0430
  3.0422
  3.0289
  3.0322
  3.0343
  3.0304
  3.0463
  3.0304
  3.0361
  3.0453
  3.0368
  3.0286
  3.0404
  3.0307
  3.0535
  3.0337
  3.0389
  3.0337
  3.0411
  3.0226
  3.0359
  3.0422
  3.0397
  3.0278
  3.0478
  3.0560
  3.0447
  3.0309
  3.0206
  3.0271
  3.0460
  3.0344
  3.0431
  3.0403
  3.0373
  3.0340
  3.0510
  3.0513
  3.0375
  3.0332
  3.0394
  3.0396
  3.0456
  3.0342
  3.0428
  3.0374
  3.0347
  3.0298
  3.0337
  3.0406
  3.0391
  3.0376
  3.0337
  3.0499
  3.0387
  3.0411
  3.0443
  3.0377
  3.0432
  3.0390
  3.0346
  3.0341
  3.0429
  3.0391
  3.0530
  3.0377
  3.0435
  3.0444
  3.0404
  3.0403
  3.0362
  3.0467
  3.0374
  3.0348
  3.0378
  3.0431
  3.0377
  3.0454
  3.0365
  3.0405
  3.0410
  3.0444
  3.0383
  3.0355
  3.0245
  3.0332
  3.0346
  3.0404
  3.0453
  3.0270
  3.0287
  3.0468
  3.0393
  3.0414
  3.0522
  3.0309
  3.0377
  3.0422
  3.0404
  3.0343
  3.0351
  3.0443
  3.0327
  3.0363
  3.0356
  3.0480
  3.0386
  3.0438
  3.0363
  3.0509
  3.0339
  3.0344
  3.0378
  3.0403
  3.0458
  3.0394
  3.0477
  3.0487
  3.0331
  3.0425
  3.0481
  3.0410
  3.0403
  3.0383
  3.0355
  3.0408
  3.0447
  3.0329
  3.0337
  3.0350
  3.0262
  3.0332
  3.0272
  3.0346
  3.0320
  3.0410
  3.0437
  3.0431
  3.0331
  3.0325
  3.0349
  3.0349
  3.0394
  3.0184
  3.0250
  3.0396
  3.0359
  3.0375
  3.0314
  3.0308
  3.0451
  3.0351
  3.0293
  3.0348
  3.0455
  3.0243
  3.0372
  3.0303
  3.0359
  3.0423
  3.0344
  3.0362
  3.0439
  3.0408
  3.0342
  3.0349
  3.0378
  3.0377
  3.0406
  3.0334
  3.0402
  3.0407
  3.0342
  3.0380
  3.0303
  3.0309
  3.0469
  3.0293
  3.0303
  3.0317
  3.0337
  3.0518
  3.0295
  3.0354
  3.0344
  3.0483
  3.0335
  3.0506
  3.0484
  3.0451
  3.0304
  3.0464
  3.0606
  3.0462
  3.0305
  3.0449
  3.0373
  3.0375
  3.0331
  3.0362
  3.0324
  3.0369
  3.0354
  3.0327
  3.0476
  3.0319
  3.0272
  3.0405
  3.0399
  3.0464
  3.0350
  3.0361
  3.0346
  3.0350
  3.0429
  3.0363
  3.0409
  3.0434
  3.0476
  3.0334
  3.0252
  3.0503
  3.0481
  3.0312
  3.0380
  3.0500
  3.0358
  3.0370
  3.0399
  3.0388
  3.0409
  3.0423
  3.0347
  3.0455
  3.0400
  3.0347
  3.0310
  3.0447
  3.0220
  3.0266
  3.0493
  3.0365
  3.0351
  3.0424
  3.0397
  3.0386
  3.0464
  3.0305
  3.0428
  3.0464
  3.0408
  3.0400
  3.0371
  3.0286
  3.0458
  3.0314
  3.0299
  3.0361
  3.0396
  3.0329
  3.0295
  3.0422
  3.0323
  3.0380
  3.0318
  3.0354
  3.0336
  3.0421
  3.0282
  3.0347
  3.0391
  3.0375
  3.0390
  3.0452
  3.0299
  3.0338
  3.0316
  3.0288
  3.0358
  3.0392
  3.0373
  3.0359
  3.0316
  3.0433
  3.0404
  3.0446
  3.0387
  3.0408
  3.0406
  3.0299
  3.0334
  3.0321
  3.0295
  3.0312
  3.0323
  3.0365
  3.0370
  3.0426
  3.0548
  3.0235
  3.0398
  3.0381
  3.0451
  3.0419
  3.0305
  3.0342
  3.0386
  3.0400
  3.0217
  3.0351
  3.0229
  3.0355
  3.0345
  3.0303
  3.0355
  3.0270
  3.0406
  3.0286
  3.0354
  3.0400
  3.0384
  3.0496
  3.0383
  3.0395
  3.0309
  3.0290
  3.0372
  3.0420
  3.0266
  3.0408
  3.0317
  3.0333
  3.0421
  3.0359
  3.0400
  3.0401
  3.0412
  3.0311
  3.0357
  3.0336
  3.0383
  3.0345
  3.0365
  3.0463
  3.0349
  3.0478
  3.0344
  3.0523
  3.0415
  3.0403
  3.0382
  3.0352
  3.0360
  3.0345
  3.0414
  3.0457
  3.0433
  3.0327
  3.0314
  3.0291
  3.0381
  3.0337
  3.0420
  3.0364
  3.0350
  3.0368
  3.0383
  3.0322
  3.0380
  3.0389
  3.0369
  3.0416
  3.0352
  3.0289
  3.0514
  3.0245
  3.0404
  3.0366
  3.0377
  3.0379
  3.0446
  3.0401
  3.0412
  3.0360
  3.0377
  3.0357
  3.0376
  3.0312
  3.0539
  3.0365
  3.0374
  3.0412
  3.0406
  3.0399
  3.0357
  3.0414
  3.0387
  3.0410
  3.0482
  3.0339
  3.0421
  3.0407
  3.0403
  3.0438
  3.0365
  3.0402
  3.0393
  3.0464
  3.0377
  3.0312
  3.0329
  3.0343
  3.0404
  3.0362
  3.0422
  3.0482
  3.0339
  3.0414
  3.0394
  3.0382
  3.0263
  3.0472
  3.0429
  3.0337
  3.0406
  3.0349
  3.0387
  3.0354
  3.0321
  3.0292
  3.0462
  3.0338
  3.0389
  3.0369
  3.0448
  3.0352
  3.0325
  3.0301
  3.0350
  3.0475
  3.0348
  3.0510
  3.0299
  3.0256
  3.0302
  3.0371
  3.0435
  3.0346
  3.0384
  3.0302
  3.0331
  3.0310
  3.0354
  3.0348
  3.0467
  3.0278
  3.0366
  3.0447
  3.0374
  3.0422
  3.0335
  3.0360
  3.0420
  3.0270
  3.0406
  3.0320
  3.0341
  3.0337
  3.0362
  3.0393
  3.0372
  3.0415
  3.0378
  3.0509
  3.0270
  3.0325
  3.0444
  3.0405
  3.0320
  3.0373
  3.0475
  3.0380
  3.0396
  3.0344
  3.0378
  3.0382
  3.0338
  3.0375
  3.0320
  3.0321
  3.0318
  3.0490
  3.0333
  3.0331
  3.0381
  3.0252
  3.0417
  3.0416
  3.0332
  3.0290
  3.0428
  3.0481
  3.0366
  3.0226
  3.0336
  3.0352
  3.0385
  3.0407
  3.0312
  3.0491
  3.0479
  3.0340
  3.0394
  3.0421
  3.0291
  3.0430
  3.0221
  3.0251
  3.0440
  3.0364
  3.0395
  3.0387
  3.0339
  3.0362
  3.0309
  3.0451
  3.0400
  3.0460
  3.0392
  3.0394
  3.0336
  3.0341
  3.0422
  3.0462
  3.0399
  3.0305
  3.0355
  3.0363
  3.0304
  3.0361
  3.0346
  3.0460
  3.0460
  3.0286
  3.0368
  3.0335
  3.0300
  3.0283
  3.0407
  3.0390
  3.0389
  3.0340
  3.0379
  3.0289
  3.0323
  3.0347
  3.0326
  3.0359
  3.0367
  3.0483
  3.0339
  3.0420
  3.0358
  3.0384
  3.0368
  3.0469
  3.0400
  3.0343
  3.0301
  3.0300
  3.0454
  3.0391
  3.0326
  3.0350
  3.0343
  3.0426
  3.0406
  3.0295
  3.0333
  3.0427
  3.0382
  3.0406
  3.0378
  3.0475
  3.0381
  3.0356
  3.0374
  3.0400
  3.0490
  3.0275
  3.0262
  3.0346
  3.0327
  3.0318
  3.0304
  3.0290
  3.0394
  3.0399
  3.0344
  3.0276
  3.0484
  3.0408
  3.0379
  3.0246
  3.0269
  3.0378
  3.0412
  3.0415
  3.0406
  3.0371
  3.0352
  3.0361
  3.0370
  3.0438
  3.0437
  3.0424
  3.0335
  3.0354
  3.0365
  3.0363
  3.0366
  3.0405
  3.0473
  3.0355
  3.0288
  3.0435
  3.0396
  3.0384
  3.0339
  3.0294
  3.0385
  3.0305
  3.0296
  3.0329
  3.0369
  3.0372
  3.0489
  3.0418
  3.0339
  3.0514
  3.0353
  3.0385
  3.0394
  3.0421
  3.0357
  3.0382
  3.0275
  3.0349
  3.0379
  3.0363
  3.0365
  3.0328
  3.0305
  3.0393
  3.0376
  3.0355
  3.0394
  3.0372
  3.0400
  3.0322
  3.0427
  3.0371
  3.0502
  3.0379
  3.0306
  3.0389
  3.0342
  3.0419
  3.0385
  3.0303
  3.0406
  3.0423
  3.0414
  3.0395
  3.0246
  3.0343
  3.0387
  3.0418
  3.0396
  3.0320
  3.0392
  3.0387
  3.0363
  3.0416
  3.0462
  3.0453
  3.0345
  3.0358
  3.0327
  3.0424
  3.0302
  3.0312
  3.0337
  3.0396
  3.0319
  3.0404
  3.0409
  3.0353
  3.0360
  3.0280
  3.0423
  3.0406
  3.0257
  3.0378
  3.0307
  3.0376
  3.0313
  3.0355
  3.0427
  3.0353
  3.0378
  3.0410
  3.0390
  3.0334
  3.0369
  3.0314
  3.0386
  3.0463
  3.0311
  3.0372
  3.0461
  3.0314
  3.0484
  3.0329
  3.0330
  3.0339
  3.0334
  3.0396
  3.0401
  3.0335
  3.0465
  3.0427
  3.0351
  3.0478
  3.0354
  3.0388
  3.0315
  3.0349
  3.0410
  3.0341
  3.0365
  3.0280
  3.0269
  3.0331
  3.0379
  3.0396
  3.0451
  3.0539
  3.0359
  3.0290
  3.0429
  3.0385
  3.0342
  3.0505
  3.0436
  3.0408
  3.0340
  3.0378
  3.0452
  3.0411
  3.0399
  3.0434
  3.0370
  3.0384
  3.0272
  3.0420
  3.0298
  3.0283
  3.0259
  3.0321
  3.0332
  3.0306
  3.0393
  3.0415
  3.0388
  3.0367
  3.0546
  3.0378
  3.0402
  3.0355
  3.0354
  3.0349
  3.0345
  3.0437
  3.0384
  3.0312
  3.0359
  3.0330
  3.0367
  3.0548
  3.0424
  3.0327
  3.0411
  3.0338
  3.0302
  3.0418
  3.0341
  3.0352
  3.0405
  3.0351
  3.0399
  3.0308
  3.0367
  3.0397
  3.0407
  3.0368
  3.0417
  3.0363
  3.0395
  3.0333
  3.0319
  3.0293
  3.0373
  3.0346
  3.0345
  3.0406
  3.0372
  3.0289
  3.0375
  3.0364
  3.0397
  3.0278
  3.0523
  3.0401
  3.0389
  3.0279
  3.0354
  3.0281
  3.0425
  3.0318
  3.0320
  3.0381
  3.0355
  3.0366
  3.0484
  3.0450
  3.0457
  3.0437
  3.0295
  3.0422
  3.0424
  3.0236
  3.0431
  3.0348
  3.0371
  3.0379
  3.0362
  3.0402
  3.0196
  3.0339
  3.0296
  3.0333
  3.0288
  3.0247
  3.0398
  3.0365
  3.0230
  3.0425
  3.0340
  3.0341
  3.0347
  3.0475
  3.0351
  3.0440
  3.0330
  3.0459
  3.0391
  3.0330
  3.0312
  3.0385
  3.0377
  3.0408
  3.0429
  3.0348
  3.0348
  3.0434
  3.0473
  3.0351
  3.0293
  3.0394
  3.0395
  3.0433
  3.0428
  3.0379
  3.0303
  3.0346
  3.0306
  3.0343
  3.0358
  3.0290
  3.0374
  3.0345
  3.0427
  3.0399
  3.0399
  3.0362
  3.0446
  3.0413
  3.0350
  3.0371
  3.0388
  3.0423
  3.0344
  3.0365
  3.0356
  3.0350
  3.0305
  3.0292
  3.0300
  3.0265
  3.0298
  3.0302
  3.0404
  3.0342
  3.0292
  3.0505
  3.0332
  3.0301
  3.0445
  3.0274
  3.0455
  3.0287
  3.0321
  3.0236
  3.0322
  3.0352
  3.0399
  3.0350
  3.0304
  3.0257
  3.0384
  3.0428
  3.0325
  3.0383
  3.0345
  3.0430
  3.0320
  3.0338
  3.0409
  3.0492
  3.0468
  3.0360
  3.0313
  3.0349
  3.0437
  3.0391
  3.0241
  3.0369
  3.0335
  3.0258
  3.0367
  3.0316
  3.0224
  3.0402
  3.0413
  3.0272
  3.0345
  3.0335
  3.0417
  3.0332
  3.0363
  3.0539
  3.0270
  3.0398
  3.0298
  3.0259
  3.0305
  3.0330
  3.0356
  3.0330
  3.0356
  3.0388
  3.0321
  3.0358
  3.0255
  3.0461
  3.0355
  3.0392
  3.0378
  3.0367
  3.0402
  3.0391
  3.0376
  3.0422
  3.0358
  3.0431
  3.0415
  3.0328
  3.0433
  3.0473
  3.0444
  3.0368
  3.0386
  3.0340
  3.0345
  3.0342
  3.0379
  3.0370
  3.0354
  3.0448
  3.0399
  3.0466
  3.0452
  3.0423
  3.0480
  3.0423
  3.0445
  3.0416
  3.0275
  3.0425
  3.0357
  3.0342
  3.0363
  3.0430
  3.0405
  3.0514
  3.0352
  3.0378
  3.0338
  3.0370
  3.0324
  3.0441
  3.0456
  3.0252
  3.0387
  3.0486
  3.0306
  3.0312
  3.0304
  3.0327
  3.0371
  3.0421
  3.0435
  3.0406
  3.0350
  3.0400
  3.0334
  3.0455
  3.0380
  3.0411
  3.0420
  3.0275
  3.0303
  3.0284
  3.0410
  3.0384
  3.0493
  3.0433
  3.0274
  3.0421
  3.0329
  3.0338
  3.0489
  3.0425
  3.0320
  3.0228
  3.0354
  3.0445
  3.0267
  3.0434
  3.0344
  3.0361
  3.0338
  3.0398
  3.0288
  3.0354
  3.0316
  3.0352
  3.0450
  3.0295
  3.0395
  3.0377
  3.0374
  3.0415
  3.0452
  3.0284
  3.0302
  3.0481
  3.0383
  3.0423
  3.0477
  3.0390
  3.0424
  3.0327
  3.0437
  3.0366
  3.0318
  3.0338
  3.0249
  3.0345
  3.0367
  3.0393
  3.0403
  3.0389
  3.0288
  3.0289
  3.0360
  3.0401
  3.0341
  3.0418
  3.0353
  3.0331
  3.0395
  3.0421
  3.0370
  3.0405
  3.0356
  3.0335
  3.0348
  3.0415
  3.0412
  3.0482
  3.0316
  3.0350
  3.0250
  3.0365
  3.0263
  3.0384
  3.0284
  3.0391
  3.0377
  3.0400
  3.0337
  3.0390
  3.0436
  3.0449
  3.0500
  3.0321
  3.0252
  3.0327
  3.0316
  3.0263
  3.0389
  3.0348
  3.0343
  3.0436
  3.0386
  3.0358
  3.0435
  3.0387
  3.0386
  3.0322
  3.0372
  3.0340
  3.0407
  3.0433
  3.0526
  3.0311
  3.0390
  3.0333
  3.0290
  3.0349
  3.0381
  3.0494
  3.0269
  3.0312
  3.0446
  3.0244
  3.0214
  3.0384
  3.0425
  3.0332
  3.0375
  3.0499
  3.0323
  3.0368
  3.0429
  3.0294
  3.0329
  3.0281
  3.0319
  3.0296
  3.0389
  3.0355
  3.0299
  3.0383
  3.0438
  3.0310
  3.0410
  3.0314
  3.0171
  3.0424
  3.0401
  3.0449
  3.0342
  3.0322
  3.0387
  3.0350
  3.0311
  3.0387
  3.0431
  3.0371
  3.0484
  3.0302
  3.0330
  3.0402
  3.0360
  3.0397
  3.0449
  3.0433
  3.0500
  3.0320
  3.0306
  3.0322
  3.0322
  3.0380
  3.0335
  3.0367
  3.0457
  3.0322
  3.0281
  3.0428
  3.0492
  3.0343
  3.0355
  3.0325
  3.0297
  3.0329
  3.0326
  3.0347
  3.0420
  3.0257
  3.0414
  3.0373
  3.0398
  3.0492
  3.0408
  3.0409
  3.0334
  3.0402
  3.0381
  3.0305
  3.0431
  3.0318
  3.0390
  3.0300
  3.0421
  3.0423
  3.0417
  3.0432
  3.0345
  3.0305
  3.0332
  3.0290
  3.0343
  3.0397
  3.0332
  3.0344
  3.0444
  3.0351
  3.0299
  3.0373
  3.0286
  3.0348
  3.0397
  3.0398
  3.0358
  3.0345
  3.0374
  3.0386
  3.0398
  3.0337
  3.0428
  3.0397
  3.0356
  3.0370
  3.0292
  3.0534
  3.0393
  3.0285
  3.0392
  3.0405
  3.0426
  3.0371
  3.0365
  3.0336
  3.0327
  3.0435
  3.0306
  3.0435
  3.0448
  3.0343
  3.0288
  3.0236
  3.0349
  3.0279
  3.0323
  3.0428
  3.0338
  3.0305
  3.0380
  3.0372
  3.0359
  3.0262
  3.0306
  3.0269
  3.0443
  3.0437
  3.0286
  3.0490
  3.0338
  3.0433
  3.0360
  3.0425
  3.0270
  3.0467
  3.0422
  3.0332
  3.0404
  3.0324
  3.0402
  3.0386
  3.0383
  3.0312
  3.0367
  3.0363
  3.0265
  3.0424
  3.0475
  3.0345
  3.0384
  3.0320
  3.0329
  3.0301
  3.0316
  3.0319
  3.0435
  3.0361
  3.0322
  3.0423
  3.0360
  3.0346
  3.0313
  3.0387
  3.0415
  3.0465
  3.0402
  3.0399
  3.0462
  3.0294
  3.0467
  3.0399
  3.0406
  3.0322
  3.0382
  3.0392
  3.0439
  3.0390
  3.0406
  3.0299
  3.0403
  3.0487
  3.0318
  3.0419
  3.0449
  3.0475
  3.0423
  3.0345
  3.0342
  3.0287
  3.0381
  3.0301
  3.0328
  3.0304
  3.0377
  3.0316
  3.0314
  3.0384
  3.0345
  3.0451
  3.0405
  3.0349
  3.0382
  3.0505
  3.0348
  3.0489
  3.0301
  3.0449
  3.0341
  3.0438
  3.0340
  3.0429
  3.0383
  3.0303
  3.0420
  3.0302
  3.0340
  3.0375
  3.0410
  3.0416
  3.0372
  3.0444
  3.0377
  3.0314
  3.0452
  3.0416
  3.0369
  3.0318
  3.0234
  3.0435
  3.0415
  3.0395
  3.0433
  3.0346
  3.0436
  3.0408
  3.0402
  3.0435
  3.0345
  3.0450
  3.0259
  3.0481
