C1431409.564269
Gadanki 14/03/2014 09:56:12 14/03/2014 09:56:43 0375 0079.2 0013.5 00
0000000 0020 0000600 0020 01
1 0 2 02000 1 0000 0030 00532.o 0 0 00 000 14 000600 0.500 BT0
532.000 .o analog 0 
  2.8721
 21.4012
 18.4543
 10.9676
 12.4799
 14.1407
 18.3353
 30.0712
 40.6361
 42.8118
 40.5936
 37.0705
 32.9669
 29.0245
 25.3583
 22.2904
 20.0557
 18.1483
 16.5526
 15.1814
 14.1132
 13.0921
 12.1697
 11.2742
 10.3207
  9.1534
  8.2296
  7.8607
  7.6077
  7.2724
  6.9894
  6.7014
  6.4292
  6.1555
  5.9582
  5.7777
  5.6562
  5.5583
  5.3960
  5.2730
  5.1858
  5.1105
  4.9405
  4.7532
  4.6138
  4.5087
  4.4390
  4.3174
  4.2706
  4.2192
  4.0899
  4.0594
  4.0261
  4.0300
  4.0498
  3.9820
  3.8820
  3.8334
  3.8438
  3.8198
  3.7328
  3.6350
  3.6240
  3.6219
  3.5789
  3.5105
  3.4827
  3.4814
  3.4718
  3.4179
  3.4011
  3.3771
  3.3372
  3.3164
  3.3127
  3.2836
  3.2818
  3.2594
  3.2552
  3.2450
  3.2423
  3.2740
  3.2371
  3.1700
  3.1598
  3.1479
  3.1521
  3.1530
  3.1249
  3.1144
  3.1255
  3.1079
  3.1033
  3.1021
  3.0825
  3.0892
  3.0888
  3.0619
  3.0674
  3.0579
  3.0625
  3.0535
  3.0505
  3.0431
  3.0508
  3.0419
  3.0258
  3.0265
  3.0185
  3.0316
  3.0242
  3.0039
  3.0190
  3.0110
  3.0062
  3.0084
  3.0068
  2.9918
  2.9997
  2.9966
  2.9933
  2.9816
  2.9867
  2.9867
  2.9778
  2.9801
  2.9730
  2.9676
  2.9821
  2.9709
  2.9712
  2.9525
  2.9728
  2.9585
  2.9619
  2.9600
  2.9628
  2.9651
  2.9562
  2.9569
  2.9640
  2.9582
  2.9567
  2.9472
  2.9455
  2.9468
  2.9531
  2.9532
  2.9577
  2.9467
  2.9439
  2.9486
  2.9354
  2.9305
  2.9374
  2.9439
  2.9492
  2.9385
  2.9427
  2.9385
  2.9357
  2.9341
  2.9303
  2.9400
  2.9269
  2.9218
  2.9296
  2.9273
  2.9206
  2.9330
  2.9300
  2.9176
  2.9274
  2.9223
  2.9279
  2.9283
  2.9136
  2.9175
  2.9207
  2.9190
  2.9165
  2.9130
  2.9123
  2.9126
  2.9165
  2.9149
  2.9127
  2.8953
  2.9194
  2.9172
  2.9073
  2.9123
  2.9067
  2.9068
  2.9072
  2.9089
  2.9153
  2.9157
  2.9007
  2.9112
  2.9086
  2.9027
  2.9024
  2.9093
  2.9023
  2.9056
  2.8996
  2.9052
  2.8978
  2.9048
  2.8962
  2.8973
  2.9057
  2.8970
  2.9038
  2.8877
  2.9089
  2.9051
  2.8928
  2.9003
  2.9048
  2.8917
  2.9049
  2.9030
  2.8987
  2.8910
  2.8992
  2.8889
  2.9044
  2.8986
  2.8992
  2.8982
  2.9033
  2.8951
  2.9031
  2.9045
  2.8933
  2.8919
  2.8947
  2.8938
  2.8940
  2.8932
  2.8906
  2.8844
  2.8958
  2.8873
  2.8881
  2.8935
  2.8933
  2.8927
  2.8884
  2.8890
  2.8959
  2.8912
  2.8932
  2.8951
  2.8953
  2.9011
  2.8931
  2.8992
  2.8923
  2.8806
  2.8895
  2.8929
  2.8846
  2.8822
  2.8855
  2.8866
  2.8926
  2.8925
  2.8841
  2.8934
  2.8921
  2.9000
  2.8909
  2.8937
  2.8968
  2.8904
  2.8851
  2.8857
  2.8915
  2.8845
  2.8998
  2.8880
  2.8866
  2.8932
  2.8902
  2.8814
  2.8999
  2.8844
  2.8794
  2.8869
  2.8929
  2.8929
  2.8852
  2.8763
  2.8871
  2.8766
  2.8858
  2.8790
  2.8823
  2.8823
  2.8873
  2.8810
  2.8834
  2.8816
  2.8855
  2.8819
  2.8797
  2.8858
  2.8896
  2.8810
  2.8799
  2.8825
  2.8887
  2.8822
  2.8847
  2.8860
  2.8873
  2.8891
  2.8840
  2.8806
  2.8843
  2.8863
  2.8855
  2.8757
  2.8922
  2.8798
  2.8881
  2.8840
  2.8900
  2.8898
  2.8865
  2.8788
  2.8809
  2.8865
  2.8782
  2.8733
  2.8819
  2.8861
  2.8768
  2.8776
  2.8871
  2.8750
  2.8792
  2.8897
  2.8804
  2.8780
  2.8831
  2.8791
  2.8783
  2.8808
  2.8762
  2.8921
  2.8830
  2.8863
  2.8882
  2.8879
  2.8818
  2.8763
  2.8751
  2.8773
  2.8883
  2.8743
  2.8835
  2.8842
  2.8731
  2.8810
  2.8884
  2.8809
  2.8792
  2.8796
  2.8864
  2.8812
  2.8782
  2.8798
  2.8730
  2.8729
  2.8780
  2.8835
  2.8746
  2.8727
  2.8748
  2.8794
  2.8797
  2.8748
  2.8805
  2.8841
  2.8831
  2.8797
  2.8752
  2.8771
  2.8830
  2.8860
  2.8824
  2.8831
  2.8798
  2.8906
  2.8788
  2.8881
  2.8879
  2.8734
  2.8841
  2.8754
  2.8765
  2.8871
  2.8769
  2.8854
  2.8900
  2.8789
  2.8918
  2.8863
  2.8780
  2.8781
  2.8762
  2.8826
  2.8786
  2.8845
  2.8762
  2.8826
  2.8823
  2.8847
  2.8816
  2.8778
  2.8864
  2.8764
  2.8736
  2.8769
  2.8814
  2.8767
  2.8766
  2.8826
  2.8779
  2.8827
  2.8767
  2.8703
  2.8808
  2.8810
  2.8694
  2.8704
  2.8910
  2.8755
  2.8846
  2.8776
  2.8909
  2.8742
  2.8780
  2.8687
  2.8815
  2.8789
  2.8925
  2.8753
  2.8764
  2.8837
  2.8753
  2.8834
  2.8820
  2.8705
  2.8801
  2.8763
  2.8833
  2.8887
  2.8786
  2.8861
  2.8743
  2.8649
  2.8618
  2.8830
  2.8709
  2.8856
  2.8825
  2.8831
  2.8779
  2.8694
  2.8713
  2.8820
  2.8790
  2.8810
  2.8710
  2.8696
  2.8840
  2.8813
  2.8787
  2.8834
  2.8741
  2.8746
  2.8775
  2.8893
  2.8854
  2.8770
  2.8795
  2.8727
  2.8703
  2.8774
  2.8692
  2.8867
  2.8812
  2.8788
  2.8834
  2.8787
  2.8756
  2.8758
  2.8799
  2.8940
  2.8706
  2.8817
  2.8808
  2.8727
  2.8802
  2.8799
  2.8788
  2.8737
  2.8747
  2.8808
  2.8840
  2.8747
  2.8754
  2.8782
  2.8753
  2.8803
  2.8785
  2.8746
  2.8854
  2.8767
  2.8749
  2.8769
  2.8734
  2.8734
  2.8860
  2.8775
  2.8796
  2.8753
  2.8768
  2.8794
  2.8680
  2.8789
  2.8690
  2.8705
  2.8749
  2.8840
  2.8758
  2.8724
  2.8816
  2.8756
  2.8720
  2.8793
  2.8780
  2.8818
  2.8779
  2.8710
  2.8687
  2.8839
  2.8798
  2.8851
  2.8706
  2.8755
  2.8734
  2.8749
  2.8768
  2.8715
  2.8844
  2.8690
  2.8761
  2.8750
  2.8851
  2.8792
  2.8756
  2.8836
  2.8767
  2.8712
  2.8701
  2.8778
  2.8807
  2.8814
  2.8723
  2.8875
  2.8755
  2.8738
  2.8745
  2.8834
  2.8669
  2.8636
  2.8745
  2.8717
  2.8693
  2.8709
  2.8749
  2.8742
  2.8796
  2.8770
  2.8858
  2.8699
  2.8698
  2.8679
  2.8736
  2.8746
  2.8812
  2.8786
  2.8865
  2.8781
  2.8780
  2.8739
  2.8837
  2.8726
  2.8627
  2.8841
  2.8879
  2.8721
  2.8750
  2.8758
  2.8620
  2.8750
  2.8665
  2.8728
  2.8770
  2.8784
  2.8728
  2.8770
  2.8868
  2.8776
  2.8890
  2.8800
  2.8671
  2.8802
  2.8732
  2.8798
  2.8782
  2.8762
  2.8640
  2.8705
  2.8860
  2.8695
  2.8786
  2.8705
  2.8845
  2.8756
  2.8837
  2.8760
  2.8796
  2.8754
  2.8863
  2.8730
  2.8750
  2.8802
  2.8811
  2.8768
  2.8850
  2.8745
  2.8886
  2.8817
  2.8681
  2.8849
  2.8683
  2.8807
  2.8689
  2.8709
  2.8757
  2.8789
  2.8760
  2.8824
  2.8878
  2.8818
  2.8782
  2.8786
  2.8743
  2.8722
  2.8741
  2.8775
  2.8683
  2.8681
  2.8752
  2.8781
  2.8785
  2.8800
  2.8716
  2.8686
  2.8805
  2.8733
  2.8738
  2.8793
  2.8789
  2.8581
  2.8797
  2.8756
  2.8651
  2.8842
  2.8776
  2.8703
  2.8782
  2.8832
  2.8844
  2.8799
  2.8732
  2.8660
  2.8810
  2.8752
  2.8840
  2.8676
  2.8774
  2.8734
  2.8747
  2.8725
  2.8710
  2.8804
  2.8743
  2.8714
  2.8799
  2.8784
  2.8820
  2.8671
  2.8673
  2.8768
  2.8733
  2.8869
  2.8796
  2.8832
  2.8755
  2.8779
  2.8719
  2.8851
  2.8815
  2.8852
  2.8810
  2.8760
  2.8884
  2.8617
  2.8780
  2.8861
  2.8734
  2.8763
  2.8764
  2.8743
  2.8787
  2.8645
  2.8824
  2.8783
  2.8742
  2.8818
  2.8738
  2.8635
  2.8648
  2.8813
  2.8761
  2.8726
  2.8813
  2.8755
  2.8720
  2.8754
  2.8781
  2.8791
  2.8718
  2.8776
  2.8787
  2.8815
  2.8768
  2.8809
  2.8815
  2.8753
  2.8889
  2.8829
  2.8856
  2.8840
  2.8738
  2.8757
  2.8824
  2.8810
  2.8763
  2.8812
  2.8831
  2.8744
  2.8717
  2.8813
  2.8690
  2.8709
  2.8754
  2.8796
  2.8777
  2.8813
  2.8704
  2.8756
  2.8637
  2.8710
  2.8635
  2.8743
  2.8799
  2.8817
  2.8747
  2.8739
  2.8808
  2.8771
  2.8668
  2.8742
  2.8743
  2.8757
  2.8737
  2.8787
  2.8688
  2.8901
  2.8788
  2.8722
  2.8620
  2.8798
  2.8838
  2.8703
  2.8796
  2.8664
  2.8847
  2.8747
  2.8821
  2.8790
  2.8801
  2.8769
  2.8681
  2.8767
  2.8733
  2.8798
  2.8659
  2.8753
  2.8762
  2.8686
  2.8810
  2.8748
  2.8729
  2.8656
  2.8748
  2.8736
  2.8784
  2.8729
  2.8768
  2.8653
  2.8737
  2.8728
  2.8736
  2.8692
  2.8729
  2.8811
  2.8857
  2.8809
  2.8645
  2.8788
  2.8679
  2.8771
  2.8845
  2.8764
  2.8711
  2.8727
  2.8750
  2.8684
  2.8778
  2.8728
  2.8741
  2.8776
  2.8782
  2.8814
  2.8792
  2.8720
  2.8709
  2.8814
  2.8869
  2.8698
  2.8832
  2.8729
  2.8778
  2.8733
  2.8707
  2.8797
  2.8719
  2.8753
  2.8743
  2.8772
  2.8824
  2.8699
  2.8735
  2.8745
  2.8772
  2.8793
  2.8634
  2.8775
  2.8737
  2.8675
  2.8856
  2.8842
  2.8753
  2.8673
  2.8797
  2.8798
  2.8728
  2.8816
  2.8733
  2.8722
  2.8764
  2.8726
  2.8752
  2.8780
  2.8733
  2.8746
  2.8706
  2.8754
  2.8845
  2.8818
  2.8760
  2.8663
  2.8840
  2.8811
  2.8724
  2.8788
  2.8746
  2.8844
  2.8726
  2.8750
  2.8870
  2.8696
  2.8710
  2.8741
  2.8723
  2.8829
  2.8797
  2.8784
  2.8878
  2.8689
  2.8780
  2.8717
  2.8769
  2.8715
  2.8763
  2.8806
  2.8760
  2.8864
  2.8725
  2.8796
  2.8836
  2.8735
  2.8749
  2.8743
  2.8707
  2.8714
  2.8913
  2.8692
  2.8735
  2.8811
  2.8814
  2.8711
  2.8793
  2.8708
  2.8859
  2.8820
  2.8729
  2.8739
  2.8733
  2.8727
  2.8760
  2.8747
  2.8729
  2.8903
  2.8822
  2.8706
  2.8778
  2.8700
  2.8728
  2.8744
  2.8766
  2.8679
  2.8724
  2.8773
  2.8739
  2.8708
  2.8705
  2.8664
  2.8793
  2.8757
  2.8695
  2.8773
  2.8720
  2.8773
  2.8748
  2.8785
  2.8818
  2.8726
  2.8802
  2.8846
  2.8713
  2.8723
  2.8736
  2.8860
  2.8714
  2.8607
  2.8647
  2.8720
  2.8741
  2.8746
  2.8745
  2.8738
  2.8761
  2.8736
  2.8784
  2.8727
  2.8639
  2.8809
  2.8776
  2.8731
  2.8729
  2.8764
  2.8777
  2.8685
  2.8714
  2.8722
  2.8723
  2.8818
  2.8747
  2.8785
  2.8746
  2.8868
  2.8763
  2.8683
  2.8687
  2.8786
  2.8874
  2.8808
  2.8791
  2.8736
  2.8898
  2.8846
  2.8697
  2.8822
  2.8794
  2.8750
  2.8727
  2.8813
  2.8663
  2.8718
  2.8836
  2.8748
  2.8700
  2.8756
  2.8782
  2.8743
  2.8763
  2.8677
  2.8737
  2.8760
  2.8760
  2.8700
  2.8759
  2.8713
  2.8814
  2.8755
  2.8772
  2.8641
  2.8787
  2.8641
  2.8748
  2.8662
  2.8647
  2.8818
  2.8790
  2.8726
  2.8758
  2.8879
  2.8773
  2.8841
  2.8889
  2.8783
  2.8709
  2.8616
  2.8827
  2.8784
  2.8804
  2.8658
  2.8744
  2.8768
  2.8797
  2.8843
  2.8784
  2.8751
  2.8693
  2.8771
  2.8825
  2.8720
  2.8790
  2.8843
  2.8667
  2.8796
  2.8752
  2.8689
  2.8778
  2.8720
  2.8705
  2.8681
  2.8780
  2.8745
  2.8745
  2.8827
  2.8631
  2.8764
  2.8669
  2.8663
  2.8895
  2.8805
  2.8770
  2.8873
  2.8773
  2.8690
  2.8762
  2.8814
  2.8728
  2.8823
  2.8767
  2.8738
  2.8779
  2.8777
  2.8802
  2.8763
  2.8653
  2.8794
  2.8909
  2.8820
  2.8832
  2.8841
  2.8825
  2.8762
  2.8750
  2.8688
  2.8725
  2.8745
  2.8871
  2.8817
  2.8723
  2.8788
  2.8692
  2.8672
  2.8742
  2.8878
  2.8673
  2.8732
  2.8736
  2.8824
  2.8797
  2.8727
  2.8785
  2.8726
  2.8782
  2.8768
  2.8848
  2.8774
  2.8744
  2.8744
  2.8762
  2.8745
  2.8773
  2.8768
  2.8707
  2.8676
  2.8706
  2.8633
  2.8705
  2.8813
  2.8762
  2.8705
  2.8801
  2.8716
  2.8734
  2.8779
  2.8805
  2.8750
  2.8765
  2.8713
  2.8775
  2.8789
  2.8773
  2.8735
  2.8747
  2.8738
  2.8707
  2.8713
  2.8722
  2.8727
  2.8782
  2.8730
  2.8745
  2.8602
  2.8701
  2.8760
  2.8736
  2.8800
  2.8777
  2.8700
  2.8706
  2.8761
  2.8732
  2.8850
  2.8784
  2.8920
  2.8729
  2.8713
  2.8674
  2.8671
  2.8714
  2.8777
  2.8674
  2.8734
  2.8755
  2.8634
  2.8789
  2.8826
  2.8837
  2.8822
  2.8743
  2.8704
  2.8749
  2.8612
  2.8680
  2.8761
  2.8720
  2.8814
  2.8704
  2.8789
  2.8819
  2.8832
  2.8823
  2.8766
  2.8756
  2.8820
  2.8817
  2.8775
  2.8707
  2.8837
  2.8717
  2.8692
  2.8777
  2.8744
  2.8863
  2.8814
  2.8805
  2.8748
  2.8674
  2.8705
  2.8733
  2.8637
  2.8834
  2.8656
  2.8696
  2.8709
  2.8707
  2.8753
  2.8751
  2.8681
  2.8714
  2.8756
  2.8839
  2.8824
  2.8891
  2.8726
  2.8835
  2.8737
  2.8623
  2.8732
  2.8796
  2.8759
  2.8793
  2.8738
  2.8740
  2.8729
  2.8738
  2.8793
  2.8706
  2.8760
  2.8782
  2.8682
  2.8767
  2.8713
  2.8771
  2.8784
  2.8809
  2.8699
  2.8752
  2.8661
  2.8646
  2.8782
  2.8728
  2.8763
  2.8734
  2.8818
  2.8677
  2.8621
  2.8806
  2.8726
  2.8687
  2.8778
  2.8767
  2.8826
  2.8750
  2.8752
  2.8762
  2.8780
  2.8733
  2.8749
  2.8761
  2.8753
  2.8828
  2.8805
  2.8807
  2.8822
  2.8785
  2.8692
  2.8850
  2.8761
  2.8739
  2.8826
  2.8666
  2.8774
  2.8839
  2.8680
  2.8694
  2.8794
  2.8717
  2.8798
  2.8729
  2.8753
  2.8848
  2.8728
  2.8881
  2.8716
  2.8839
  2.8865
  2.8697
  2.8830
  2.8677
  2.8842
  2.8824
  2.8772
  2.8763
  2.8779
  2.8786
  2.8777
  2.8747
  2.8794
  2.8760
  2.8751
  2.8818
  2.8848
  2.8777
  2.8752
  2.8745
  2.8742
  2.8756
  2.8669
  2.8659
  2.8772
  2.8678
  2.8763
  2.8675
  2.8722
  2.8704
  2.8670
  2.8776
  2.8780
  2.8709
  2.8770
  2.8614
  2.8674
  2.8710
  2.8828
  2.8720
  2.8714
  2.8674
  2.8731
  2.8671
  2.8824
  2.8619
  2.8714
  2.8679
  2.8809
  2.8721
  2.8699
  2.8592
  2.8763
  2.8625
  2.8685
  2.8763
  2.8824
  2.8769
  2.8720
  2.8807
  2.8687
  2.8842
  2.8698
  2.8781
  2.8667
  2.8696
  2.8762
  2.8765
  2.8695
  2.8655
  2.8736
  2.8706
  2.8825
  2.8710
  2.8683
  2.8817
  2.8693
  2.8858
  2.8839
  2.8809
  2.8782
  2.8760
  2.8856
  2.8706
  2.8780
  2.8775
  2.8805
  2.8794
  2.8746
  2.8862
  2.8674
  2.8712
  2.8678
  2.8757
  2.8786
  2.8733
  2.8658
  2.8610
  2.8760
  2.8756
  2.8785
  2.8815
  2.8701
  2.8626
  2.8649
  2.8730
  2.8669
  2.8690
  2.8736
  2.8689
  2.8738
  2.8667
  2.8759
  2.8781
  2.8813
  2.8805
  2.8729
  2.8744
  2.8757
  2.8760
  2.8789
  2.8690
  2.8811
  2.8720
  2.8754
  2.8764
  2.8715
  2.8780
  2.8727
  2.8726
  2.8735
  2.8679
  2.8693
  2.8676
  2.8717
  2.8707
  2.8838
  2.8669
  2.8721
  2.8795
  2.8670
  2.8627
  2.8724
  2.8712
  2.8769
  2.8772
  2.8754
  2.8727
  2.8709
  2.8820
  2.8751
  2.8825
  2.8734
  2.8722
  2.8683
  2.8819
  2.8662
  2.8798
  2.8708
  2.8795
  2.8736
  2.8724
  2.8680
  2.8817
  2.8709
  2.8672
  2.8729
  2.8738
  2.8747
  2.8768
  2.8725
  2.8755
  2.8810
  2.8674
  2.8697
  2.8596
  2.8797
  2.8772
  2.8722
  2.8759
  2.8741
  2.8706
  2.8770
  2.8855
  2.8760
  2.8760
  2.8810
  2.8802
  2.8731
  2.8825
  2.8749
  2.8732
  2.8743
  2.8683
  2.8759
  2.8770
  2.8733
  2.8775
  2.8712
  2.8718
  2.8861
  2.8733
  2.8792
  2.8709
  2.8729
  2.8725
  2.8775
  2.8771
  2.8869
  2.8745
  2.8751
  2.8632
  2.8756
  2.8690
  2.8794
  2.8767
  2.8722
  2.8706
  2.8675
  2.8808
  2.8787
  2.8776
  2.8809
  2.8736
  2.8778
  2.8803
  2.8821
  2.8734
  2.8783
  2.8737
  2.8700
  2.8775
  2.8817
  2.8740
  2.8806
  2.8804
  2.8707
  2.8630
  2.8750
  2.8826
  2.8777
  2.8720
  2.8716
  2.8727
  2.8696
  2.8734
  2.8679
  2.8708
  2.8801
  2.8783
  2.8716
  2.8765
  2.8810
  2.8717
  2.8786
  2.8747
  2.8898
  2.8719
  2.8747
  2.8788
  2.8786
  2.8768
  2.8804
  2.8740
  2.8700
  2.8646
  2.8820
  2.8703
  2.8799
  2.8769
  2.8678
  2.8746
  2.8716
  2.8675
  2.8765
  2.8771
  2.8732
  2.8726
  2.8708
  2.8764
  2.8796
  2.8773
  2.8776
  2.8621
  2.8808
  2.8717
  2.8852
  2.8818
  2.8766
  2.8815
  2.8804
  2.8785
  2.8704
  2.8746
  2.8710
  2.8698
  2.8753
  2.8689
  2.8755
  2.8741
  2.8675
  2.8758
  2.8763
  2.8653
  2.8778
  2.8764
  2.8789
  2.8831
  2.8744
  2.8758
  2.8757
  2.8724
  2.8808
  2.8736
  2.8694
  2.8726
  2.8694
  2.8681
  2.8730
  2.8742
  2.8711
  2.8774
  2.8742
  2.8875
  2.8774
  2.8635
  2.8877
  2.8760
  2.8743
  2.8773
  2.8747
  2.8719
  2.8785
  2.8768
  2.8762
  2.8745
  2.8770
  2.8703
  2.8833
  2.8756
  2.8710
  2.8802
  2.8828
  2.8777
  2.8703
  2.8708
  2.8734
  2.8787
  2.8757
  2.8826
  2.8850
  2.8811
  2.8769
  2.8751
  2.8748
  2.8726
  2.8702
  2.8741
  2.8618
  2.8757
  2.8645
  2.8771
  2.8722
  2.8664
  2.8760
  2.8785
  2.8678
  2.8753
  2.8749
  2.8853
  2.8772
  2.8697
  2.8723
  2.8708
  2.8781
  2.8717
  2.8759
  2.8726
  2.8764
  2.8761
  2.8761
  2.8652
  2.8694
  2.8705
  2.8764
  2.8746
  2.8736
  2.8673
  2.8682
  2.8696
  2.8759
  2.8775
  2.8892
  2.8755
  2.8745
  2.8716
  2.8756
  2.8733
  2.8731
  2.8770
  2.8686
  2.8721
  2.8788
  2.8748
  2.8658
  2.8838
  2.8708
  2.8754
  2.8793
  2.8759
  2.8843
  2.8735
  2.8757
  2.8795
  2.8742
  2.8762
  2.8730
  2.8676
  2.8733
  2.8710
  2.8730
  2.8759
  2.8816
  2.8861
  2.8746
  2.8761
  2.8852
  2.8718
  2.8741
  2.8740
  2.8766
  2.8784
  2.8675
  2.8828
  2.8746
  2.8856
  2.8733
  2.8724
  2.8782
  2.8743
  2.8682
  2.8721
  2.8757
  2.8879
  2.8755
  2.8648
  2.8726
  2.8766
  2.8754
  2.8762
  2.8806
  2.8707
  2.8771
  2.8816
  2.8756
  2.8761
  2.8719
  2.8854
  2.8797
  2.8821
  2.8751
  2.8857
  2.8796
  2.8859
  2.8736
  2.8702
  2.8626
  2.8673
  2.8710
  2.8704
  2.8738
  2.8728
  2.8743
  2.8763
  2.8747
  2.8767
  2.8704
  2.8810
  2.8772
  2.8711
  2.8691
  2.8757
  2.8739
  2.8795
  2.8708
  2.8710
  2.8677
  2.8748
  2.8759
  2.8798
  2.8779
  2.8726
  2.8736
  2.8752
  2.8682
  2.8689
  2.8786
  2.8806
  2.8819
  2.8800
  2.8787
  2.8737
  2.8706
  2.8669
  2.8770
  2.8740
  2.8738
  2.8777
  2.8620
  2.8796
  2.8872
  2.8796
  2.8716
  2.8749
  2.8728
  2.8753
  2.8811
  2.8668
  2.8695
  2.8650
  2.8710
  2.8704
  2.8791
  2.8672
  2.8792
  2.8725
  2.8787
  2.8690
  2.8676
  2.8702
  2.8720
  2.8727
  2.8772
  2.8743
  2.8811
  2.8786
  2.8799
  2.8683
  2.8713
  2.8730
  2.8672
  2.8804
  2.8712
  2.8729
  2.8764
  2.8711
  2.8826
  2.8829
  2.8694
  2.8771
  2.8700
  2.8815
  2.8824
  2.8791
  2.8696
  2.8701
  2.8756
  2.8765
  2.8789
  2.8710
  2.8713
  2.8655
  2.8729
  2.8747
  2.8820
  2.8733
  2.8783
  2.8710
  2.8694
  2.8799
  2.8689
  2.8706
  2.8765
  2.8801
  2.8709
  2.8839
  2.8789
  2.8871
  2.8712
  2.8693
  2.8812
  2.8767
  2.8738
  2.8677
  2.8802
  2.8776
  2.8804
  2.8718
  2.8746
  2.8753
  2.8759
  2.8857
  2.8659
  2.8605
  2.8695
  2.8736
  2.8728
  2.8719
  2.8657
  2.8752
  2.8779
  2.8701
  2.8806
  2.8814
  2.8713
  2.8711
  2.8787
  2.8750
  2.8779
  2.8561
  2.8706
  2.8702
  2.8798
  2.8731
  2.8646
  2.8895
  2.8795
  2.8782
  2.8700
  2.8759
  2.8756
  2.8737
  2.8720
  2.8774
  2.8676
  2.8857
  2.8695
  2.8800
  2.8700
  2.8696
  2.8735
  2.8823
  2.8665
  2.8751
  2.8692
  2.8810
  2.8761
  2.8725
  2.8772
  2.8877
  2.8710
  2.8708
  2.8786
  2.8690
  2.8763
  2.8790
  2.8755
  2.8704
  2.8667
  2.8701
  2.8801
  2.8783
  2.8721
  2.8841
  2.8758
  2.8652
  2.8719
  2.8692
  2.8831
  2.8758
  2.8782
  2.8653
  2.8761
  2.8691
  2.8665
  2.8764
  2.8679
  2.8774
  2.8822
  2.8669
  2.8703
  2.8769
  2.8724
  2.8729
  2.8651
  2.8688
  2.8768
