C1431409.541017
Gadanki 14/03/2014 09:53:40 14/03/2014 09:54:10 0375 0079.2 0013.5 00
0000000 0020 0000600 0020 01
1 0 2 02000 1 0000 0030 00532.o 0 0 00 000 14 000600 0.500 BT0
532.000 .o analog 0 
  2.8675
 21.3868
 18.5856
 11.0181
 12.7744
 14.4260
 18.9872
 31.7628
 42.7821
 44.7758
 42.0673
 37.3710
 34.3747
 31.4712
 27.8826
 24.3832
 21.2908
 19.0767
 17.3226
 15.8922
 14.5696
 13.1771
 12.4605
 11.4664
 10.5741
  9.7409
  8.9429
  8.2549
  7.5151
  7.1880
  6.7635
  6.5450
  6.3040
  6.1366
  5.9558
  5.7906
  5.7062
  5.5375
  5.3857
  5.2802
  5.2431
  5.1019
  4.8876
  4.7171
  4.5914
  4.5234
  4.4339
  4.3298
  4.2551
  4.2096
  4.0925
  4.0578
  4.0518
  4.0360
  4.0255
  3.9851
  3.8884
  3.8609
  3.8676
  3.8167
  3.7002
  3.6320
  3.6340
  3.6335
  3.5579
  3.5122
  3.4926
  3.4938
  3.4547
  3.4282
  3.4108
  3.3739
  3.3326
  3.3131
  3.3199
  3.3047
  3.2780
  3.2529
  3.2482
  3.2432
  3.2533
  3.2600
  3.2137
  3.1836
  3.1693
  3.1591
  3.1531
  3.1373
  3.1358
  3.1245
  3.1043
  3.1140
  3.1033
  3.1020
  3.1006
  3.0856
  3.0713
  3.0693
  3.0815
  3.0774
  3.0632
  3.0499
  3.0468
  3.0500
  3.0428
  3.0377
  3.0308
  3.0316
  3.0383
  3.0260
  3.0068
  3.0164
  3.0287
  3.0192
  3.0083
  2.9985
  2.9930
  2.9944
  2.9982
  2.9967
  3.0042
  2.9978
  2.9930
  2.9876
  2.9870
  2.9875
  2.9802
  2.9803
  2.9775
  2.9734
  2.9758
  2.9786
  2.9784
  2.9640
  2.9665
  2.9608
  2.9667
  2.9572
  2.9675
  2.9659
  2.9665
  2.9659
  2.9495
  2.9461
  2.9550
  2.9486
  2.9536
  2.9510
  2.9471
  2.9504
  2.9477
  2.9430
  2.9501
  2.9491
  2.9372
  2.9376
  2.9298
  2.9297
  2.9413
  2.9290
  2.9283
  2.9345
  2.9359
  2.9340
  2.9374
  2.9192
  2.9293
  2.9359
  2.9380
  2.9361
  2.9294
  2.9246
  2.9270
  2.9345
  2.9287
  2.9193
  2.9155
  2.9169
  2.9266
  2.9253
  2.9255
  2.9220
  2.9119
  2.9139
  2.9199
  2.9175
  2.9200
  2.9133
  2.9196
  2.9061
  2.9171
  2.9134
  2.9191
  2.9171
  2.9109
  2.9133
  2.9214
  2.9120
  2.9163
  2.9056
  2.9121
  2.9072
  2.9095
  2.9040
  2.9087
  2.9034
  2.9046
  2.8957
  2.9130
  2.9024
  2.9104
  2.9007
  2.9087
  2.8935
  2.9031
  2.9162
  2.9120
  2.9087
  2.9016
  2.9055
  2.9006
  2.9030
  2.9090
  2.9128
  2.8939
  2.9109
  2.9035
  2.8982
  2.9024
  2.9090
  2.9013
  2.9097
  2.9100
  2.8916
  2.8963
  2.8948
  2.8911
  2.9125
  2.9004
  2.9058
  2.8993
  2.8919
  2.9071
  2.9022
  2.8936
  2.8961
  2.9009
  2.8911
  2.8967
  2.8813
  2.8976
  2.8994
  2.9054
  2.8993
  2.8981
  2.8888
  2.8936
  2.9014
  2.8949
  2.8942
  2.8980
  2.8943
  2.8866
  2.8937
  2.8910
  2.8816
  2.9010
  2.9001
  2.9018
  2.8975
  2.8952
  2.8852
  2.8965
  2.8968
  2.8942
  2.8922
  2.8845
  2.8812
  2.8870
  2.8997
  2.8861
  2.8902
  2.8952
  2.8917
  2.8931
  2.8911
  2.8954
  2.9001
  2.8959
  2.8929
  2.8910
  2.8926
  2.8988
  2.8911
  2.8859
  2.8899
  2.8945
  2.8988
  2.8930
  2.8867
  2.8919
  2.8796
  2.8931
  2.8942
  2.8849
  2.8848
  2.8810
  2.8823
  2.8917
  2.8835
  2.8866
  2.8881
  2.8917
  2.8929
  2.8945
  2.8891
  2.8875
  2.8810
  2.8867
  2.8897
  2.8915
  2.8683
  2.8759
  2.8689
  2.8903
  2.8891
  2.8874
  2.8859
  2.8927
  2.8843
  2.8801
  2.8868
  2.8848
  2.8868
  2.8853
  2.8855
  2.8999
  2.8737
  2.8734
  2.8890
  2.8855
  2.8691
  2.8943
  2.8825
  2.8889
  2.8832
  2.8852
  2.8821
  2.8918
  2.8957
  2.8875
  2.8801
  2.8914
  2.8857
  2.8780
  2.8782
  2.8780
  2.8821
  2.8733
  2.8829
  2.8883
  2.8840
  2.8820
  2.8871
  2.8734
  2.8922
  2.8858
  2.8825
  2.8740
  2.8824
  2.8837
  2.8864
  2.8788
  2.8776
  2.8775
  2.8871
  2.8853
  2.8830
  2.8902
  2.8835
  2.8857
  2.8803
  2.8861
  2.8853
  2.8789
  2.8788
  2.8850
  2.8797
  2.8812
  2.8872
  2.8880
  2.8722
  2.8805
  2.8830
  2.8914
  2.8923
  2.8768
  2.8914
  2.8810
  2.8847
  2.8794
  2.8772
  2.8924
  2.8797
  2.8756
  2.8886
  2.8897
  2.8875
  2.8746
  2.8841
  2.8836
  2.8829
  2.8737
  2.8747
  2.8780
  2.8812
  2.8876
  2.8805
  2.8784
  2.8771
  2.8805
  2.8773
  2.8866
  2.8749
  2.8891
  2.8818
  2.8942
  2.8824
  2.8754
  2.8908
  2.8881
  2.8733
  2.8821
  2.8800
  2.8773
  2.8865
  2.8795
  2.8833
  2.8872
  2.8865
  2.8880
  2.8759
  2.8802
  2.8847
  2.8750
  2.8830
  2.8877
  2.8801
  2.8876
  2.8805
  2.8706
  2.8843
  2.8753
  2.8755
  2.8819
  2.8824
  2.8788
  2.8800
  2.8768
  2.8783
  2.8891
  2.8801
  2.8906
  2.8802
  2.8748
  2.8853
  2.8834
  2.8811
  2.8801
  2.8888
  2.8787
  2.8855
  2.8801
  2.8757
  2.8781
  2.8847
  2.8877
  2.8781
  2.8843
  2.8801
  2.8843
  2.8836
  2.8831
  2.8799
  2.8836
  2.8860
  2.8752
  2.8813
  2.8757
  2.8840
  2.8772
  2.8760
  2.8799
  2.8830
  2.8851
  2.8805
  2.8733
  2.8778
  2.8695
  2.8717
  2.8767
  2.8716
  2.8776
  2.8849
  2.8786
  2.8851
  2.8826
  2.8757
  2.8796
  2.8807
  2.8822
  2.8810
  2.8852
  2.8855
  2.8867
  2.8786
  2.8764
  2.8766
  2.8854
  2.8816
  2.8882
  2.8806
  2.8886
  2.8827
  2.8824
  2.8811
  2.8806
  2.8844
  2.8776
  2.8844
  2.8758
  2.8793
  2.8825
  2.8864
  2.8817
  2.8852
  2.8930
  2.8785
  2.8804
  2.8850
  2.8790
  2.8839
  2.8908
  2.8843
  2.8849
  2.8802
  2.8820
  2.8817
  2.8728
  2.8829
  2.8725
  2.8793
  2.8901
  2.8809
  2.8919
  2.8756
  2.8864
  2.8844
  2.8813
  2.8903
  2.8833
  2.8791
  2.8718
  2.8773
  2.8817
  2.8842
  2.8795
  2.8848
  2.8824
  2.8755
  2.8855
  2.8757
  2.8760
  2.8778
  2.8839
  2.8873
  2.8790
  2.8725
  2.8827
  2.8804
  2.8835
  2.8769
  2.8740
  2.8861
  2.8734
  2.8825
  2.8884
  2.8855
  2.8828
  2.8889
  2.8733
  2.8847
  2.8775
  2.8903
  2.8748
  2.8853
  2.8769
  2.8761
  2.8924
  2.8930
  2.8841
  2.8747
  2.8749
  2.8857
  2.8861
  2.8804
  2.8832
  2.8738
  2.8897
  2.8750
  2.8797
  2.8858
  2.8821
  2.8830
  2.8757
  2.8758
  2.8862
  2.8897
  2.8875
  2.8672
  2.8874
  2.8838
  2.8749
  2.8856
  2.8680
  2.8681
  2.8811
  2.8752
  2.8776
  2.8741
  2.8856
  2.8828
  2.8871
  2.8848
  2.8887
  2.8798
  2.8753
  2.8861
  2.8827
  2.8762
  2.8864
  2.8951
  2.8866
  2.8799
  2.8751
  2.8886
  2.8796
  2.8760
  2.8923
  2.8819
  2.8738
  2.8772
  2.8797
  2.8761
  2.8820
  2.8888
  2.8693
  2.8642
  2.8794
  2.8819
  2.8821
  2.8906
  2.8789
  2.8858
  2.8714
  2.8770
  2.8803
  2.8789
  2.8829
  2.8839
  2.8835
  2.8811
  2.8768
  2.8822
  2.8841
  2.8820
  2.8789
  2.8859
  2.8770
  2.8843
  2.8812
  2.8808
  2.8806
  2.8808
  2.8679
  2.8734
  2.8779
  2.8832
  2.8777
  2.8770
  2.8733
  2.8757
  2.8779
  2.8860
  2.8790
  2.8854
  2.8756
  2.8878
  2.8742
  2.8699
  2.8808
  2.8752
  2.8771
  2.8806
  2.8793
  2.8754
  2.8793
  2.8804
  2.8885
  2.8747
  2.8763
  2.8725
  2.8777
  2.8842
  2.8733
  2.8794
  2.8739
  2.8839
  2.8776
  2.8705
  2.8708
  2.8784
  2.8737
  2.8783
  2.8817
  2.8791
  2.8834
  2.8810
  2.8848
  2.8893
  2.8801
  2.8812
  2.8773
  2.8839
  2.8831
  2.8871
  2.8791
  2.8773
  2.8827
  2.8900
  2.8782
  2.8765
  2.8853
  2.8715
  2.8907
  2.8870
  2.8729
  2.8739
  2.8832
  2.8774
  2.8614
  2.8793
  2.8770
  2.8759
  2.8879
  2.8800
  2.8721
  2.8777
  2.8748
  2.8805
  2.8819
  2.8658
  2.8798
  2.8806
  2.8793
  2.8808
  2.8709
  2.8883
  2.8815
  2.8771
  2.8892
  2.8733
  2.8770
  2.8666
  2.8821
  2.8745
  2.8842
  2.8772
  2.8815
  2.8774
  2.8885
  2.8819
  2.8806
  2.8845
  2.8738
  2.8782
  2.8823
  2.8873
  2.8737
  2.8854
  2.8834
  2.8716
  2.8825
  2.8841
  2.8734
  2.8828
  2.8751
  2.8784
  2.8715
  2.8884
  2.8835
  2.8813
  2.8779
  2.8806
  2.8814
  2.8693
  2.8806
  2.8776
  2.8785
  2.8821
  2.8747
  2.8971
  2.8619
  2.8781
  2.8822
  2.8736
  2.8688
  2.8781
  2.8857
  2.8805
  2.8816
  2.8831
  2.8770
  2.8851
  2.8711
  2.8775
  2.8770
  2.8847
  2.8856
  2.8858
  2.8679
  2.8800
  2.8706
  2.8799
  2.8858
  2.8894
  2.8785
  2.8717
  2.8746
  2.8720
  2.8863
  2.8804
  2.8729
  2.8753
  2.8704
  2.8960
  2.8753
  2.8707
  2.8766
  2.8647
  2.8695
  2.8804
  2.8689
  2.8718
  2.8783
  2.8810
  2.8827
  2.8800
  2.8759
  2.8713
  2.8805
  2.8761
  2.8845
  2.8791
  2.8856
  2.8777
  2.8810
  2.8762
  2.8806
  2.8832
  2.8795
  2.8826
  2.8724
  2.8751
  2.8748
  2.8733
  2.8724
  2.8825
  2.8734
  2.8800
  2.8794
  2.8739
  2.8806
  2.8883
  2.8746
  2.8842
  2.8927
  2.8723
  2.8776
  2.8810
  2.8726
  2.8757
  2.8747
  2.8858
  2.8853
  2.8798
  2.8771
  2.8714
  2.8845
  2.8791
  2.8697
  2.8770
  2.8751
  2.8740
  2.8741
  2.8847
  2.8748
  2.8776
  2.8763
  2.8713
  2.8814
  2.8788
  2.8735
  2.8847
  2.8836
  2.8771
  2.8745
  2.8817
  2.8734
  2.8847
  2.8874
  2.8687
  2.8771
  2.8832
  2.8762
  2.8690
  2.8808
  2.8782
  2.8854
  2.8820
  2.8801
  2.8779
  2.8786
  2.8787
  2.8754
  2.8848
  2.8851
  2.8810
  2.8659
  2.8768
  2.8794
  2.8712
  2.8956
  2.8784
  2.8752
  2.8705
  2.8786
  2.8835
  2.8684
  2.8835
  2.8897
  2.8884
  2.8800
  2.8795
  2.8935
  2.8835
  2.8689
  2.8712
  2.8818
  2.8808
  2.8777
  2.8791
  2.8819
  2.8680
  2.8858
  2.8804
  2.8730
  2.8760
  2.8749
  2.8780
  2.8764
  2.8755
  2.8805
  2.8781
  2.8699
  2.8784
  2.8849
  2.8851
  2.8777
  2.8760
  2.8911
  2.8874
  2.8837
  2.8851
  2.8784
  2.8836
  2.8822
  2.8818
  2.8792
  2.8783
  2.8755
  2.8882
  2.8886
  2.8639
  2.8840
  2.8805
  2.8837
  2.8873
  2.8825
  2.8825
  2.8739
  2.8831
  2.8746
  2.8820
  2.8914
  2.8808
  2.8781
  2.8831
  2.8707
  2.8807
  2.8707
  2.8767
  2.8716
  2.8752
  2.8821
  2.8780
  2.8789
  2.8738
  2.8806
  2.8762
  2.8871
  2.8824
  2.8764
  2.8824
  2.8790
  2.8863
  2.8796
  2.8864
  2.8802
  2.8852
  2.8813
  2.8816
  2.8746
  2.8776
  2.8747
  2.8841
  2.8724
  2.8801
  2.8741
  2.8804
  2.8766
  2.8741
  2.8698
  2.8635
  2.8643
  2.8736
  2.8855
  2.8740
  2.8620
  2.8740
  2.8646
  2.8816
  2.8793
  2.8792
  2.8840
  2.8896
  2.8823
  2.8849
  2.8745
  2.8837
  2.8786
  2.8806
  2.8701
  2.8848
  2.8872
  2.8733
  2.8774
  2.8896
  2.8786
  2.8717
  2.8786
  2.8705
  2.8790
  2.8783
  2.8823
  2.8752
  2.8853
  2.8736
  2.8758
  2.8788
  2.8773
  2.8800
  2.8678
  2.8764
  2.8611
  2.8761
  2.8815
  2.8850
  2.8850
  2.8782
  2.8834
  2.8835
  2.8883
  2.8793
  2.8858
  2.8646
  2.8784
  2.8763
  2.8824
  2.8822
  2.8793
  2.8903
  2.8743
  2.8792
  2.8817
  2.8860
  2.8848
  2.8817
  2.8822
  2.8854
  2.8768
  2.8817
  2.8882
  2.8781
  2.8799
  2.8799
  2.8717
  2.8782
  2.8703
  2.8773
  2.8679
  2.8788
  2.8813
  2.8820
  2.8830
  2.8706
  2.8834
  2.8700
  2.8852
  2.8797
  2.8852
  2.8724
  2.8806
  2.8752
  2.8883
  2.8849
  2.8776
  2.8760
  2.8825
  2.8812
  2.8723
  2.8832
  2.8845
  2.8754
  2.8791
  2.8828
  2.8746
  2.8774
  2.8866
  2.8811
  2.8884
  2.8738
  2.8827
  2.8778
  2.8848
  2.8774
  2.8882
  2.8788
  2.8730
  2.8770
  2.8779
  2.8787
  2.8776
  2.8790
  2.8726
  2.8705
  2.8782
  2.8730
  2.8785
  2.8752
  2.8770
  2.8832
  2.8869
  2.8818
  2.8736
  2.8752
  2.8683
  2.8799
  2.8758
  2.8836
  2.8852
  2.8773
  2.8713
  2.8718
  2.8829
  2.8723
  2.8771
  2.8826
  2.8837
  2.8776
  2.8807
  2.8718
  2.8737
  2.8800
  2.8730
  2.8810
  2.8727
  2.8787
  2.8718
  2.8789
  2.8730
  2.8821
  2.8769
  2.8803
  2.8809
  2.8893
  2.8798
  2.8844
  2.8774
  2.8784
  2.8826
  2.8758
  2.8737
  2.8722
  2.8709
  2.8755
  2.8824
  2.8859
  2.8756
  2.8760
  2.8767
  2.8851
  2.8823
  2.8837
  2.8831
  2.8738
  2.8761
  2.8763
  2.8850
  2.8780
  2.8761
  2.8765
  2.8740
  2.8806
  2.8866
  2.8756
  2.8851
  2.8736
  2.8731
  2.8796
  2.8756
  2.8757
  2.8756
  2.8818
  2.8772
  2.8758
  2.8728
  2.8779
  2.8755
  2.8901
  2.8674
  2.8823
  2.8703
  2.8784
  2.8914
  2.8809
  2.8813
  2.8696
  2.8812
  2.8802
  2.8718
  2.8735
  2.8917
  2.8781
  2.8734
  2.8821
  2.8853
  2.8811
  2.8770
  2.8818
  2.8918
  2.8823
  2.8851
  2.8763
  2.8710
  2.8762
  2.8729
  2.8797
  2.8847
  2.8791
  2.8874
  2.8788
  2.8885
  2.8909
  2.8848
  2.8835
  2.8740
  2.8790
  2.8907
  2.8843
  2.8709
  2.8790
  2.8854
  2.8745
  2.8788
  2.8770
  2.8755
  2.8791
  2.8801
  2.8939
  2.8819
  2.8749
  2.8757
  2.8819
  2.8880
  2.8848
  2.8778
  2.8710
  2.8710
  2.8864
  2.8780
  2.8782
  2.8827
  2.8764
  2.8727
  2.8809
  2.8759
  2.8689
  2.8772
  2.8766
  2.8842
  2.8759
  2.8820
  2.8681
  2.8788
  2.8750
  2.8732
  2.8721
  2.8792
  2.8841
  2.8802
  2.8724
  2.8698
  2.8666
  2.8695
  2.8670
  2.8753
  2.8771
  2.8661
  2.8795
  2.8805
  2.8906
  2.8828
  2.8869
  2.8698
  2.8787
  2.8806
  2.8777
  2.8842
  2.8797
  2.8781
  2.8821
  2.8741
  2.8796
  2.8756
  2.8789
  2.8828
  2.8842
  2.8746
  2.8739
  2.8820
  2.8815
  2.8756
  2.8734
  2.8835
  2.8806
  2.8781
  2.8819
  2.8825
  2.8658
  2.8638
  2.8850
  2.8868
  2.8743
  2.8796
  2.8817
  2.8740
  2.8804
  2.8863
  2.8863
  2.8809
  2.8802
  2.8887
  2.8680
  2.8712
  2.8744
  2.8753
  2.8819
  2.8694
  2.8819
  2.8717
  2.8828
  2.8770
  2.8895
  2.8800
  2.8723
  2.8896
  2.8768
  2.8797
  2.8789
  2.8741
  2.8874
  2.8719
  2.8814
  2.8759
  2.8759
  2.8786
  2.8845
  2.8782
  2.8850
  2.8893
  2.8900
  2.8890
  2.8854
  2.8817
  2.8796
  2.8777
  2.8718
  2.8720
  2.8724
  2.8845
  2.8689
  2.8776
  2.8709
  2.8795
  2.8747
  2.8857
  2.8723
  2.8821
  2.8717
  2.8804
  2.8786
  2.8832
  2.8735
  2.8762
  2.8824
  2.8782
  2.8802
  2.8784
  2.8844
  2.8814
  2.8786
  2.8766
  2.8752
  2.8709
  2.8750
  2.8789
  2.8737
  2.8840
  2.8804
  2.8728
  2.8660
  2.8847
  2.8807
  2.8826
  2.8779
  2.8777
  2.8765
  2.8799
  2.8764
  2.8810
  2.8810
  2.8927
  2.8759
  2.8793
  2.8797
  2.8864
  2.8805
  2.8785
  2.8706
  2.8807
  2.8804
  2.8791
  2.8772
  2.8888
  2.8750
  2.8841
  2.8765
  2.8700
  2.8773
  2.8712
  2.8787
  2.8792
  2.8706
  2.8770
  2.8680
  2.8790
  2.8786
  2.8764
  2.8743
  2.8746
  2.8750
  2.8825
  2.8750
  2.8794
  2.8723
  2.8727
  2.8854
  2.8784
  2.8783
  2.8677
  2.8885
  2.8727
  2.8795
  2.8767
  2.8827
  2.8737
  2.8906
  2.8761
  2.8750
  2.8809
  2.8771
  2.8811
  2.8706
  2.8819
  2.8662
  2.8848
  2.8628
  2.8792
  2.8674
  2.8724
  2.8803
  2.8786
  2.8804
  2.8752
  2.8682
  2.8781
  2.8798
  2.8847
  2.8864
  2.8753
  2.8756
  2.8842
  2.8746
  2.8712
  2.8848
  2.8829
  2.8760
  2.8779
  2.8702
  2.8728
  2.8729
  2.8743
  2.8772
  2.8746
  2.8849
  2.8800
  2.8789
  2.8824
  2.8818
  2.8853
  2.8833
  2.8818
  2.8763
  2.8757
  2.8815
  2.8817
  2.8810
  2.8858
  2.8777
  2.8732
  2.8715
  2.8767
  2.8816
  2.8893
  2.8834
  2.8803
  2.8873
  2.8848
  2.8759
  2.8808
  2.8799
  2.8824
  2.8649
  2.8769
  2.8798
  2.8815
  2.8927
  2.8794
  2.8815
  2.8762
  2.8962
  2.8672
  2.8924
  2.8728
  2.8757
  2.8794
  2.8718
  2.8826
  2.8820
  2.8727
  2.8709
  2.8848
  2.8770
  2.8858
  2.8753
  2.8810
  2.8807
  2.8759
  2.8754
  2.8813
  2.8734
  2.8810
  2.8693
  2.8899
  2.8761
  2.8705
  2.8845
  2.8780
  2.8653
  2.8784
  2.8817
  2.8764
  2.8763
  2.8611
  2.8816
  2.8852
  2.8679
  2.8851
  2.8821
  2.8750
  2.8757
  2.8760
  2.8778
  2.8828
  2.8754
  2.8739
  2.8842
  2.8702
  2.8726
  2.8725
  2.8855
  2.8746
  2.8744
  2.8728
  2.8745
  2.8795
  2.8855
  2.8731
  2.8713
  2.8689
  2.8838
  2.8801
  2.8736
  2.8845
  2.8828
  2.8791
  2.8727
  2.8751
  2.8727
  2.8822
  2.8873
  2.8777
  2.8835
  2.8812
  2.8827
  2.8791
  2.8817
  2.8751
  2.8755
  2.8743
  2.8670
  2.8669
  2.8750
  2.8822
  2.8768
  2.8756
  2.8764
  2.8841
  2.8686
  2.8744
  2.8797
  2.8753
  2.8722
  2.8724
  2.8820
  2.8722
  2.8855
  2.8826
  2.8734
  2.8723
  2.8776
  2.8882
  2.8657
  2.8804
  2.8743
  2.8821
  2.8864
  2.8725
  2.8707
  2.8807
  2.8808
  2.8709
  2.8708
  2.8764
  2.8802
  2.8826
  2.8649
  2.8739
  2.8745
  2.8783
  2.8705
  2.8742
  2.8732
  2.8850
  2.8818
  2.8865
  2.8724
  2.8764
  2.8809
  2.8711
  2.8827
  2.8800
  2.8779
  2.8717
  2.8820
  2.8820
  2.8770
  2.8796
  2.8818
  2.8760
  2.8869
  2.8816
  2.8784
  2.8835
  2.8804
  2.8758
  2.8773
  2.8697
  2.8795
  2.8680
  2.8755
  2.8820
  2.8785
  2.8819
  2.8888
  2.8780
  2.8789
  2.8712
  2.8738
  2.8763
  2.8841
  2.8797
  2.8839
  2.8741
  2.8798
  2.8769
  2.8815
  2.8840
  2.8733
  2.8793
  2.8710
  2.8815
  2.8804
  2.8683
  2.8791
  2.8684
  2.8743
  2.8805
  2.8900
  2.8694
  2.8825
  2.8907
  2.8761
  2.8705
  2.8837
  2.8798
  2.8704
  2.8805
  2.8844
  2.8866
  2.8840
  2.8765
  2.8802
  2.8750
  2.8852
  2.8773
  2.8867
  2.8851
  2.8803
  2.8725
  2.8777
  2.8863
  2.8734
  2.8744
  2.8810
  2.8783
  2.8823
  2.8789
  2.8782
  2.8881
  2.8742
  2.8685
  2.8760
  2.8774
  2.8740
  2.8806
  2.8712
  2.8856
  2.8691
  2.8751
  2.8798
  2.8718
  2.8752
  2.8784
  2.8695
  2.8790
  2.8782
  2.8764
  2.8710
  2.8691
  2.8746
  2.8703
  2.8705
  2.8752
  2.8742
  2.8808
  2.8758
  2.8660
  2.8716
  2.8717
  2.8880
  2.8752
  2.8840
  2.8731
  2.8729
  2.8756
  2.8644
  2.8882
  2.8824
  2.8841
  2.8776
  2.8788
  2.8832
  2.8780
  2.8788
  2.8813
  2.8788
  2.8850
  2.8853
  2.8844
  2.8885
  2.8765
  2.8810
  2.8805
  2.8801
  2.8693
  2.8810
  2.8683
  2.8729
  2.8756
  2.8731
  2.8919
  2.8772
  2.8808
  2.8751
  2.8845
  2.8728
  2.8717
  2.8815
  2.8800
  2.8704
  2.8776
  2.8770
  2.8794
  2.8761
  2.8823
  2.8792
  2.8776
  2.8722
  2.8766
  2.8806
  2.8727
  2.8772
  2.8836
  2.8802
  2.8793
  2.8686
  2.8771
  2.8811
  2.8783
  2.8796
  2.8781
  2.8758
  2.8827
  2.8771
  2.8775
  2.8855
  2.8710
  2.8767
  2.8714
  2.8781
  2.8857
  2.8708
  2.8671
  2.8807
  2.8824
  2.8779
  2.8707
  2.8740
  2.8693
  2.8742
  2.8880
  2.8772
  2.8804
  2.8724
  2.8764
  2.8780
  2.8837
  2.8782
  2.8819
  2.8748
  2.8941
  2.8779
  2.8753
  2.8641
  2.8838
  2.8802
  2.8737
  2.8730
  2.8727
  2.8756
  2.8881
  2.8834
  2.8773
  2.8794
  2.8756
  2.8769
  2.8728
  2.8823
  2.8803
  2.8758
  2.8866
  2.8762
  2.8765
  2.8805
  2.8737
  2.8788
  2.8780
  2.8730
  2.8786
  2.8779
  2.8792
  2.8785
  2.8758
  2.8831
  2.8855
  2.8813
  2.8776
  2.8758
  2.8766
  2.8814
  2.8805
  2.8741
  2.8733
  2.8798
  2.8694
  2.8777
  2.8773
  2.8752
  2.8830
  2.8824
  2.8776
  2.8682
  2.8646
  2.8691
  2.8781
  2.8758
  2.8766
  2.8771
  2.8748
  2.8758
  2.8835
  2.8724
  2.8754
  2.8704
  2.8760
  2.8740
  2.8724
  2.8751
  2.8787
  2.8760
  2.8741
  2.8800
  2.8794
  2.8805
  2.8706
  2.8741
  2.8798
  2.8819
  2.8782
  2.8722
  2.8709
  2.8823
  2.8791
  2.8741
  2.8740
  2.8882
  2.8734
  2.8784
