C1431410.055180
Gadanki 14/03/2014 10:05:21 14/03/2014 10:05:52 0375 0079.2 0013.5 00
0000000 0020 0000600 0020 01
1 0 2 02000 1 0000 0030 00532.o 0 0 00 000 14 000600 0.500 BT0
532.000 .o analog 0 
  2.9756
 21.2986
 17.9743
 10.7285
 12.0909
 13.5593
 16.9964
 27.2598
 37.5780
 40.5558
 38.8524
 35.2852
 31.7264
 28.2140
 25.0616
 22.3301
 20.1456
 18.2417
 16.5366
 15.2340
 14.0346
 13.0420
 12.0994
 11.2709
 10.7052
  9.9741
  9.3944
  9.0848
  8.7095
  8.2080
  7.7122
  7.3004
  6.8770
  6.5002
  6.1935
  5.9538
  5.7663
  5.6234
  5.4924
  5.3574
  5.2424
  5.0894
  4.9622
  4.8220
  4.7159
  4.6199
  4.5510
  4.4303
  4.3299
  4.2743
  4.2497
  4.1504
  4.0788
  4.0413
  4.0587
  4.0463
  3.9714
  3.8940
  3.8641
  3.8939
  3.8724
  3.7849
  3.6991
  3.6730
  3.6809
  3.6060
  3.5714
  3.5622
  3.5630
  3.5167
  3.5037
  3.4835
  3.4377
  3.4031
  3.3934
  3.3825
  3.3755
  3.3613
  3.3528
  3.3250
  3.3575
  3.3746
  3.3719
  3.3264
  3.2672
  3.2448
  3.2340
  3.2434
  3.2349
  3.2332
  3.2175
  3.2036
  3.2013
  3.2000
  3.1912
  3.1891
  3.1841
  3.1731
  3.1641
  3.1631
  3.1597
  3.1605
  3.1504
  3.1501
  3.1450
  3.1451
  3.1295
  3.1403
  3.1235
  3.1283
  3.1176
  3.1104
  3.1054
  3.1025
  3.1092
  3.1101
  3.1029
  3.0892
  3.0979
  3.0989
  3.0896
  3.0824
  3.0831
  3.0733
  3.0739
  3.0812
  3.0838
  3.0734
  3.0787
  3.0670
  3.0715
  3.0663
  3.0721
  3.0596
  3.0545
  3.0644
  3.0586
  3.0484
  3.0558
  3.0598
  3.0456
  3.0455
  3.0590
  3.0521
  3.0494
  3.0530
  3.0487
  3.0362
  3.0509
  3.0412
  3.0462
  3.0451
  3.0338
  3.0172
  3.0327
  3.0361
  3.0404
  3.0352
  3.0434
  3.0333
  3.0264
  3.0268
  3.0317
  3.0245
  3.0198
  3.0259
  3.0155
  3.0157
  3.0305
  3.0285
  3.0265
  3.0192
  3.0348
  3.0298
  3.0266
  3.0243
  3.0241
  3.0097
  3.0253
  3.0126
  3.0255
  3.0191
  3.0213
  3.0146
  3.0050
  3.0160
  3.0144
  3.0035
  3.0115
  3.0057
  3.0176
  3.0033
  3.0084
  3.0102
  3.0066
  3.0113
  3.0060
  3.0125
  2.9949
  2.9949
  3.0092
  3.0084
  3.0147
  3.0064
  3.0005
  2.9936
  3.0076
  3.0046
  2.9984
  2.9993
  3.0015
  2.9961
  2.9869
  2.9909
  2.9971
  3.0057
  3.0017
  2.9993
  2.9966
  3.0048
  2.9961
  2.9965
  3.0040
  3.0006
  3.0019
  3.0035
  2.9998
  2.9961
  2.9878
  2.9995
  3.0027
  2.9877
  2.9802
  2.9925
  2.9925
  2.9968
  2.9954
  2.9975
  2.9963
  2.9990
  2.9999
  3.0016
  2.9898
  2.9952
  2.9970
  2.9886
  2.9916
  2.9912
  2.9966
  2.9865
  2.9797
  2.9925
  2.9914
  2.9924
  2.9984
  2.9905
  2.9880
  2.9819
  2.9855
  2.9944
  2.9891
  2.9950
  2.9906
  2.9884
  2.9809
  2.9772
  2.9887
  2.9940
  2.9885
  2.9922
  2.9855
  2.9775
  2.9871
  2.9894
  2.9892
  2.9966
  2.9783
  2.9791
  2.9900
  2.9908
  2.9935
  2.9731
  2.9918
  2.9945
  2.9769
  2.9846
  2.9918
  2.9872
  2.9899
  2.9934
  2.9840
  2.9906
  2.9825
  2.9877
  2.9850
  2.9824
  2.9894
  2.9909
  2.9882
  2.9783
  2.9858
  2.9774
  2.9769
  2.9839
  2.9801
  2.9835
  2.9894
  2.9831
  2.9781
  2.9780
  2.9889
  2.9936
  2.9860
  2.9743
  2.9920
  2.9653
  2.9899
  2.9913
  2.9819
  2.9883
  2.9908
  2.9821
  2.9794
  2.9879
  2.9842
  2.9764
  2.9938
  2.9803
  2.9964
  2.9837
  2.9815
  2.9812
  2.9811
  2.9866
  2.9869
  2.9666
  2.9708
  2.9808
  2.9865
  2.9801
  2.9874
  2.9826
  2.9760
  2.9759
  2.9683
  2.9772
  2.9721
  2.9690
  2.9729
  2.9853
  2.9795
  2.9877
  2.9710
  2.9796
  2.9888
  2.9857
  2.9808
  2.9751
  2.9869
  2.9779
  2.9820
  2.9887
  2.9784
  2.9730
  2.9674
  2.9776
  2.9719
  2.9841
  2.9852
  2.9794
  2.9776
  2.9812
  2.9825
  2.9808
  2.9804
  2.9793
  2.9743
  2.9859
  2.9804
  2.9811
  2.9780
  2.9741
  2.9760
  2.9783
  2.9875
  2.9750
  2.9841
  2.9800
  2.9813
  2.9748
  2.9912
  2.9779
  2.9811
  2.9784
  2.9743
  2.9779
  2.9774
  2.9680
  2.9809
  2.9813
  2.9843
  2.9820
  2.9712
  2.9777
  2.9833
  2.9798
  2.9796
  2.9812
  2.9812
  2.9843
  2.9823
  2.9774
  2.9734
  2.9699
  2.9803
  2.9774
  2.9768
  2.9694
  2.9761
  2.9845
  2.9798
  2.9753
  2.9863
  2.9900
  2.9809
  2.9793
  2.9807
  2.9760
  2.9738
  2.9705
  2.9835
  2.9742
  2.9784
  2.9779
  2.9794
  2.9791
  2.9781
  2.9815
  2.9730
  2.9768
  2.9686
  2.9793
  2.9752
  2.9843
  2.9700
  2.9832
  2.9763
  2.9648
  2.9668
  2.9842
  2.9862
  2.9853
  2.9804
  2.9662
  2.9787
  2.9737
  2.9793
  2.9812
  2.9796
  2.9702
  2.9766
  2.9830
  2.9793
  2.9792
  2.9757
  2.9781
  2.9752
  2.9819
  2.9782
  2.9751
  2.9798
  2.9796
  2.9748
  2.9750
  2.9701
  2.9787
  2.9798
  2.9776
  2.9710
  2.9720
  2.9724
  2.9662
  2.9810
  2.9831
  2.9801
  2.9814
  2.9763
  2.9812
  2.9664
  2.9770
  2.9719
  2.9833
  2.9689
  2.9720
  2.9749
  2.9787
  2.9806
  2.9708
  2.9755
  2.9646
  2.9767
  2.9822
  2.9742
  2.9788
  2.9818
  2.9811
  2.9727
  2.9829
  2.9743
  2.9734
  2.9703
  2.9655
  2.9859
  2.9780
  2.9849
  2.9780
  2.9843
  2.9800
  2.9691
  2.9744
  2.9762
  2.9806
  2.9756
  2.9791
  2.9817
  2.9790
  2.9870
  2.9727
  2.9834
  2.9728
  2.9855
  2.9763
  2.9767
  2.9744
  2.9795
  2.9742
  2.9738
  2.9803
  2.9715
  2.9761
  2.9762
  2.9792
  2.9742
  2.9821
  2.9740
  2.9634
  2.9775
  2.9726
  2.9653
  2.9699
  2.9719
  2.9666
  2.9905
  2.9775
  2.9729
  2.9741
  2.9693
  2.9718
  2.9830
  2.9684
  2.9787
  2.9681
  2.9708
  2.9740
  2.9830
  2.9741
  2.9672
  2.9851
  2.9766
  2.9766
  2.9723
  2.9710
  2.9813
  2.9654
  2.9807
  2.9803
  2.9790
  2.9685
  2.9728
  2.9733
  2.9807
  2.9758
  2.9733
  2.9779
  2.9714
  2.9679
  2.9740
  2.9781
  2.9867
  2.9818
  2.9732
  2.9784
  2.9708
  2.9665
  2.9678
  2.9705
  2.9704
  2.9762
  2.9744
  2.9888
  2.9889
  2.9806
  2.9850
  2.9806
  2.9785
  2.9760
  2.9746
  2.9654
  2.9770
  2.9768
  2.9747
  2.9759
  2.9838
  2.9741
  2.9676
  2.9607
  2.9748
  2.9800
  2.9700
  2.9798
  2.9828
  2.9797
  2.9749
  2.9838
  2.9695
  2.9779
  2.9866
  2.9708
  2.9752
  2.9800
  2.9817
  2.9779
  2.9731
  2.9791
  2.9832
  2.9791
  2.9757
  2.9775
  2.9821
  2.9774
  2.9703
  2.9767
  2.9796
  2.9693
  2.9731
  2.9685
  2.9719
  2.9843
  2.9778
  2.9847
  2.9769
  2.9626
  2.9835
  2.9628
  2.9701
  2.9870
  2.9812
  2.9781
  2.9650
  2.9668
  2.9716
  2.9733
  2.9789
  2.9680
  2.9749
  2.9736
  2.9720
  2.9760
  2.9718
  2.9718
  2.9798
  2.9768
  2.9747
  2.9757
  2.9714
  2.9782
  2.9770
  2.9725
  2.9773
  2.9758
  2.9801
  2.9705
  2.9819
  2.9829
  2.9792
  2.9790
  2.9789
  2.9734
  2.9679
  2.9716
  2.9761
  2.9777
  2.9818
  2.9664
  2.9760
  2.9886
  2.9777
  2.9773
  2.9788
  2.9816
  2.9704
  2.9732
  2.9651
  2.9832
  2.9779
  2.9790
  2.9836
  2.9744
  2.9742
  2.9722
  2.9692
  2.9825
  2.9779
  2.9775
  2.9867
  2.9803
  2.9675
  2.9642
  2.9764
  2.9758
  2.9777
  2.9806
  2.9817
  2.9811
  2.9691
  2.9694
  2.9831
  2.9706
  2.9716
  2.9716
  2.9715
  2.9750
  2.9746
  2.9678
  2.9783
  2.9774
  2.9821
  2.9763
  2.9654
  2.9718
  2.9826
  2.9754
  2.9669
  2.9623
  2.9683
  2.9705
  2.9673
  2.9799
  2.9739
  2.9711
  2.9764
  2.9796
  2.9947
  2.9680
  2.9642
  2.9708
  2.9874
  2.9724
  2.9684
  2.9756
  2.9659
  2.9770
  2.9808
  2.9813
  2.9804
  2.9765
  2.9683
  2.9753
  2.9771
  2.9715
  2.9662
  2.9728
  2.9849
  2.9722
  2.9755
  2.9719
  2.9776
  2.9765
  2.9814
  2.9764
  2.9712
  2.9699
  2.9751
  2.9777
  2.9797
  2.9781
  2.9803
  2.9679
  2.9748
  2.9737
  2.9708
  2.9672
  2.9777
  2.9759
  2.9714
  2.9760
  2.9715
  2.9778
  2.9694
  2.9787
  2.9710
  2.9740
  2.9707
  2.9726
  2.9693
  2.9720
  2.9701
  2.9683
  2.9726
  2.9781
  2.9819
  2.9720
  2.9678
  2.9738
  2.9784
  2.9705
  2.9789
  2.9790
  2.9860
  2.9839
  2.9732
  2.9719
  2.9765
  2.9649
  2.9687
  2.9719
  2.9647
  2.9722
  2.9784
  2.9745
  2.9758
  2.9686
  2.9716
  2.9831
  2.9791
  2.9839
  2.9842
  2.9726
  2.9829
  2.9730
  2.9679
  2.9840
  2.9748
  2.9644
  2.9754
  2.9844
  2.9713
  2.9734
  2.9724
  2.9773
  2.9801
  2.9743
  2.9780
  2.9802
  2.9780
  2.9884
  2.9794
  2.9791
  2.9721
  2.9736
  2.9721
  2.9780
  2.9749
  2.9721
  2.9822
  2.9810
  2.9771
  2.9737
  2.9765
  2.9811
  2.9788
  2.9744
  2.9773
  2.9755
  2.9701
  2.9797
  2.9666
  2.9711
  2.9813
  2.9691
  2.9810
  2.9720
  2.9781
  2.9763
  2.9784
  2.9752
  2.9766
  2.9805
  2.9749
  2.9840
  2.9744
  2.9782
  2.9726
  2.9713
  2.9594
  2.9856
  2.9812
  2.9778
  2.9822
  2.9740
  2.9711
  2.9698
  2.9692
  2.9616
  2.9633
  2.9827
  2.9729
  2.9671
  2.9786
  2.9731
  2.9750
  2.9781
  2.9777
  2.9786
  2.9794
  2.9749
  2.9638
  2.9788
  2.9921
  2.9748
  2.9776
  2.9751
  2.9753
  2.9747
  2.9747
  2.9697
  2.9735
  2.9655
  2.9711
  2.9788
  2.9791
  2.9713
  2.9791
  2.9654
  2.9750
  2.9703
  2.9661
  2.9728
  2.9860
  2.9706
  2.9795
  2.9641
  2.9797
  2.9816
  2.9694
  2.9721
  2.9744
  2.9836
  2.9650
  2.9770
  2.9710
  2.9709
  2.9761
  2.9807
  2.9749
  2.9721
  2.9638
  2.9766
  2.9827
  2.9743
  2.9766
  2.9679
  2.9691
  2.9782
  2.9782
  2.9782
  2.9825
  2.9652
  2.9708
  2.9807
  2.9837
  2.9693
  2.9822
  2.9773
  2.9680
  2.9788
  2.9790
  2.9736
  2.9622
  2.9724
  2.9782
  2.9733
  2.9623
  2.9598
  2.9643
  2.9813
  2.9793
  2.9831
  2.9783
  2.9584
  2.9705
  2.9713
  2.9774
  2.9624
  2.9732
  2.9803
  2.9756
  2.9843
  2.9745
  2.9749
  2.9765
  2.9782
  2.9703
  2.9836
  2.9750
  2.9741
  2.9782
  2.9751
  2.9683
  2.9563
  2.9697
  2.9792
  2.9842
  2.9812
  2.9685
  2.9873
  2.9773
  2.9742
  2.9850
  2.9676
  2.9751
  2.9735
  2.9844
  2.9745
  2.9663
  2.9664
  2.9791
  2.9779
  2.9757
  2.9856
  2.9734
  2.9706
  2.9813
  2.9829
  2.9681
  2.9702
  2.9731
  2.9733
  2.9642
  2.9645
  2.9708
  2.9679
  2.9733
  2.9742
  2.9630
  2.9745
  2.9745
  2.9712
  2.9720
  2.9825
  2.9676
  2.9800
  2.9726
  2.9754
  2.9734
  2.9705
  2.9760
  2.9764
  2.9781
  2.9759
  2.9719
  2.9691
  2.9770
  2.9775
  2.9764
  2.9832
  2.9814
  2.9774
  2.9752
  2.9795
  2.9739
  2.9789
  2.9793
  2.9699
  2.9666
  2.9794
  2.9716
  2.9780
  2.9798
  2.9780
  2.9768
  2.9742
  2.9702
  2.9654
  2.9727
  2.9744
  2.9787
  2.9731
  2.9769
  2.9614
  2.9625
  2.9770
  2.9727
  2.9710
  2.9911
  2.9773
  2.9797
  2.9774
  2.9772
  2.9854
  2.9743
  2.9710
  2.9691
  2.9710
  2.9710
  2.9737
  2.9715
  2.9731
  2.9666
  2.9814
  2.9807
  2.9695
  2.9725
  2.9826
  2.9722
  2.9770
  2.9714
  2.9683
  2.9633
  2.9819
  2.9790
  2.9730
  2.9684
  2.9809
  2.9630
  2.9832
  2.9660
  2.9824
  2.9677
  2.9847
  2.9832
  2.9831
  2.9695
  2.9765
  2.9790
  2.9952
  2.9766
  2.9734
  2.9729
  2.9752
  2.9767
  2.9816
  2.9831
  2.9777
  2.9756
  2.9755
  2.9812
  2.9697
  2.9787
  2.9694
  2.9823
  2.9790
  2.9726
  2.9729
  2.9742
  2.9694
  2.9741
  2.9741
  2.9819
  2.9768
  2.9661
  2.9725
  2.9771
  2.9712
  2.9711
  2.9648
  2.9739
  2.9816
  2.9757
  2.9726
  2.9670
  2.9666
  2.9784
  2.9716
  2.9667
  2.9722
  2.9769
  2.9741
  2.9625
  2.9722
  2.9720
  2.9741
  2.9737
  2.9759
  2.9642
  2.9744
  2.9685
  2.9767
  2.9769
  2.9732
  2.9784
  2.9799
  2.9687
  2.9656
  2.9703
  2.9823
  2.9791
  2.9856
  2.9740
  2.9767
  2.9833
  2.9824
  2.9742
  2.9727
  2.9777
  2.9735
  2.9734
  2.9831
  2.9847
  2.9787
  2.9749
  2.9799
  2.9738
  2.9686
  2.9728
  2.9850
  2.9701
  2.9667
  2.9767
  2.9807
  2.9728
  2.9811
  2.9775
  2.9717
  2.9657
  2.9699
  2.9685
  2.9666
  2.9787
  2.9888
  2.9727
  2.9724
  2.9739
  2.9915
  2.9701
  2.9685
  2.9766
  2.9679
  2.9696
  2.9716
  2.9686
  2.9708
  2.9768
  2.9704
  2.9785
  2.9772
  2.9760
  2.9766
  2.9695
  2.9772
  2.9790
  2.9681
  2.9787
  2.9721
  2.9603
  2.9830
  2.9681
  2.9828
  2.9842
  2.9795
  2.9838
  2.9766
  2.9806
  2.9794
  2.9740
  2.9691
  2.9719
  2.9867
  2.9730
  2.9797
  2.9659
  2.9789
  2.9813
  2.9764
  2.9797
  2.9816
  2.9691
  2.9693
  2.9802
  2.9774
  2.9661
  2.9757
  2.9638
  2.9667
  2.9739
  2.9707
  2.9678
  2.9702
  2.9851
  2.9717
  2.9759
  2.9758
  2.9763
  2.9816
  2.9805
  2.9674
  2.9679
  2.9639
  2.9698
  2.9837
  2.9800
  2.9769
  2.9667
  2.9788
  2.9710
  2.9642
  2.9791
  2.9772
  2.9876
  2.9823
  2.9717
  2.9721
  2.9645
  2.9768
  2.9685
  2.9716
  2.9740
  2.9774
  2.9657
  2.9770
  2.9806
  2.9701
  2.9788
  2.9659
  2.9739
  2.9701
  2.9755
  2.9916
  2.9783
  2.9771
  2.9687
  2.9778
  2.9874
  2.9726
  2.9778
  2.9723
  2.9693
  2.9645
  2.9706
  2.9856
  2.9715
  2.9834
  2.9569
  2.9740
  2.9780
  2.9702
  2.9720
  2.9694
  2.9756
  2.9865
  2.9726
  2.9697
  2.9687
  2.9814
  2.9681
  2.9677
  2.9665
  2.9792
  2.9701
  2.9689
  2.9727
  2.9687
  2.9726
  2.9656
  2.9756
  2.9702
  2.9756
  2.9659
  2.9640
  2.9702
  2.9818
  2.9751
  2.9696
  2.9721
  2.9778
  2.9675
  2.9733
  2.9722
  2.9766
  2.9704
  2.9685
  2.9650
  2.9699
  2.9773
  2.9713
  2.9691
  2.9745
  2.9810
  2.9831
  2.9828
  2.9739
  2.9698
  2.9645
  2.9724
  2.9755
  2.9707
  2.9734
  2.9732
  2.9687
  2.9718
  2.9722
  2.9759
  2.9743
  2.9764
  2.9733
  2.9774
  2.9570
  2.9765
  2.9767
  2.9824
  2.9791
  2.9887
  2.9637
  2.9787
  2.9719
  2.9796
  2.9872
  2.9757
  2.9796
  2.9716
  2.9829
  2.9777
  2.9733
  2.9634
  2.9846
  2.9853
  2.9598
  2.9801
  2.9699
  2.9687
  2.9783
  2.9783
  2.9765
  2.9785
  2.9686
  2.9772
  2.9604
  2.9756
  2.9681
  2.9808
  2.9793
  2.9835
  2.9833
  2.9742
  2.9741
  2.9617
  2.9719
  2.9748
  2.9868
  2.9775
  2.9709
  2.9781
  2.9701
  2.9739
  2.9668
  2.9735
  2.9754
  2.9730
  2.9674
  2.9690
  2.9671
  2.9767
  2.9754
  2.9712
  2.9748
  2.9798
  2.9788
  2.9724
  2.9736
  2.9678
  2.9841
  2.9745
  2.9780
  2.9721
  2.9773
  2.9647
  2.9651
  2.9761
  2.9782
  2.9769
  2.9808
  2.9847
  2.9755
  2.9667
  2.9752
  2.9839
  2.9775
  2.9649
  2.9725
  2.9743
  2.9838
  2.9592
  2.9819
  2.9667
  2.9727
  2.9770
  2.9729
  2.9751
  2.9795
  2.9738
  2.9802
  2.9917
  2.9705
  2.9775
  2.9682
  2.9779
  2.9700
  2.9718
  2.9860
  2.9765
  2.9698
  2.9686
  2.9731
  2.9677
  2.9701
  2.9810
  2.9708
  2.9732
  2.9764
  2.9886
  2.9807
  2.9785
  2.9633
  2.9810
  2.9763
  2.9721
  2.9755
  2.9761
  2.9815
  2.9771
  2.9838
  2.9748
  2.9695
  2.9837
  2.9736
  2.9686
  2.9707
  2.9672
  2.9763
  2.9788
  2.9626
  2.9771
  2.9721
  2.9748
  2.9834
  2.9842
  2.9808
  2.9755
  2.9786
  2.9781
  2.9655
  2.9802
  2.9749
  2.9783
  2.9670
  2.9693
  2.9825
  2.9779
  2.9781
  2.9759
  2.9709
  2.9734
  2.9802
  2.9703
  2.9738
  2.9731
  2.9706
  2.9764
  2.9763
  2.9678
  2.9724
  2.9778
  2.9804
  2.9758
  2.9793
  2.9727
  2.9716
  2.9764
  2.9641
  2.9774
  2.9781
  2.9824
  2.9743
  2.9832
  2.9764
  2.9787
  2.9807
  2.9720
  2.9700
  2.9803
  2.9672
  2.9704
  2.9728
  2.9669
  2.9765
  2.9772
  2.9735
  2.9756
  2.9789
  2.9811
  2.9774
  2.9725
  2.9710
  2.9630
  2.9735
  2.9785
  2.9822
  2.9797
  2.9798
  2.9775
  2.9736
  2.9785
  2.9784
  2.9682
  2.9793
  2.9716
  2.9772
  2.9781
  2.9850
  2.9820
  2.9766
  2.9660
  2.9707
  2.9749
  2.9817
  2.9775
  2.9748
  2.9656
  2.9765
  2.9704
  2.9622
  2.9666
  2.9733
  2.9791
  2.9707
  2.9766
  2.9647
  2.9784
  2.9641
  2.9767
  2.9673
  2.9775
  2.9711
  2.9614
  2.9684
  2.9682
  2.9787
  2.9758
  2.9704
  2.9792
  2.9770
  2.9740
  2.9779
  2.9777
  2.9702
  2.9749
  2.9784
  2.9718
  2.9622
  2.9845
  2.9752
  2.9754
  2.9778
  2.9779
  2.9669
  2.9594
  2.9653
  2.9718
  2.9731
  2.9721
  2.9684
  2.9736
  2.9734
  2.9751
  2.9729
  2.9729
  2.9635
  2.9774
  2.9789
  2.9774
  2.9715
  2.9627
  2.9871
  2.9808
  2.9800
  2.9815
  2.9693
  2.9718
  2.9766
  2.9656
  2.9761
  2.9665
  2.9631
  2.9653
  2.9810
  2.9785
  2.9729
  2.9730
  2.9758
  2.9741
  2.9645
  2.9860
  2.9775
  2.9626
  2.9724
  2.9765
  2.9790
  2.9779
  2.9778
  2.9710
  2.9630
  2.9790
  2.9705
  2.9717
  2.9758
  2.9817
  2.9808
  2.9649
  2.9617
  2.9751
  2.9675
  2.9775
  2.9800
  2.9817
  2.9625
  2.9653
  2.9612
  2.9729
  2.9873
  2.9803
  2.9696
  2.9684
  2.9678
  2.9753
  2.9848
  2.9793
  2.9769
  2.9780
  2.9754
  2.9777
  2.9757
  2.9816
  2.9840
  2.9647
  2.9743
  2.9793
  2.9723
  2.9690
  2.9790
  2.9748
  2.9772
  2.9764
  2.9854
  2.9699
  2.9760
  2.9783
  2.9604
  2.9727
  2.9679
  2.9680
  2.9797
  2.9740
  2.9838
  2.9829
  2.9751
  2.9709
  2.9744
  2.9654
  2.9743
  2.9751
  2.9669
  2.9709
  2.9798
  2.9711
  2.9826
  2.9752
  2.9704
  2.9819
  2.9812
  2.9712
  2.9679
  2.9822
  2.9740
  2.9730
  2.9708
  2.9707
  2.9797
  2.9824
  2.9739
  2.9727
  2.9763
  2.9801
  2.9674
  2.9856
  2.9832
  2.9694
  2.9765
  2.9762
  2.9694
  2.9823
  2.9729
  2.9752
  2.9801
  2.9738
  2.9605
  2.9722
  2.9844
  2.9790
  2.9764
  2.9737
  2.9732
  2.9688
  2.9794
  2.9783
  2.9818
  2.9766
  2.9730
  2.9810
  2.9797
  2.9680
  2.9826
  2.9714
  2.9754
  2.9737
  2.9637
  2.9721
  2.9878
  2.9664
  2.9730
  2.9751
  2.9751
  2.9732
  2.9794
  2.9649
  2.9665
  2.9740
  2.9716
  2.9773
  2.9848
  2.9772
  2.9671
  2.9647
  2.9815
  2.9765
  2.9675
  2.9759
  2.9627
  2.9706
  2.9708
  2.9791
  2.9757
  2.9754
  2.9631
  2.9664
  2.9759
  2.9791
  2.9655
  2.9673
  2.9817
  2.9710
  2.9761
  2.9748
  2.9738
  2.9779
  2.9885
  2.9793
  2.9833
  2.9645
  2.9729
  2.9795
  2.9800
  2.9777
  2.9779
  2.9761
  2.9677
  2.9661
  2.9766
  2.9650
  2.9711
  2.9781
  2.9748
  2.9745
  2.9657
  2.9808
  2.9663
  2.9756
  2.9741
  2.9754
  2.9709
  2.9718
  2.9756
  2.9786
  2.9781
  2.9736
  2.9721
  2.9744
  2.9705
  2.9674
  2.9664
  2.9807
  2.9711
  2.9680
  2.9740
  2.9685
  2.9689
  2.9762
  2.9693
  2.9760
  2.9651
  2.9757
  2.9783
  2.9704
  2.9680
  2.9720
  2.9759
  2.9691
  2.9681
  2.9771
  2.9726
  2.9684
  2.9683
  2.9742
  2.9817
  2.9741
  2.9727
  2.9683
  2.9787
  2.9780
  2.9740
  2.9722
  2.9788
  2.9701
  2.9784
  2.9749
  2.9794
  2.9585
  2.9707
  2.9743
  2.9679
  2.9730
  2.9730
  2.9840
  2.9652
  2.9737
  2.9681
  2.9666
  2.9734
  2.9682
  2.9745
  2.9663
  2.9801
  2.9755
  2.9664
  2.9711
  2.9749
  2.9715
  2.9755
  2.9627
  2.9687
  2.9623
  2.9714
  2.9725
  2.9791
  2.9660
  2.9793
  2.9752
  2.9828
  2.9758
  2.9737
  2.9754
  2.9818
  2.9878
  2.9667
  2.9763
  2.9675
  2.9788
  2.9743
  2.9778
  2.9795
  2.9704
  2.9647
  2.9817
  2.9691
  2.9733
  2.9649
  2.9686
  2.9767
  2.9873
  2.9706
  2.9738
  2.9797
  2.9728
  2.9670
  2.9677
  2.9751
  2.9692
  2.9687
  2.9709
  2.9648
  2.9772
