C1431410.180392
Gadanki 14/03/2014 10:17:33 14/03/2014 10:18:04 0375 0079.2 0013.5 00
0000000 0020 0000600 0020 01
1 0 2 02000 1 0000 0030 00532.o 0 0 00 000 14 000600 0.500 BT0
532.000 .o analog 0 
  3.1727
 21.4542
 18.4258
 11.0217
 12.4865
 14.1257
 17.7569
 28.6006
 40.0275
 43.5873
 41.2079
 37.5703
 33.6993
 29.9708
 26.6650
 23.7982
 21.4568
 19.3587
 17.7365
 16.3057
 15.1026
 14.0377
 13.0618
 12.0676
 11.6134
 10.9508
 10.3782
  9.8675
  9.4987
  8.9857
  8.5439
  8.0596
  7.6983
  7.2418
  6.8725
  6.5004
  6.2132
  5.9378
  5.6669
  5.4845
  5.3098
  5.1797
  5.0912
  4.9781
  4.8700
  4.7777
  4.6797
  4.5556
  4.5226
  4.4663
  4.3851
  4.2809
  4.2440
  4.2375
  4.2599
  4.1944
  4.0789
  4.0826
  4.1078
  4.0702
  4.0236
  3.9179
  3.8980
  3.8896
  3.8534
  3.7804
  3.7694
  3.7509
  3.7548
  3.7100
  3.7071
  3.6751
  3.6503
  3.5919
  3.6045
  3.5810
  3.5749
  3.5747
  3.5598
  3.5376
  3.5481
  3.5532
  3.5875
  3.5575
  3.4863
  3.4663
  3.4479
  3.4439
  3.4363
  3.4394
  3.4360
  3.4113
  3.3986
  3.4073
  3.4039
  3.3945
  3.3827
  3.3866
  3.3690
  3.3771
  3.3657
  3.3506
  3.3531
  3.3563
  3.3486
  3.3381
  3.3514
  3.3441
  3.3323
  3.3280
  3.3266
  3.3185
  3.3207
  3.3210
  3.3187
  3.3100
  3.3159
  3.3004
  3.3005
  3.3129
  3.3001
  3.3009
  3.2929
  3.2874
  3.2930
  3.2841
  3.2770
  3.2810
  3.2872
  3.2673
  3.2896
  3.2862
  3.2950
  3.2839
  3.2691
  3.2651
  3.2793
  3.2660
  3.2713
  3.2596
  3.2680
  3.2691
  3.2610
  3.2560
  3.2608
  3.2496
  3.2648
  3.2658
  3.2631
  3.2536
  3.2564
  3.2496
  3.2545
  3.2481
  3.2363
  3.2549
  3.2544
  3.2435
  3.2506
  3.2440
  3.2421
  3.2380
  3.2365
  3.2447
  3.2494
  3.2477
  3.2398
  3.2387
  3.2381
  3.2367
  3.2386
  3.2407
  3.2363
  3.2320
  3.2253
  3.2359
  3.2277
  3.2346
  3.2228
  3.2179
  3.2231
  3.2228
  3.2144
  3.2271
  3.2156
  3.2079
  3.2241
  3.2203
  3.2267
  3.2303
  3.2207
  3.2126
  3.2284
  3.2215
  3.2311
  3.2169
  3.2197
  3.2109
  3.2268
  3.2239
  3.2278
  3.2208
  3.2217
  3.2203
  3.2126
  3.2170
  3.2183
  3.2251
  3.2052
  3.2207
  3.2160
  3.2021
  3.2079
  3.1994
  3.1991
  3.2204
  3.2152
  3.2161
  3.2078
  3.2066
  3.2164
  3.2121
  3.2025
  3.2150
  3.2138
  3.2132
  3.2027
  3.2124
  3.2006
  3.2052
  3.2155
  3.2004
  3.2008
  3.2141
  3.2093
  3.1962
  3.2090
  3.2191
  3.2136
  3.2111
  3.2017
  3.2111
  3.2005
  3.2114
  3.1950
  3.1984
  3.2115
  3.1960
  3.2037
  3.1898
  3.2017
  3.2013
  3.2083
  3.2211
  3.2086
  3.2145
  3.2076
  3.2066
  3.2058
  3.1989
  3.2088
  3.2058
  3.2038
  3.1976
  3.1974
  3.1943
  3.2005
  3.1994
  3.1922
  3.1979
  3.2022
  3.1956
  3.2025
  3.1963
  3.1952
  3.1815
  3.1939
  3.1950
  3.2008
  3.1873
  3.2021
  3.2103
  3.2038
  3.2038
  3.2074
  3.1930
  3.2044
  3.2083
  3.1936
  3.2026
  3.2024
  3.1887
  3.2125
  3.2000
  3.1993
  3.2049
  3.1988
  3.1948
  3.1990
  3.1952
  3.1978
  3.1946
  3.1937
  3.2001
  3.2002
  3.1860
  3.2002
  3.1988
  3.1992
  3.1920
  3.1926
  3.1969
  3.2056
  3.2013
  3.1967
  3.1975
  3.1981
  3.1879
  3.1836
  3.1968
  3.2033
  3.1975
  3.1971
  3.1970
  3.1994
  3.1941
  3.1946
  3.2013
  3.1893
  3.2044
  3.1896
  3.1963
  3.1956
  3.1985
  3.1925
  3.1932
  3.1992
  3.1910
  3.1927
  3.1969
  3.1997
  3.1942
  3.2006
  3.1946
  3.1981
  3.1992
  3.1858
  3.2061
  3.1903
  3.1837
  3.1948
  3.2036
  3.1905
  3.1801
  3.1879
  3.1951
  3.1902
  3.1858
  3.2048
  3.2020
  3.1998
  3.1990
  3.2018
  3.1926
  3.2087
  3.1927
  3.1873
  3.2039
  3.1896
  3.1932
  3.1926
  3.1947
  3.1947
  3.1916
  3.1798
  3.1911
  3.1931
  3.1971
  3.1928
  3.2050
  3.1998
  3.1934
  3.1970
  3.2046
  3.1808
  3.1894
  3.1936
  3.2015
  3.1909
  3.1871
  3.1947
  3.1943
  3.1961
  3.2059
  3.1929
  3.1930
  3.1898
  3.1890
  3.1937
  3.1909
  3.1982
  3.1947
  3.1902
  3.2013
  3.1960
  3.1933
  3.1991
  3.1960
  3.1917
  3.1886
  3.1843
  3.1937
  3.1974
  3.1956
  3.1941
  3.1815
  3.1850
  3.1909
  3.1951
  3.1809
  3.1915
  3.1937
  3.1884
  3.1857
  3.1971
  3.1839
  3.1872
  3.1850
  3.1904
  3.1890
  3.1884
  3.1940
  3.1934
  3.1921
  3.1816
  3.1911
  3.1917
  3.1955
  3.1915
  3.1961
  3.1910
  3.1927
  3.1888
  3.1936
  3.1746
  3.1902
  3.1881
  3.1838
  3.1850
  3.1855
  3.1923
  3.1991
  3.1970
  3.1861
  3.1867
  3.1767
  3.1789
  3.1912
  3.1893
  3.1848
  3.1956
  3.1847
  3.1960
  3.1866
  3.1904
  3.1972
  3.2017
  3.1864
  3.1824
  3.1790
  3.1800
  3.1897
  3.2024
  3.1949
  3.1884
  3.1788
  3.1852
  3.1910
  3.1905
  3.1849
  3.1937
  3.1918
  3.1952
  3.1880
  3.1995
  3.1776
  3.1896
  3.1873
  3.1873
  3.1867
  3.1842
  3.1945
  3.1897
  3.1907
  3.1952
  3.1972
  3.1940
  3.1863
  3.1892
  3.1894
  3.1836
  3.1972
  3.2037
  3.1898
  3.1937
  3.1878
  3.1933
  3.1985
  3.1854
  3.1835
  3.1958
  3.1825
  3.1805
  3.1877
  3.1955
  3.1911
  3.1728
  3.1991
  3.1845
  3.1893
  3.1811
  3.1862
  3.1882
  3.1994
  3.1816
  3.1932
  3.1905
  3.1878
  3.1995
  3.1817
  3.1901
  3.1880
  3.1874
  3.1800
  3.1839
  3.1885
  3.1822
  3.1726
  3.1860
  3.1878
  3.1932
  3.1871
  3.1900
  3.1941
  3.1894
  3.1875
  3.1848
  3.1942
  3.1926
  3.1794
  3.1925
  3.1853
  3.1916
  3.2044
  3.1890
  3.1840
  3.1892
  3.1859
  3.1884
  3.1879
  3.1938
  3.2058
  3.1882
  3.1878
  3.1906
  3.1844
  3.1872
  3.1897
  3.1804
  3.1972
  3.1985
  3.1865
  3.1892
  3.1832
  3.1941
  3.1847
  3.1908
  3.1909
  3.1919
  3.1865
  3.1927
  3.1935
  3.1925
  3.2010
  3.1898
  3.1830
  3.1920
  3.1849
  3.1880
  3.1927
  3.1938
  3.1853
  3.1834
  3.1795
  3.1973
  3.1862
  3.1993
  3.1954
  3.1898
  3.1915
  3.1857
  3.1849
  3.1930
  3.1932
  3.1881
  3.1847
  3.1814
  3.1881
  3.1944
  3.1957
  3.1776
  3.1924
  3.1924
  3.1834
  3.1885
  3.1742
  3.1950
  3.1921
  3.1883
  3.1857
  3.1945
  3.1935
  3.1892
  3.1737
  3.1914
  3.1895
  3.1985
  3.1817
  3.1928
  3.2014
  3.1917
  3.1842
  3.1908
  3.1979
  3.1975
  3.1921
  3.1822
  3.1851
  3.1898
  3.1860
  3.1878
  3.1843
  3.2000
  3.1955
  3.1856
  3.1911
  3.2000
  3.1924
  3.1966
  3.1862
  3.1939
  3.1821
  3.1883
  3.1942
  3.1903
  3.1810
  3.1890
  3.1935
  3.1953
  3.1919
  3.1846
  3.1854
  3.1974
  3.1920
  3.1948
  3.1948
  3.1908
  3.1941
  3.1954
  3.1891
  3.1857
  3.1890
  3.1943
  3.1864
  3.1845
  3.1792
  3.1907
  3.1858
  3.1807
  3.1976
  3.1829
  3.1831
  3.1888
  3.1997
  3.1910
  3.1880
  3.1787
  3.1931
  3.2018
  3.2000
  3.1673
  3.1847
  3.1847
  3.1799
  3.1909
  3.1736
  3.1916
  3.1909
  3.1865
  3.1994
  3.1893
  3.1903
  3.1918
  3.2054
  3.1967
  3.1799
  3.1832
  3.1796
  3.1831
  3.1895
  3.1878
  3.1867
  3.1959
  3.1836
  3.2015
  3.1902
  3.2015
  3.1890
  3.1907
  3.1855
  3.2012
  3.1854
  3.1940
  3.1937
  3.1871
  3.1844
  3.1909
  3.1821
  3.1801
  3.1862
  3.1842
  3.1868
  3.1963
  3.1863
  3.1875
  3.1975
  3.1892
  3.1766
  3.1772
  3.1827
  3.1826
  3.1956
  3.1792
  3.1855
  3.1831
  3.1833
  3.1897
  3.1874
  3.1808
  3.1917
  3.1891
  3.1766
  3.1904
  3.1861
  3.1779
  3.1910
  3.1957
  3.1757
  3.1919
  3.1912
  3.1835
  3.1866
  3.1898
  3.1933
  3.1782
  3.1939
  3.1981
  3.1971
  3.1883
  3.1848
  3.1827
  3.1885
  3.2013
  3.1895
  3.1881
  3.1995
  3.1756
  3.1875
  3.1771
  3.1904
  3.1969
  3.1806
  3.1838
  3.1901
  3.1935
  3.1928
  3.1830
  3.1858
  3.1890
  3.1896
  3.1764
  3.1841
  3.1916
  3.1823
  3.1941
  3.1857
  3.1907
  3.1961
  3.1800
  3.1868
  3.1891
  3.1938
  3.1848
  3.2007
  3.1803
  3.1930
  3.1906
  3.1813
  3.1874
  3.1796
  3.1766
  3.1781
  3.1858
  3.2006
  3.1929
  3.1911
  3.1934
  3.2019
  3.1861
  3.1816
  3.1844
  3.1937
  3.1990
  3.2049
  3.1887
  3.1768
  3.1913
  3.1805
  3.1793
  3.1864
  3.1915
  3.1984
  3.1793
  3.1730
  3.1880
  3.1917
  3.1908
  3.1874
  3.1900
  3.1856
  3.1938
  3.1887
  3.1849
  3.1937
  3.1943
  3.1786
  3.1795
  3.1914
  3.1914
  3.1910
  3.1839
  3.1885
  3.1873
  3.1894
  3.1875
  3.1828
  3.1880
  3.1764
  3.1815
  3.1858
  3.2050
  3.1878
  3.1882
  3.1919
  3.1973
  3.1837
  3.1915
  3.1834
  3.1984
  3.1900
  3.1866
  3.1831
  3.1890
  3.1828
  3.1808
  3.1997
  3.1788
  3.1768
  3.1821
  3.1845
  3.1841
  3.1853
  3.1842
  3.1895
  3.1771
  3.1896
  3.1840
  3.1889
  3.1830
  3.1865
  3.1838
  3.1834
  3.1894
  3.1819
  3.1911
  3.1773
  3.1911
  3.1806
  3.1911
  3.1937
  3.1946
  3.1896
  3.1884
  3.1830
  3.1847
  3.1780
  3.1997
  3.1937
  3.1923
  3.1873
  3.1873
  3.1813
  3.1883
  3.1845
  3.1915
  3.1747
  3.1796
  3.1968
  3.1828
  3.1895
  3.1955
  3.1713
  3.2002
  3.1796
  3.1844
  3.1911
  3.1917
  3.1884
  3.1870
  3.2001
  3.1929
  3.1999
  3.1928
  3.1797
  3.1949
  3.1863
  3.1868
  3.1948
  3.1894
  3.1925
  3.1839
  3.1930
  3.1883
  3.1907
  3.1900
  3.1890
  3.1804
  3.1955
  3.1906
  3.1889
  3.1919
  3.1853
  3.1938
  3.1908
  3.1894
  3.1863
  3.1860
  3.1880
  3.1849
  3.1938
  3.1955
  3.1895
  3.1894
  3.1836
  3.1775
  3.2056
  3.2000
  3.1934
  3.1923
  3.1916
  3.1795
  3.1968
  3.1950
  3.1870
  3.1894
  3.1879
  3.1889
  3.1856
  3.1825
  3.1828
  3.1921
  3.1852
  3.1943
  3.1777
  3.1917
  3.1903
  3.1888
  3.1846
  3.1954
  3.1843
  3.1861
  3.1765
  3.2020
  3.1888
  3.1825
  3.1934
  3.1854
  3.1994
  3.1820
  3.1843
  3.1953
  3.1785
  3.1879
  3.1875
  3.1897
  3.1851
  3.1876
  3.1878
  3.1916
  3.1868
  3.1937
  3.1903
  3.1881
  3.1860
  3.2052
  3.1848
  3.1825
  3.1855
  3.1990
  3.1889
  3.1882
  3.1911
  3.1838
  3.1921
  3.1856
  3.1864
  3.1989
  3.1837
  3.1844
  3.1921
  3.1809
  3.1959
  3.1752
  3.1861
  3.1960
  3.1970
  3.2001
  3.1955
  3.1848
  3.1831
  3.1896
  3.1838
  3.2002
  3.1841
  3.1833
  3.1861
  3.1894
  3.1836
  3.1850
  3.1898
  3.1778
  3.1819
  3.1947
  3.1847
  3.1782
  3.1790
  3.1887
  3.1868
  3.1883
  3.1799
  3.1898
  3.1813
  3.1846
  3.1877
  3.1843
  3.1767
  3.1862
  3.1722
  3.1868
  3.1957
  3.1942
  3.1771
  3.1852
  3.1800
  3.1883
  3.1990
  3.1855
  3.1838
  3.1759
  3.1952
  3.1983
  3.1862
  3.1920
  3.1931
  3.1917
  3.1846
  3.1758
  3.1826
  3.1824
  3.1879
  3.2007
  3.1888
  3.1958
  3.1839
  3.1888
  3.1886
  3.1943
  3.1850
  3.1902
  3.1927
  3.1875
  3.1808
  3.1850
  3.1943
  3.1837
  3.1986
  3.2054
  3.1875
  3.2008
  3.1808
  3.1882
  3.1845
  3.1854
  3.1850
  3.1842
  3.1851
  3.1957
  3.1815
  3.1893
  3.1823
  3.1945
  3.1758
  3.1912
  3.1809
  3.1875
  3.1830
  3.1835
  3.1845
  3.1982
  3.1853
  3.1864
  3.1839
  3.1825
  3.1829
  3.1791
  3.1766
  3.1821
  3.1846
  3.2020
  3.1911
  3.1950
  3.1824
  3.1914
  3.1907
  3.1894
  3.1897
  3.1912
  3.1930
  3.1803
  3.1927
  3.1941
  3.2010
  3.1862
  3.1833
  3.1913
  3.1765
  3.1992
  3.1915
  3.1955
  3.1763
  3.1934
  3.1925
  3.1845
  3.1993
  3.1924
  3.1919
  3.1891
  3.1870
  3.1864
  3.1778
  3.1874
  3.1832
  3.1811
  3.1854
  3.1908
  3.1884
  3.1914
  3.1934
  3.1910
  3.1935
  3.1872
  3.1800
  3.1849
  3.1939
  3.1823
  3.1909
  3.1905
  3.2010
  3.1987
  3.1824
  3.1895
  3.1976
  3.1915
  3.1728
  3.1861
  3.1861
  3.1921
  3.1878
  3.1896
  3.1820
  3.1797
  3.1936
  3.1831
  3.1836
  3.1991
  3.1920
  3.1927
  3.1792
  3.1965
  3.1941
  3.1822
  3.1896
  3.1810
  3.1865
  3.1795
  3.1846
  3.2012
  3.1799
  3.1939
  3.1926
  3.1833
  3.1720
  3.1804
  3.1921
  3.1908
  3.2007
  3.1940
  3.1811
  3.1890
  3.1933
  3.1914
  3.1901
  3.1883
  3.1872
  3.1849
  3.2077
  3.1789
  3.1806
  3.1854
  3.1828
  3.1795
  3.1850
  3.1881
  3.1924
  3.1818
  3.1936
  3.1856
  3.1985
  3.1880
  3.1800
  3.1863
  3.1826
  3.1962
  3.1767
  3.1769
  3.1816
  3.1857
  3.1849
  3.2111
  3.1799
  3.1824
  3.1840
  3.1851
  3.1825
  3.2002
  3.1749
  3.1809
  3.1923
  3.1891
  3.1897
  3.1896
  3.1849
  3.1750
  3.1909
  3.1863
  3.1893
  3.1814
  3.1886
  3.1952
  3.1915
  3.1824
  3.1805
  3.1903
  3.1951
  3.1851
  3.1876
  3.1873
  3.1954
  3.1946
  3.1989
  3.1957
  3.2008
  3.1854
  3.1957
  3.1974
  3.1809
  3.1883
  3.1808
  3.1871
  3.1815
  3.1945
  3.1843
  3.1817
  3.1734
  3.1883
  3.1794
  3.1900
  3.1767
  3.1760
  3.1852
  3.1744
  3.2059
  3.1770
  3.1854
  3.1898
  3.2022
  3.1851
  3.1853
  3.1943
  3.1937
  3.1820
  3.1845
  3.1919
  3.1907
  3.1841
  3.1833
  3.1822
  3.1828
  3.1775
  3.1902
  3.1891
  3.1934
  3.1932
  3.1879
  3.1798
  3.1870
  3.1889
  3.1832
  3.1928
  3.1906
  3.1913
  3.1831
  3.2065
  3.1834
  3.1907
  3.1940
  3.1828
  3.1797
  3.1950
  3.1879
  3.1887
  3.1702
  3.1927
  3.1846
  3.1921
  3.1843
  3.1732
  3.1835
  3.1998
  3.1821
  3.1894
  3.1983
  3.1881
  3.1930
  3.1989
  3.1877
  3.1721
  3.1864
  3.1900
  3.1872
  3.1880
  3.1811
  3.1880
  3.1946
  3.1867
  3.1918
  3.1821
  3.2054
  3.1784
  3.1941
  3.1860
  3.1781
  3.1872
  3.1892
  3.1810
  3.1967
  3.1889
  3.1754
  3.1870
  3.1760
  3.1860
  3.1766
  3.2013
  3.1847
  3.1944
  3.1865
  3.1918
  3.1909
  3.2031
  3.1847
  3.1746
  3.1820
  3.1845
  3.1898
  3.1868
  3.1811
  3.1900
  3.1929
  3.1868
  3.1817
  3.1860
  3.1812
  3.1879
  3.1952
  3.1819
  3.1821
  3.1935
  3.1821
  3.1946
  3.1992
  3.1866
  3.1893
  3.1822
  3.1791
  3.1809
  3.1846
  3.1954
  3.1809
  3.1841
  3.1768
  3.2011
  3.1765
  3.1799
  3.1925
  3.1896
  3.1807
  3.1840
  3.1887
  3.1871
  3.1762
  3.1879
  3.1942
  3.1784
  3.1768
  3.1845
  3.1843
  3.1895
  3.1824
  3.1861
  3.1762
  3.1887
  3.1809
  3.2030
  3.1803
  3.1803
  3.1759
  3.1878
  3.1891
  3.1995
  3.1906
  3.2004
  3.1869
  3.1880
  3.1762
  3.1746
  3.1888
  3.1995
  3.1884
  3.1874
  3.1858
  3.1842
  3.1837
  3.1830
  3.1879
  3.1782
  3.1849
  3.1916
  3.1967
  3.1955
  3.1927
  3.1897
  3.1749
  3.1904
  3.1953
  3.1899
  3.1898
  3.1785
  3.1953
  3.1824
  3.1828
  3.1819
  3.1764
  3.1792
  3.1909
  3.1835
  3.1883
  3.1926
  3.1940
  3.1905
  3.1911
  3.1832
  3.1856
  3.1904
  3.1776
  3.1850
  3.1950
  3.1794
  3.1841
  3.1864
  3.1959
  3.1914
  3.1894
  3.1763
  3.1902
  3.1996
  3.1851
  3.1782
  3.1828
  3.1977
  3.1819
  3.1915
  3.1881
  3.1863
  3.1886
  3.1784
  3.1811
  3.1809
  3.1976
  3.1751
  3.1857
  3.1842
  3.1857
  3.1893
  3.1837
  3.1850
  3.1858
  3.1904
  3.2042
  3.1841
  3.1846
  3.1925
  3.1823
  3.1982
  3.1772
  3.1793
  3.1948
  3.1735
  3.1792
  3.1983
  3.1870
  3.1791
  3.1868
  3.2043
  3.1845
  3.2010
  3.1742
  3.1884
  3.1938
  3.1769
  3.1967
  3.1913
  3.1786
  3.1977
  3.1947
  3.1866
  3.2063
  3.1913
  3.1933
  3.1978
  3.2012
  3.1845
  3.1914
  3.1832
  3.1939
  3.1834
  3.1819
  3.1768
  3.1912
  3.1823
  3.1808
  3.1840
  3.1941
  3.1774
  3.1820
  3.1806
  3.1786
  3.1919
  3.1895
  3.1834
  3.1797
  3.1924
  3.1844
  3.1837
  3.1952
  3.1835
  3.1797
  3.1890
  3.1972
  3.1893
  3.1860
  3.1989
  3.1884
  3.1908
  3.1791
  3.1792
  3.1866
  3.1795
  3.1887
  3.1935
  3.1945
  3.1905
  3.2032
  3.1898
  3.1884
  3.1935
  3.1928
  3.1832
  3.1914
  3.1975
  3.1972
  3.1863
  3.1953
  3.1860
  3.1828
  3.1826
  3.1901
  3.1937
  3.1807
  3.1711
  3.1864
  3.1807
  3.1862
  3.1796
  3.1856
  3.1857
  3.1879
  3.1884
  3.1958
  3.1911
  3.1838
  3.1903
  3.1911
  3.1752
  3.1883
  3.1939
  3.1871
  3.1779
  3.1894
  3.1893
  3.1951
  3.1817
  3.1952
  3.1716
  3.1834
  3.1824
  3.1866
  3.1891
  3.1716
  3.1885
  3.1890
  3.1943
  3.1916
  3.1642
  3.1778
  3.1757
  3.1795
  3.1857
  3.1815
  3.1903
  3.1923
  3.1888
  3.1836
  3.1966
  3.1813
  3.1876
  3.1841
  3.1901
  3.2018
  3.1736
  3.1836
  3.1839
  3.1900
  3.1869
  3.1950
  3.1925
  3.1842
  3.1780
  3.1886
  3.1867
  3.1812
  3.1795
  3.1808
  3.1790
  3.1904
  3.1978
  3.1977
  3.1911
  3.1812
  3.1907
  3.1904
  3.1857
  3.1938
  3.1904
  3.1850
  3.1944
  3.1965
  3.1863
  3.1920
  3.1922
  3.1762
  3.1904
  3.2025
  3.1907
  3.1827
  3.1828
  3.1796
  3.1859
  3.1907
  3.1777
  3.1899
  3.1822
  3.1909
  3.1885
  3.1930
  3.1760
  3.1889
  3.1846
  3.1835
  3.1884
  3.1896
  3.1947
  3.1916
  3.1935
  3.1912
  3.1957
  3.1838
  3.1874
  3.1905
  3.1919
  3.1904
  3.1944
  3.1975
  3.1811
  3.1719
  3.2006
  3.1973
  3.1960
  3.1793
  3.1868
  3.1838
  3.1864
  3.1796
  3.2034
  3.1809
  3.1757
  3.1832
  3.1801
  3.1795
  3.1717
  3.2001
  3.1785
  3.1884
  3.1945
  3.1877
  3.1898
  3.1734
  3.1804
  3.1853
  3.1961
  3.1784
  3.1793
  3.1967
  3.1921
  3.1841
  3.1902
  3.1914
  3.1820
  3.1865
  3.1888
  3.1774
  3.1852
  3.1920
  3.1731
  3.1816
  3.1842
  3.1807
  3.1828
  3.1879
  3.2003
  3.1755
  3.2036
  3.1836
  3.1882
  3.1833
  3.1792
  3.1803
  3.1769
  3.1833
  3.1963
  3.1936
  3.1826
  3.1806
  3.1897
  3.1870
  3.1834
  3.1708
  3.1902
  3.1720
  3.1886
  3.1961
  3.1897
  3.1874
  3.1845
  3.1860
  3.1739
  3.1863
  3.1872
  3.2016
  3.1916
  3.2001
  3.1783
  3.1881
  3.1716
  3.1818
  3.1874
  3.1806
  3.1765
  3.1881
  3.1847
  3.1833
  3.1853
  3.1945
  3.1936
  3.1913
  3.1881
  3.2019
  3.1737
  3.1844
  3.1796
  3.1971
  3.1925
  3.1844
  3.1979
  3.1858
  3.1881
  3.1888
  3.1888
  3.1847
  3.1950
  3.1821
  3.1931
  3.1810
  3.1877
  3.1816
  3.2002
  3.1803
  3.1918
  3.1744
  3.1922
  3.1894
  3.1931
  3.1768
  3.1880
  3.1902
  3.1879
  3.1898
  3.1927
  3.1868
  3.1936
  3.1885
  3.1849
  3.1832
  3.1790
  3.1904
  3.1904
  3.1953
  3.1877
  3.1834
  3.1901
  3.1833
  3.1786
  3.1923
  3.1846
  3.1910
  3.1789
  3.1931
  3.1919
  3.1900
  3.1780
  3.1840
  3.1922
  3.1827
  3.1951
  3.1841
  3.1955
  3.1811
  3.1823
  3.1871
  3.1887
  3.1802
  3.1879
  3.1802
  3.1847
  3.1825
  3.1820
  3.1890
  3.1887
  3.1913
  3.1916
  3.1963
  3.2003
  3.1925
  3.1956
  3.1801
  3.1951
  3.1915
  3.2052
  3.1888
  3.1816
  3.1809
  3.1866
  3.1871
  3.2042
  3.2013
  3.1934
  3.2021
  3.1907
  3.1856
  3.1926
  3.1861
  3.1911
  3.2036
  3.1884
  3.1948
  3.1756
  3.1781
  3.1842
  3.1871
  3.1864
  3.1885
  3.1912
  3.1858
  3.1919
  3.1924
  3.1894
  3.1861
  3.1913
  3.1768
  3.1947
  3.1912
  3.1844
  3.1708
  3.1822
  3.1884
  3.1827
  3.1802
  3.1860
  3.1824
  3.1821
  3.1914
  3.1918
  3.1855
  3.1651
  3.1772
  3.1935
  3.1824
  3.1905
  3.1877
  3.1899
  3.1914
  3.1815
  3.1859
  3.1835
  3.1925
  3.1945
  3.1893
  3.1877
  3.1892
  3.1861
  3.1846
  3.1777
  3.1902
  3.2008
  3.1896
  3.1932
  3.1849
  3.1911
  3.1932
  3.1940
  3.1822
  3.1802
  3.1815
  3.1901
  3.1838
  3.1928
  3.1879
  3.1842
  3.1846
  3.1908
  3.1796
