C1431409.571320
Gadanki 14/03/2014 09:56:43 14/03/2014 09:57:13 0375 0079.2 0013.5 00
0000000 0020 0000600 0020 01
1 0 2 02000 1 0000 0030 00532.o 0 0 00 000 14 000600 0.500 BT0
532.000 .o analog 0 
  2.8671
 21.3883
 18.6247
 10.9718
 12.5231
 14.2850
 18.3252
 29.8942
 40.5242
 43.0527
 40.6587
 36.7537
 32.4715
 28.2212
 24.1930
 21.4827
 19.4002
 17.5503
 15.7772
 14.8422
 13.8086
 12.6643
 11.1308
  9.9288
  9.2593
  8.7988
  8.4578
  8.2118
  7.8162
  7.4886
  7.0995
  6.7343
  6.4445
  6.1517
  5.9441
  5.7851
  5.6961
  5.5391
  5.3871
  5.2419
  5.1718
  5.0979
  4.9291
  4.7346
  4.6164
  4.5197
  4.4200
  4.3142
  4.2706
  4.1959
  4.0851
  4.0413
  4.0130
  4.0283
  4.0335
  3.9732
  3.8799
  3.8189
  3.8309
  3.8159
  3.7262
  3.6397
  3.6059
  3.6155
  3.5699
  3.5072
  3.4519
  3.4682
  3.4631
  3.4210
  3.4017
  3.3730
  3.3316
  3.3155
  3.3007
  3.2796
  3.2803
  3.2463
  3.2326
  3.2376
  3.2456
  3.2626
  3.2077
  3.1729
  3.1561
  3.1439
  3.1497
  3.1283
  3.1245
  3.1233
  3.1183
  3.1049
  3.0913
  3.0901
  3.0804
  3.0821
  3.0685
  3.0575
  3.0696
  3.0578
  3.0420
  3.0417
  3.0449
  3.0328
  3.0318
  3.0333
  3.0214
  3.0157
  3.0136
  3.0161
  3.0154
  3.0049
  3.0027
  3.0081
  3.0000
  2.9985
  3.0032
  2.9856
  2.9779
  2.9935
  2.9912
  2.9706
  2.9752
  2.9672
  2.9739
  2.9716
  2.9601
  2.9645
  2.9626
  2.9618
  2.9545
  2.9562
  2.9678
  2.9494
  2.9565
  2.9557
  2.9548
  2.9478
  2.9458
  2.9407
  2.9539
  2.9430
  2.9404
  2.9453
  2.9470
  2.9373
  2.9391
  2.9397
  2.9398
  2.9283
  2.9265
  2.9401
  2.9382
  2.9338
  2.9254
  2.9310
  2.9256
  2.9273
  2.9190
  2.9239
  2.9248
  2.9276
  2.9268
  2.9186
  2.9288
  2.9267
  2.9240
  2.9213
  2.9215
  2.9189
  2.9147
  2.9253
  2.9121
  2.9222
  2.9045
  2.9075
  2.9067
  2.9088
  2.9137
  2.9200
  2.9108
  2.9162
  2.9077
  2.9109
  2.9076
  2.9000
  2.9067
  2.9054
  2.9045
  2.9002
  2.9135
  2.9070
  2.9069
  2.9107
  2.9224
  2.8943
  2.9011
  2.9046
  2.9060
  2.9084
  2.9073
  2.8983
  2.9016
  2.9046
  2.8973
  2.9064
  2.8965
  2.9010
  2.8965
  2.8986
  2.8972
  2.8947
  2.8875
  2.8932
  2.8913
  2.9010
  2.8800
  2.9032
  2.8867
  2.8983
  2.8829
  2.8880
  2.8927
  2.8935
  2.8910
  2.9000
  2.8894
  2.8888
  2.8835
  2.8987
  2.9010
  2.8936
  2.8803
  2.8930
  2.8823
  2.8847
  2.8922
  2.8945
  2.8849
  2.8802
  2.8784
  2.8837
  2.8934
  2.8820
  2.8836
  2.8916
  2.8911
  2.8839
  2.8802
  2.8804
  2.8814
  2.8808
  2.8853
  2.8937
  2.8865
  2.8860
  2.8895
  2.8848
  2.8932
  2.8834
  2.8860
  2.8927
  2.8869
  2.8811
  2.8842
  2.8828
  2.8876
  2.8788
  2.8812
  2.8710
  2.8766
  2.8791
  2.8834
  2.8800
  2.8822
  2.8819
  2.8902
  2.8827
  2.8829
  2.8840
  2.8763
  2.8883
  2.8844
  2.8700
  2.8858
  2.8818
  2.8921
  2.8805
  2.8848
  2.8725
  2.8762
  2.8832
  2.8854
  2.8784
  2.8816
  2.8788
  2.8740
  2.8786
  2.8785
  2.8797
  2.8759
  2.8761
  2.8808
  2.8796
  2.8768
  2.8844
  2.8843
  2.8748
  2.8677
  2.8861
  2.8794
  2.8777
  2.8731
  2.8782
  2.8693
  2.8843
  2.8762
  2.8801
  2.8783
  2.8731
  2.8641
  2.8798
  2.8831
  2.8830
  2.8690
  2.8743
  2.8764
  2.8684
  2.8831
  2.8793
  2.8820
  2.8741
  2.8660
  2.8735
  2.8764
  2.8728
  2.8805
  2.8716
  2.8785
  2.8670
  2.8759
  2.8730
  2.8714
  2.8727
  2.8750
  2.8763
  2.8755
  2.8735
  2.8690
  2.8722
  2.8660
  2.8711
  2.8771
  2.8813
  2.8729
  2.8749
  2.8826
  2.8786
  2.8744
  2.8735
  2.8676
  2.8753
  2.8772
  2.8711
  2.8799
  2.8820
  2.8714
  2.8832
  2.8780
  2.8706
  2.8729
  2.8803
  2.8874
  2.8782
  2.8702
  2.8770
  2.8806
  2.8674
  2.8741
  2.8815
  2.8744
  2.8817
  2.8844
  2.8804
  2.8720
  2.8727
  2.8793
  2.8748
  2.8709
  2.8746
  2.8762
  2.8775
  2.8721
  2.8764
  2.8677
  2.8829
  2.8768
  2.8741
  2.8698
  2.8743
  2.8647
  2.8735
  2.8652
  2.8713
  2.8724
  2.8731
  2.8740
  2.8802
  2.8723
  2.8682
  2.8656
  2.8759
  2.8755
  2.8654
  2.8801
  2.8700
  2.8709
  2.8711
  2.8674
  2.8748
  2.8690
  2.8674
  2.8784
  2.8739
  2.8793
  2.8712
  2.8786
  2.8731
  2.8690
  2.8841
  2.8759
  2.8730
  2.8732
  2.8667
  2.8650
  2.8763
  2.8747
  2.8670
  2.8815
  2.8639
  2.8771
  2.8688
  2.8669
  2.8725
  2.8681
  2.8688
  2.8606
  2.8756
  2.8772
  2.8629
  2.8630
  2.8747
  2.8706
  2.8676
  2.8808
  2.8753
  2.8810
  2.8787
  2.8758
  2.8756
  2.8697
  2.8799
  2.8756
  2.8634
  2.8684
  2.8722
  2.8709
  2.8708
  2.8727
  2.8792
  2.8624
  2.8837
  2.8620
  2.8710
  2.8719
  2.8797
  2.8772
  2.8686
  2.8738
  2.8706
  2.8723
  2.8826
  2.8711
  2.8715
  2.8736
  2.8653
  2.8669
  2.8743
  2.8712
  2.8698
  2.8698
  2.8726
  2.8688
  2.8668
  2.8652
  2.8701
  2.8649
  2.8683
  2.8719
  2.8725
  2.8666
  2.8770
  2.8674
  2.8653
  2.8791
  2.8765
  2.8751
  2.8712
  2.8735
  2.8640
  2.8725
  2.8795
  2.8736
  2.8609
  2.8546
  2.8706
  2.8572
  2.8705
  2.8621
  2.8721
  2.8719
  2.8642
  2.8739
  2.8667
  2.8674
  2.8751
  2.8734
  2.8694
  2.8647
  2.8670
  2.8793
  2.8668
  2.8827
  2.8674
  2.8704
  2.8643
  2.8693
  2.8620
  2.8822
  2.8667
  2.8603
  2.8694
  2.8731
  2.8781
  2.8697
  2.8697
  2.8664
  2.8693
  2.8663
  2.8752
  2.8705
  2.8634
  2.8649
  2.8840
  2.8659
  2.8723
  2.8643
  2.8681
  2.8724
  2.8647
  2.8707
  2.8757
  2.8641
  2.8582
  2.8735
  2.8682
  2.8578
  2.8700
  2.8794
  2.8717
  2.8788
  2.8812
  2.8787
  2.8767
  2.8642
  2.8725
  2.8630
  2.8745
  2.8643
  2.8692
  2.8647
  2.8698
  2.8699
  2.8704
  2.8641
  2.8678
  2.8674
  2.8704
  2.8728
  2.8775
  2.8641
  2.8740
  2.8710
  2.8700
  2.8720
  2.8653
  2.8664
  2.8526
  2.8769
  2.8646
  2.8808
  2.8529
  2.8635
  2.8774
  2.8706
  2.8724
  2.8659
  2.8677
  2.8764
  2.8726
  2.8738
  2.8729
  2.8613
  2.8678
  2.8706
  2.8778
  2.8667
  2.8689
  2.8781
  2.8765
  2.8698
  2.8665
  2.8710
  2.8674
  2.8764
  2.8634
  2.8764
  2.8642
  2.8692
  2.8685
  2.8565
  2.8666
  2.8766
  2.8791
  2.8789
  2.8670
  2.8669
  2.8665
  2.8651
  2.8791
  2.8628
  2.8640
  2.8752
  2.8669
  2.8606
  2.8698
  2.8769
  2.8692
  2.8780
  2.8705
  2.8797
  2.8694
  2.8621
  2.8714
  2.8575
  2.8645
  2.8701
  2.8733
  2.8679
  2.8760
  2.8661
  2.8695
  2.8598
  2.8669
  2.8726
  2.8640
  2.8699
  2.8690
  2.8669
  2.8758
  2.8718
  2.8681
  2.8713
  2.8788
  2.8863
  2.8701
  2.8628
  2.8647
  2.8711
  2.8704
  2.8697
  2.8719
  2.8651
  2.8650
  2.8631
  2.8652
  2.8650
  2.8638
  2.8637
  2.8721
  2.8693
  2.8665
  2.8702
  2.8697
  2.8657
  2.8658
  2.8680
  2.8764
  2.8725
  2.8618
  2.8638
  2.8683
  2.8731
  2.8760
  2.8717
  2.8718
  2.8730
  2.8693
  2.8786
  2.8716
  2.8730
  2.8738
  2.8723
  2.8747
  2.8690
  2.8718
  2.8609
  2.8698
  2.8744
  2.8623
  2.8731
  2.8679
  2.8728
  2.8618
  2.8791
  2.8591
  2.8714
  2.8700
  2.8619
  2.8711
  2.8668
  2.8698
  2.8659
  2.8801
  2.8773
  2.8678
  2.8739
  2.8654
  2.8651
  2.8770
  2.8798
  2.8667
  2.8692
  2.8651
  2.8603
  2.8775
  2.8726
  2.8763
  2.8635
  2.8708
  2.8729
  2.8642
  2.8701
  2.8616
  2.8699
  2.8634
  2.8768
  2.8761
  2.8717
  2.8740
  2.8650
  2.8648
  2.8828
  2.8704
  2.8651
  2.8623
  2.8643
  2.8684
  2.8694
  2.8765
  2.8798
  2.8720
  2.8733
  2.8758
  2.8742
  2.8637
  2.8733
  2.8686
  2.8637
  2.8692
  2.8687
  2.8677
  2.8717
  2.8684
  2.8596
  2.8556
  2.8710
  2.8575
  2.8751
  2.8739
  2.8649
  2.8715
  2.8648
  2.8684
  2.8678
  2.8645
  2.8549
  2.8613
  2.8587
  2.8718
  2.8670
  2.8724
  2.8668
  2.8654
  2.8689
  2.8641
  2.8641
  2.8751
  2.8713
  2.8813
  2.8611
  2.8659
  2.8737
  2.8700
  2.8781
  2.8721
  2.8746
  2.8631
  2.8681
  2.8775
  2.8696
  2.8779
  2.8688
  2.8705
  2.8682
  2.8701
  2.8509
  2.8678
  2.8729
  2.8734
  2.8689
  2.8804
  2.8714
  2.8641
  2.8755
  2.8593
  2.8757
  2.8812
  2.8712
  2.8691
  2.8618
  2.8664
  2.8691
  2.8665
  2.8706
  2.8539
  2.8729
  2.8712
  2.8612
  2.8830
  2.8706
  2.8790
  2.8651
  2.8748
  2.8552
  2.8672
  2.8638
  2.8637
  2.8660
  2.8604
  2.8634
  2.8700
  2.8693
  2.8722
  2.8704
  2.8707
  2.8619
  2.8717
  2.8673
  2.8660
  2.8634
  2.8696
  2.8735
  2.8649
  2.8604
  2.8728
  2.8719
  2.8786
  2.8700
  2.8657
  2.8671
  2.8686
  2.8681
  2.8660
  2.8611
  2.8610
  2.8697
  2.8740
  2.8755
  2.8697
  2.8609
  2.8660
  2.8740
  2.8674
  2.8668
  2.8738
  2.8623
  2.8695
  2.8774
  2.8657
  2.8677
  2.8722
  2.8724
  2.8722
  2.8613
  2.8760
  2.8609
  2.8671
  2.8624
  2.8708
  2.8725
  2.8740
  2.8736
  2.8704
  2.8674
  2.8719
  2.8674
  2.8653
  2.8817
  2.8692
  2.8660
  2.8745
  2.8692
  2.8733
  2.8679
  2.8704
  2.8738
  2.8725
  2.8728
  2.8674
  2.8748
  2.8646
  2.8766
  2.8742
  2.8610
  2.8596
  2.8677
  2.8739
  2.8716
  2.8820
  2.8675
  2.8774
  2.8790
  2.8784
  2.8630
  2.8692
  2.8733
  2.8660
  2.8660
  2.8750
  2.8648
  2.8653
  2.8621
  2.8841
  2.8662
  2.8667
  2.8570
  2.8733
  2.8696
  2.8651
  2.8703
  2.8787
  2.8705
  2.8646
  2.8717
  2.8606
  2.8561
  2.8629
  2.8694
  2.8682
  2.8608
  2.8681
  2.8631
  2.8749
  2.8695
  2.8692
  2.8634
  2.8667
  2.8714
  2.8584
  2.8682
  2.8617
  2.8774
  2.8757
  2.8732
  2.8709
  2.8651
  2.8702
  2.8654
  2.8746
  2.8804
  2.8713
  2.8757
  2.8737
  2.8675
  2.8654
  2.8741
  2.8554
  2.8656
  2.8658
  2.8593
  2.8673
  2.8733
  2.8684
  2.8712
  2.8674
  2.8741
  2.8748
  2.8683
  2.8700
  2.8780
  2.8731
  2.8696
  2.8641
  2.8595
  2.8581
  2.8645
  2.8701
  2.8590
  2.8676
  2.8624
  2.8703
  2.8615
  2.8691
  2.8725
  2.8672
  2.8680
  2.8770
  2.8621
  2.8659
  2.8668
  2.8692
  2.8647
  2.8621
  2.8768
  2.8705
  2.8776
  2.8735
  2.8640
  2.8648
  2.8698
  2.8614
  2.8651
  2.8694
  2.8633
  2.8660
  2.8728
  2.8624
  2.8673
  2.8608
  2.8680
  2.8646
  2.8686
  2.8617
  2.8578
  2.8695
  2.8687
  2.8604
  2.8704
  2.8723
  2.8692
  2.8735
  2.8690
  2.8638
  2.8661
  2.8646
  2.8633
  2.8754
  2.8734
  2.8711
  2.8715
  2.8644
  2.8720
  2.8627
  2.8665
  2.8573
  2.8748
  2.8746
  2.8708
  2.8750
  2.8721
  2.8577
  2.8636
  2.8660
  2.8619
  2.8782
  2.8581
  2.8685
  2.8767
  2.8707
  2.8726
  2.8730
  2.8676
  2.8567
  2.8683
  2.8628
  2.8741
  2.8662
  2.8804
  2.8575
  2.8639
  2.8738
  2.8653
  2.8613
  2.8639
  2.8725
  2.8722
  2.8726
  2.8705
  2.8712
  2.8632
  2.8770
  2.8689
  2.8642
  2.8629
  2.8673
  2.8684
  2.8753
  2.8669
  2.8680
  2.8675
  2.8709
  2.8638
  2.8628
  2.8701
  2.8607
  2.8621
  2.8729
  2.8782
  2.8605
  2.8677
  2.8568
  2.8651
  2.8644
  2.8672
  2.8778
  2.8628
  2.8716
  2.8716
  2.8669
  2.8734
  2.8633
  2.8796
  2.8676
  2.8642
  2.8667
  2.8616
  2.8721
  2.8675
  2.8738
  2.8661
  2.8773
  2.8650
  2.8747
  2.8682
  2.8683
  2.8700
  2.8591
  2.8718
  2.8742
  2.8651
  2.8596
  2.8788
  2.8653
  2.8655
  2.8696
  2.8693
  2.8601
  2.8733
  2.8654
  2.8688
  2.8663
  2.8670
  2.8739
  2.8585
  2.8655
  2.8646
  2.8689
  2.8692
  2.8604
  2.8721
  2.8717
  2.8668
  2.8698
  2.8649
  2.8636
  2.8610
  2.8739
  2.8774
  2.8762
  2.8721
  2.8642
  2.8683
  2.8734
  2.8722
  2.8707
  2.8646
  2.8714
  2.8657
  2.8697
  2.8644
  2.8752
  2.8682
  2.8734
  2.8764
  2.8762
  2.8670
  2.8617
  2.8715
  2.8650
  2.8724
  2.8652
  2.8689
  2.8619
  2.8658
  2.8629
  2.8670
  2.8616
  2.8610
  2.8699
  2.8674
  2.8653
  2.8651
  2.8652
  2.8734
  2.8724
  2.8699
  2.8674
  2.8629
  2.8718
  2.8592
  2.8703
  2.8765
  2.8720
  2.8670
  2.8714
  2.8682
  2.8681
  2.8618
  2.8698
  2.8704
  2.8704
  2.8628
  2.8586
  2.8731
  2.8710
  2.8638
  2.8703
  2.8628
  2.8574
  2.8660
  2.8628
  2.8713
  2.8705
  2.8624
  2.8682
  2.8732
  2.8605
  2.8619
  2.8751
  2.8765
  2.8722
  2.8706
  2.8714
  2.8613
  2.8615
  2.8713
  2.8700
  2.8722
  2.8758
  2.8537
  2.8621
  2.8586
  2.8678
  2.8679
  2.8684
  2.8688
  2.8641
  2.8745
  2.8629
  2.8698
  2.8625
  2.8668
  2.8653
  2.8687
  2.8669
  2.8630
  2.8675
  2.8796
  2.8872
  2.8626
  2.8717
  2.8661
  2.8689
  2.8693
  2.8667
  2.8664
  2.8794
  2.8627
  2.8686
  2.8759
  2.8729
  2.8731
  2.8746
  2.8630
  2.8667
  2.8563
  2.8743
  2.8735
  2.8694
  2.8726
  2.8688
  2.8554
  2.8579
  2.8695
  2.8689
  2.8642
  2.8696
  2.8721
  2.8689
  2.8706
  2.8730
  2.8619
  2.8562
  2.8698
  2.8633
  2.8614
  2.8692
  2.8599
  2.8646
  2.8716
  2.8611
  2.8702
  2.8684
  2.8747
  2.8786
  2.8705
  2.8742
  2.8613
  2.8625
  2.8720
  2.8607
  2.8743
  2.8664
  2.8806
  2.8649
  2.8672
  2.8810
  2.8682
  2.8712
  2.8738
  2.8738
  2.8689
  2.8764
  2.8642
  2.8599
  2.8731
  2.8631
  2.8787
  2.8708
  2.8660
  2.8712
  2.8641
  2.8668
  2.8698
  2.8819
  2.8666
  2.8690
  2.8684
  2.8610
  2.8699
  2.8742
  2.8654
  2.8737
  2.8718
  2.8638
  2.8636
  2.8613
  2.8657
  2.8620
  2.8649
  2.8761
  2.8682
  2.8695
  2.8600
  2.8595
  2.8689
  2.8685
  2.8683
  2.8646
  2.8672
  2.8709
  2.8664
  2.8678
  2.8677
  2.8634
  2.8659
  2.8748
  2.8724
  2.8644
  2.8776
  2.8661
  2.8573
  2.8612
  2.8622
  2.8824
  2.8698
  2.8682
  2.8613
  2.8614
  2.8695
  2.8694
  2.8671
  2.8636
  2.8666
  2.8779
  2.8733
  2.8670
  2.8693
  2.8643
  2.8737
  2.8585
  2.8669
  2.8698
  2.8650
  2.8603
  2.8674
  2.8686
  2.8682
  2.8686
  2.8652
  2.8627
  2.8681
  2.8736
  2.8712
  2.8718
  2.8557
  2.8631
  2.8642
  2.8678
  2.8725
  2.8590
  2.8857
  2.8708
  2.8666
  2.8625
  2.8632
  2.8673
  2.8703
  2.8725
  2.8728
  2.8639
  2.8660
  2.8657
  2.8682
  2.8644
  2.8746
  2.8593
  2.8718
  2.8731
  2.8695
  2.8625
  2.8771
  2.8729
  2.8651
  2.8692
  2.8648
  2.8675
  2.8724
  2.8699
  2.8845
  2.8680
  2.8685
  2.8615
  2.8831
  2.8795
  2.8628
  2.8618
  2.8714
  2.8844
  2.8716
  2.8631
  2.8601
  2.8642
  2.8640
  2.8692
  2.8712
  2.8653
  2.8586
  2.8537
  2.8691
  2.8658
  2.8632
  2.8673
  2.8670
  2.8597
  2.8737
  2.8678
  2.8610
  2.8636
  2.8688
  2.8645
  2.8722
  2.8717
  2.8693
  2.8689
  2.8642
  2.8582
  2.8633
  2.8637
  2.8644
  2.8633
  2.8819
  2.8732
  2.8761
  2.8727
  2.8669
  2.8702
  2.8714
  2.8660
  2.8750
  2.8693
  2.8749
  2.8638
  2.8786
  2.8650
  2.8703
  2.8737
  2.8649
  2.8758
  2.8660
  2.8653
  2.8618
  2.8692
  2.8730
  2.8773
  2.8737
  2.8650
  2.8540
  2.8680
  2.8675
  2.8717
  2.8684
  2.8647
  2.8724
  2.8667
  2.8703
  2.8592
  2.8654
  2.8499
  2.8611
  2.8675
  2.8770
  2.8598
  2.8596
  2.8759
  2.8606
  2.8579
  2.8730
  2.8654
  2.8716
  2.8696
  2.8698
  2.8772
  2.8638
  2.8691
  2.8710
  2.8758
  2.8778
  2.8701
  2.8668
  2.8637
  2.8792
  2.8661
  2.8617
  2.8673
  2.8629
  2.8628
  2.8796
  2.8680
  2.8716
  2.8655
  2.8723
  2.8770
  2.8649
  2.8718
  2.8699
  2.8621
  2.8700
  2.8637
  2.8634
  2.8761
  2.8681
  2.8743
  2.8745
  2.8701
  2.8758
  2.8722
  2.8713
  2.8744
  2.8619
  2.8712
  2.8685
  2.8681
  2.8751
  2.8637
  2.8618
  2.8644
  2.8724
  2.8674
  2.8684
  2.8615
  2.8669
  2.8777
  2.8618
  2.8785
  2.8720
  2.8710
  2.8623
  2.8639
  2.8564
  2.8681
  2.8678
  2.8636
  2.8765
  2.8611
  2.8649
  2.8743
  2.8669
  2.8591
  2.8748
  2.8670
  2.8666
  2.8705
  2.8709
  2.8736
  2.8623
  2.8645
  2.8776
  2.8720
  2.8684
  2.8747
  2.8721
  2.8650
  2.8733
  2.8545
  2.8636
  2.8718
  2.8632
  2.8651
  2.8689
  2.8672
  2.8643
  2.8639
  2.8708
  2.8697
  2.8770
  2.8662
  2.8740
  2.8672
  2.8745
  2.8642
  2.8750
  2.8740
  2.8731
  2.8757
  2.8748
  2.8666
  2.8646
  2.8622
  2.8676
  2.8639
  2.8678
  2.8635
  2.8654
  2.8664
  2.8742
  2.8690
  2.8771
  2.8568
  2.8673
  2.8645
  2.8651
  2.8681
  2.8701
  2.8727
  2.8714
  2.8558
  2.8739
  2.8755
  2.8706
  2.8741
  2.8806
  2.8684
  2.8701
  2.8615
  2.8716
  2.8679
  2.8672
  2.8679
  2.8650
  2.8773
  2.8727
  2.8641
  2.8729
  2.8646
  2.8708
  2.8694
  2.8654
  2.8776
  2.8598
  2.8757
  2.8689
  2.8634
  2.8635
  2.8730
  2.8679
  2.8682
  2.8621
  2.8698
  2.8727
  2.8588
  2.8703
  2.8716
  2.8687
  2.8641
  2.8654
  2.8572
  2.8675
  2.8662
  2.8739
  2.8776
  2.8605
  2.8804
  2.8704
  2.8688
  2.8730
  2.8758
  2.8661
  2.8650
  2.8665
  2.8648
  2.8717
  2.8660
  2.8663
  2.8658
  2.8688
  2.8624
  2.8611
  2.8661
  2.8647
  2.8664
  2.8722
  2.8736
  2.8622
  2.8682
  2.8675
  2.8657
  2.8730
  2.8707
  2.8671
  2.8637
  2.8725
  2.8687
  2.8702
  2.8727
  2.8669
  2.8684
  2.8691
  2.8761
  2.8823
  2.8672
  2.8682
  2.8665
  2.8660
  2.8716
  2.8667
  2.8659
  2.8619
  2.8684
  2.8648
  2.8737
  2.8692
  2.8751
  2.8729
  2.8629
  2.8642
  2.8612
  2.8609
  2.8674
  2.8679
  2.8749
  2.8749
  2.8735
  2.8677
  2.8748
  2.8589
  2.8647
  2.8678
  2.8667
  2.8630
  2.8605
  2.8612
  2.8658
  2.8623
  2.8710
  2.8628
  2.8728
  2.8626
  2.8708
  2.8647
  2.8763
  2.8664
  2.8744
  2.8672
  2.8714
  2.8698
  2.8654
  2.8650
  2.8624
  2.8669
  2.8749
  2.8719
  2.8709
  2.8517
  2.8654
  2.8660
  2.8615
  2.8621
  2.8738
  2.8677
  2.8598
  2.8778
  2.8727
  2.8694
  2.8741
  2.8719
  2.8603
  2.8618
  2.8704
  2.8683
  2.8625
  2.8562
  2.8680
  2.8655
  2.8590
  2.8579
  2.8625
  2.8646
  2.8733
  2.8675
  2.8602
  2.8758
  2.8645
  2.8700
  2.8675
  2.8618
  2.8682
  2.8772
  2.8650
  2.8645
  2.8615
  2.8727
  2.8599
  2.8661
  2.8684
  2.8696
  2.8732
  2.8675
  2.8707
  2.8645
  2.8607
  2.8601
  2.8708
  2.8660
  2.8700
  2.8696
  2.8724
  2.8783
  2.8726
  2.8699
  2.8611
  2.8611
  2.8686
  2.8624
  2.8676
  2.8689
  2.8586
  2.8693
  2.8660
  2.8610
  2.8730
  2.8592
  2.8779
  2.8625
  2.8608
  2.8678
  2.8675
  2.8719
  2.8697
  2.8703
  2.8657
  2.8637
  2.8678
  2.8690
  2.8594
  2.8596
  2.8660
  2.8748
  2.8599
  2.8690
  2.8647
  2.8643
  2.8550
  2.8606
  2.8716
  2.8648
  2.8676
  2.8667
  2.8768
  2.8730
  2.8736
  2.8663
  2.8665
  2.8697
  2.8721
  2.8773
  2.8702
  2.8689
  2.8747
  2.8691
  2.8755
  2.8757
  2.8612
  2.8621
  2.8714
  2.8660
  2.8669
  2.8716
  2.8621
  2.8732
  2.8716
  2.8681
  2.8645
  2.8743
  2.8621
  2.8673
  2.8753
  2.8613
  2.8645
  2.8713
  2.8711
  2.8582
  2.8690
  2.8581
  2.8686
  2.8632
  2.8719
  2.8601
  2.8561
  2.8637
  2.8661
  2.8686
  2.8641
  2.8634
  2.8592
  2.8716
  2.8679
  2.8661
  2.8750
  2.8732
  2.8661
  2.8661
  2.8709
  2.8782
  2.8678
  2.8662
  2.8752
  2.8618
  2.8777
  2.8713
  2.8627
  2.8645
  2.8696
  2.8752
  2.8638
  2.8588
  2.8719
  2.8660
  2.8757
  2.8654
  2.8816
  2.8613
  2.8652
  2.8661
  2.8665
  2.8707
  2.8638
  2.8613
  2.8678
