C1431410.065281
Gadanki 14/03/2014 10:06:22 14/03/2014 10:06:53 0375 0079.2 0013.5 00
0000000 0020 0000600 0020 01
1 0 2 02000 1 0000 0030 00532.o 0 0 00 000 14 000600 0.500 BT0
532.000 .o analog 0 
  2.9814
 21.2621
 18.1047
 10.8384
 12.2250
 13.7879
 17.4096
 27.8929
 38.4815
 41.6551
 39.5394
 35.8309
 31.8370
 28.2093
 25.0605
 22.3096
 20.1568
 18.3301
 16.6602
 15.2629
 14.0511
 12.8971
 11.9300
 11.0455
 10.3763
  9.8498
  9.4803
  9.1628
  8.6809
  8.1434
  7.5940
  7.2302
  6.8870
  6.5344
  6.1650
  5.8916
  5.7503
  5.6551
  5.5221
  5.3446
  5.2259
  5.1213
  4.9849
  4.8452
  4.7437
  4.6447
  4.5496
  4.4440
  4.3269
  4.2786
  4.2510
  4.1611
  4.0748
  4.0511
  4.0828
  4.0524
  4.0187
  3.8961
  3.8724
  3.8929
  3.8731
  3.8252
  3.7267
  3.6824
  3.6716
  3.6408
  3.5735
  3.5760
  3.5650
  3.5558
  3.5019
  3.4897
  3.4626
  3.4426
  3.4150
  3.4007
  3.3965
  3.3709
  3.3662
  3.3597
  3.3616
  3.3849
  3.3906
  3.3348
  3.2708
  3.2641
  3.2649
  3.2487
  3.2532
  3.2460
  3.2404
  3.2189
  3.2130
  3.2041
  3.1975
  3.1886
  3.1915
  3.1880
  3.1773
  3.1684
  3.1555
  3.1566
  3.1634
  3.1542
  3.1377
  3.1550
  3.1462
  3.1491
  3.1388
  3.1303
  3.1281
  3.1246
  3.1211
  3.1226
  3.1143
  3.0984
  3.0966
  3.0933
  3.1085
  3.0966
  3.0982
  3.0973
  3.0986
  3.0861
  3.0861
  3.0949
  3.0885
  3.0787
  3.0913
  3.0803
  3.0855
  3.0731
  3.0775
  3.0808
  3.0647
  3.0801
  3.0755
  3.0720
  3.0737
  3.0706
  3.0519
  3.0655
  3.0615
  3.0524
  3.0688
  3.0501
  3.0479
  3.0594
  3.0646
  3.0475
  3.0519
  3.0547
  3.0534
  3.0548
  3.0535
  3.0499
  3.0457
  3.0461
  3.0481
  3.0489
  3.0478
  3.0434
  3.0339
  3.0410
  3.0379
  3.0395
  3.0380
  3.0326
  3.0480
  3.0405
  3.0299
  3.0318
  3.0375
  3.0299
  3.0247
  3.0230
  3.0272
  3.0368
  3.0273
  3.0194
  3.0311
  3.0266
  3.0358
  3.0181
  3.0324
  3.0215
  3.0150
  3.0323
  3.0196
  3.0181
  3.0314
  3.0315
  3.0219
  3.0260
  3.0173
  3.0059
  3.0347
  3.0254
  3.0182
  3.0116
  3.0219
  3.0182
  3.0140
  3.0058
  3.0200
  3.0195
  3.0128
  3.0102
  3.0108
  3.0094
  3.0169
  3.0087
  3.0172
  3.0125
  3.0121
  3.0098
  3.0187
  3.0146
  3.0279
  3.0111
  2.9951
  3.0194
  3.0030
  3.0089
  3.0140
  3.0108
  3.0127
  3.0050
  3.0037
  3.0138
  3.0001
  3.0171
  3.0140
  3.0058
  3.0024
  3.0001
  3.0153
  2.9901
  3.0098
  3.0058
  3.0057
  3.0021
  3.0032
  2.9983
  2.9870
  3.0084
  3.0151
  2.9992
  3.0036
  2.9956
  3.0045
  3.0091
  3.0093
  3.0064
  3.0068
  3.0017
  3.0154
  2.9994
  2.9990
  3.0097
  3.0068
  2.9989
  3.0104
  3.0005
  2.9980
  3.0017
  2.9913
  2.9968
  3.0030
  2.9935
  2.9918
  2.9992
  3.0056
  3.0027
  2.9947
  2.9925
  3.0009
  3.0001
  2.9901
  3.0059
  2.9932
  3.0082
  3.0166
  2.9933
  2.9906
  2.9942
  3.0006
  2.9981
  3.0065
  3.0014
  2.9940
  3.0013
  2.9973
  3.0011
  2.9927
  3.0059
  2.9977
  3.0023
  2.9986
  2.9998
  2.9903
  2.9890
  2.9995
  2.9867
  2.9912
  2.9893
  3.0089
  2.9913
  2.9920
  2.9960
  2.9925
  2.9962
  3.0034
  2.9940
  3.0008
  2.9901
  2.9923
  2.9884
  2.9910
  2.9927
  2.9956
  2.9948
  2.9965
  2.9885
  2.9952
  2.9943
  2.9988
  2.9910
  2.9949
  2.9978
  3.0081
  2.9984
  2.9901
  2.9950
  2.9935
  2.9987
  2.9904
  3.0059
  3.0032
  2.9820
  2.9857
  3.0030
  2.9954
  2.9914
  2.9832
  2.9905
  2.9974
  2.9961
  2.9900
  2.9822
  2.9975
  3.0041
  2.9939
  2.9884
  2.9950
  2.9974
  2.9780
  2.9958
  2.9963
  2.9948
  2.9963
  2.9891
  2.9941
  2.9844
  2.9830
  2.9777
  2.9958
  2.9909
  2.9866
  2.9877
  2.9880
  2.9844
  3.0024
  2.9920
  2.9886
  2.9964
  2.9909
  2.9858
  2.9943
  2.9911
  2.9945
  2.9902
  2.9970
  2.9813
  2.9914
  2.9855
  2.9962
  2.9896
  2.9977
  3.0011
  2.9922
  2.9938
  2.9818
  2.9865
  2.9886
  2.9918
  2.9901
  2.9855
  2.9898
  2.9892
  2.9935
  2.9880
  2.9937
  2.9944
  2.9821
  2.9845
  2.9893
  2.9942
  2.9930
  2.9854
  2.9980
  2.9883
  3.0063
  2.9891
  2.9992
  2.9940
  2.9952
  2.9922
  2.9849
  2.9842
  2.9844
  2.9894
  2.9975
  2.9987
  2.9798
  2.9943
  2.9867
  2.9979
  2.9919
  2.9908
  2.9954
  2.9973
  2.9785
  2.9839
  2.9820
  2.9817
  2.9919
  2.9922
  2.9828
  2.9844
  2.9962
  2.9830
  2.9980
  2.9849
  2.9917
  2.9944
  2.9983
  2.9957
  2.9857
  2.9913
  2.9986
  2.9935
  2.9914
  2.9892
  2.9796
  2.9957
  2.9856
  2.9815
  2.9895
  2.9914
  2.9931
  2.9831
  2.9908
  2.9926
  2.9901
  2.9936
  2.9911
  3.0089
  2.9723
  2.9893
  2.9892
  2.9947
  2.9916
  2.9828
  2.9973
  2.9918
  2.9985
  2.9885
  2.9856
  2.9945
  2.9902
  2.9914
  2.9981
  2.9886
  2.9955
  2.9933
  2.9881
  2.9882
  3.0001
  2.9887
  2.9954
  2.9841
  2.9870
  2.9914
  2.9841
  2.9983
  2.9841
  2.9831
  2.9934
  2.9798
  2.9784
  2.9876
  2.9887
  2.9884
  2.9859
  2.9897
  2.9880
  2.9847
  2.9856
  2.9952
  2.9904
  2.9888
  2.9794
  2.9872
  2.9915
  2.9891
  2.9931
  2.9855
  2.9893
  2.9874
  2.9888
  2.9850
  2.9771
  2.9941
  2.9875
  2.9914
  2.9871
  2.9908
  2.9848
  2.9897
  2.9910
  2.9879
  2.9936
  2.9971
  2.9779
  2.9897
  2.9899
  2.9880
  2.9915
  2.9871
  2.9874
  2.9834
  2.9889
  2.9866
  2.9937
  2.9891
  2.9880
  2.9929
  2.9866
  2.9838
  2.9912
  2.9887
  2.9901
  2.9888
  2.9840
  2.9947
  2.9824
  2.9833
  2.9891
  2.9925
  2.9865
  2.9906
  2.9882
  2.9890
  2.9777
  2.9958
  2.9874
  3.0012
  2.9909
  2.9789
  2.9807
  2.9831
  2.9848
  2.9877
  3.0053
  2.9858
  2.9877
  2.9781
  2.9741
  2.9877
  2.9871
  2.9897
  2.9946
  2.9820
  2.9955
  2.9769
  2.9893
  2.9930
  2.9845
  2.9835
  2.9889
  2.9989
  2.9921
  2.9831
  2.9870
  2.9845
  2.9961
  2.9840
  2.9931
  2.9939
  2.9945
  2.9909
  2.9844
  2.9949
  2.9845
  2.9825
  2.9920
  2.9813
  2.9964
  2.9862
  2.9916
  2.9822
  2.9982
  2.9832
  2.9922
  2.9949
  2.9973
  2.9892
  2.9978
  2.9852
  2.9790
  2.9986
  2.9857
  3.0030
  2.9959
  2.9928
  2.9895
  2.9955
  2.9877
  2.9844
  2.9814
  2.9924
  2.9852
  2.9868
  2.9924
  2.9779
  2.9871
  3.0032
  2.9941
  2.9901
  2.9768
  2.9955
  2.9887
  2.9827
  2.9868
  2.9908
  2.9778
  2.9866
  2.9826
  2.9727
  3.0027
  2.9753
  2.9837
  2.9809
  2.9879
  2.9847
  2.9825
  2.9881
  2.9865
  2.9891
  2.9938
  2.9889
  2.9900
  2.9906
  2.9969
  2.9918
  2.9892
  2.9812
  2.9884
  2.9834
  2.9903
  2.9858
  2.9824
  2.9925
  2.9895
  2.9901
  2.9857
  2.9854
  2.9950
  2.9838
  2.9877
  2.9970
  2.9849
  2.9944
  2.9886
  2.9892
  2.9831
  2.9824
  2.9771
  2.9963
  2.9890
  2.9818
  2.9847
  2.9941
  2.9776
  2.9866
  2.9980
  2.9824
  2.9821
  2.9852
  2.9955
  2.9912
  2.9941
  2.9768
  2.9834
  2.9927
  2.9818
  2.9926
  2.9881
  2.9872
  2.9872
  2.9730
  2.9900
  2.9954
  2.9855
  2.9873
  2.9813
  2.9886
  2.9866
  2.9708
  2.9965
  2.9879
  2.9835
  2.9903
  2.9778
  2.9889
  2.9832
  2.9811
  2.9866
  2.9807
  2.9792
  2.9896
  2.9849
  2.9856
  2.9972
  2.9923
  2.9914
  2.9830
  2.9878
  2.9827
  2.9902
  2.9870
  2.9816
  2.9917
  2.9847
  2.9892
  2.9901
  2.9849
  2.9869
  2.9844
  2.9816
  2.9941
  2.9895
  2.9831
  2.9880
  2.9902
  2.9867
  2.9834
  2.9987
  2.9827
  2.9895
  2.9819
  2.9807
  2.9937
  2.9921
  2.9809
  2.9883
  2.9827
  2.9811
  2.9758
  2.9909
  2.9806
  2.9970
  2.9859
  2.9883
  2.9839
  2.9907
  2.9987
  2.9892
  2.9757
  2.9849
  2.9926
  2.9916
  2.9897
  2.9766
  2.9826
  2.9870
  2.9831
  2.9817
  2.9957
  2.9856
  2.9843
  2.9865
  2.9878
  2.9997
  2.9736
  2.9862
  2.9900
  2.9891
  2.9878
  2.9879
  2.9893
  2.9867
  2.9871
  2.9867
  2.9973
  2.9814
  2.9880
  2.9784
  2.9836
  2.9837
  2.9804
  2.9864
  2.9858
  2.9878
  2.9878
  2.9834
  2.9868
  2.9856
  2.9897
  2.9963
  2.9755
  2.9896
  2.9977
  2.9962
  2.9847
  2.9996
  2.9877
  2.9948
  2.9844
  2.9831
  2.9873
  2.9929
  2.9993
  2.9966
  2.9920
  2.9986
  2.9908
  2.9824
  2.9851
  2.9880
  2.9801
  2.9923
  2.9798
  2.9854
  2.9884
  2.9810
  2.9947
  2.9910
  2.9908
  2.9977
  2.9941
  2.9794
  2.9851
  2.9848
  2.9907
  2.9798
  2.9785
  2.9810
  2.9942
  2.9769
  2.9829
  2.9821
  2.9869
  3.0015
  2.9867
  2.9878
  2.9820
  2.9880
  2.9840
  2.9936
  2.9908
  2.9935
  2.9917
  2.9838
  2.9769
  2.9818
  2.9960
  2.9828
  2.9780
  2.9904
  2.9904
  2.9922
  2.9904
  2.9897
  2.9860
  2.9838
  2.9768
  2.9815
  2.9770
  2.9897
  2.9860
  2.9989
  2.9799
  2.9750
  2.9859
  2.9817
  2.9828
  2.9886
  2.9891
  2.9951
  2.9884
  2.9871
  2.9843
  2.9889
  2.9886
  2.9875
  2.9841
  2.9827
  2.9796
  2.9757
  2.9808
  2.9899
  2.9746
  2.9940
  2.9885
  2.9865
  2.9874
  2.9722
  2.9769
  2.9764
  2.9803
  2.9873
  2.9840
  2.9871
  2.9909
  2.9899
  2.9846
  2.9833
  2.9957
  2.9826
  2.9777
  2.9921
  2.9951
  2.9763
  2.9770
  2.9866
  2.9850
  2.9795
  2.9795
  2.9854
  2.9863
  2.9862
  2.9878
  2.9890
  2.9829
  2.9862
  2.9723
  2.9713
  2.9737
  2.9885
  2.9951
  2.9970
  2.9860
  2.9843
  2.9854
  2.9847
  2.9805
  2.9896
  2.9967
  2.9941
  2.9930
  2.9755
  2.9819
  2.9800
  2.9782
  2.9856
  2.9897
  2.9924
  2.9844
  3.0004
  2.9792
  2.9866
  2.9840
  2.9891
  2.9794
  2.9775
  2.9880
  2.9832
  2.9872
  2.9891
  2.9913
  2.9888
  2.9906
  2.9814
  2.9798
  2.9945
  2.9889
  2.9892
  2.9861
  2.9803
  2.9950
  2.9772
  2.9715
  2.9925
  2.9803
  2.9930
  2.9896
  2.9794
  2.9857
  2.9902
  2.9852
  3.0081
  2.9999
  2.9729
  2.9813
  2.9852
  2.9954
  2.9911
  2.9779
  2.9797
  2.9892
  2.9911
  2.9895
  2.9815
  2.9863
  2.9834
  2.9913
  2.9955
  2.9833
  2.9878
  2.9700
  2.9792
  2.9893
  2.9898
  2.9795
  2.9847
  2.9867
  2.9929
  2.9824
  2.9849
  2.9942
  2.9785
  2.9836
  2.9840
  2.9837
  2.9881
  2.9726
  2.9882
  2.9865
  2.9713
  2.9872
  2.9787
  2.9760
  2.9837
  2.9969
  2.9868
  2.9889
  2.9823
  2.9911
  2.9866
  2.9825
  2.9882
  2.9776
  2.9789
  2.9829
  2.9878
  2.9759
  2.9929
  2.9873
  2.9870
  2.9849
  2.9943
  2.9945
  2.9820
  2.9913
  2.9897
  2.9754
  2.9881
  2.9878
  2.9806
  2.9859
  2.9765
  2.9933
  2.9828
  2.9904
  2.9843
  2.9862
  2.9862
  2.9887
  2.9890
  2.9968
  2.9810
  2.9927
  2.9989
  2.9938
  2.9861
  2.9798
  2.9782
  2.9946
  2.9855
  2.9799
  2.9926
  2.9787
  2.9916
  2.9846
  2.9865
  2.9870
  2.9911
  2.9797
  2.9900
  2.9872
  2.9822
  2.9746
  2.9894
  2.9919
  2.9837
  2.9956
  2.9941
  2.9893
  2.9784
  2.9799
  2.9892
  2.9842
  2.9772
  2.9913
  2.9868
  2.9942
  2.9820
  2.9720
  2.9800
  2.9749
  2.9877
  2.9807
  2.9875
  2.9990
  2.9899
  2.9791
  2.9853
  2.9821
  2.9877
  2.9823
  2.9866
  2.9824
  2.9775
  2.9829
  2.9878
  2.9867
  2.9840
  2.9909
  2.9736
  2.9715
  2.9867
  2.9912
  2.9837
  2.9812
  2.9865
  2.9885
  2.9938
  2.9897
  2.9847
  2.9830
  2.9935
  2.9853
  2.9858
  2.9964
  2.9787
  2.9912
  2.9829
  2.9887
  2.9931
  2.9804
  2.9828
  2.9767
  2.9947
  2.9889
  2.9827
  2.9904
  2.9799
  2.9980
  2.9861
  2.9884
  2.9867
  2.9833
  2.9880
  2.9854
  2.9903
  2.9919
  2.9856
  2.9710
  2.9721
  2.9831
  2.9799
  2.9969
  2.9894
  2.9893
  2.9945
  2.9819
  2.9825
  2.9803
  2.9857
  3.0005
  2.9807
  2.9847
  2.9846
  2.9767
  2.9831
  2.9785
  2.9885
  2.9899
  2.9872
  2.9889
  2.9909
  2.9942
  2.9837
  2.9810
  2.9877
  2.9898
  2.9884
  2.9834
  2.9857
  2.9837
  2.9727
  2.9809
  2.9896
  2.9899
  2.9884
  2.9897
  2.9832
  2.9912
  2.9876
  2.9951
  2.9826
  2.9872
  2.9880
  2.9873
  2.9846
  2.9863
  2.9982
  2.9968
  2.9867
  2.9871
  2.9900
  2.9939
  2.9868
  2.9787
  2.9938
  2.9977
  2.9891
  2.9800
  2.9904
  2.9813
  2.9849
  2.9831
  2.9943
  2.9789
  2.9905
  2.9928
  2.9862
  2.9797
  2.9890
  2.9862
  2.9945
  2.9914
  2.9946
  2.9886
  2.9912
  2.9852
  2.9796
  2.9836
  2.9866
  2.9855
  2.9913
  2.9877
  2.9874
  2.9891
  2.9749
  2.9780
  2.9826
  2.9866
  2.9936
  2.9900
  2.9893
  2.9877
  2.9837
  2.9846
  2.9876
  2.9754
  2.9930
  2.9877
  2.9911
  2.9786
  2.9812
  2.9891
  2.9894
  2.9915
  2.9913
  2.9915
  2.9840
  3.0009
  2.9840
  2.9874
  2.9864
  2.9792
  2.9914
  2.9999
  2.9861
  2.9825
  2.9723
  2.9952
  2.9910
  2.9888
  2.9991
  2.9912
  2.9893
  2.9835
  2.9836
  2.9870
  2.9919
  2.9877
  2.9886
  2.9788
  2.9851
  2.9846
  2.9901
  2.9741
  2.9869
  2.9879
  2.9896
  2.9832
  2.9770
  2.9857
  2.9957
  2.9980
  2.9896
  2.9846
  2.9834
  2.9888
  2.9796
  2.9845
  2.9981
  2.9919
  2.9823
  2.9881
  2.9940
  2.9782
  2.9811
  2.9942
  2.9865
  2.9879
  2.9873
  2.9844
  2.9866
  2.9920
  2.9959
  2.9846
  2.9871
  2.9966
  2.9856
  2.9852
  2.9869
  2.9902
  2.9946
  2.9909
  2.9915
  2.9895
  2.9834
  2.9876
  2.9839
  2.9800
  2.9881
  2.9856
  2.9906
  2.9975
  2.9758
  2.9878
  2.9826
  2.9903
  2.9868
  2.9878
  2.9900
  2.9876
  2.9799
  2.9830
  2.9862
  2.9806
  2.9747
  2.9813
  2.9837
  3.0006
  2.9813
  2.9788
  2.9982
  2.9821
  2.9887
  2.9867
  2.9845
  2.9799
  2.9791
  2.9841
  2.9880
  2.9814
  2.9994
  2.9959
  2.9875
  2.9904
  2.9874
  3.0000
  2.9972
  2.9881
  2.9810
  2.9876
  2.9950
  2.9871
  2.9901
  2.9855
  2.9859
  2.9870
  2.9930
  2.9907
  2.9888
  2.9807
  2.9881
  2.9821
  2.9830
  2.9913
  2.9909
  2.9870
  2.9845
  2.9863
  2.9845
  2.9834
  2.9877
  2.9874
  2.9874
  2.9754
  2.9901
  2.9852
  2.9912
  2.9840
  2.9854
  2.9843
  2.9881
  2.9861
  2.9865
  2.9910
  3.0010
  2.9906
  2.9905
  2.9885
  2.9871
  2.9871
  2.9826
  2.9787
  2.9896
  2.9769
  2.9826
  2.9889
  2.9989
  2.9869
  2.9879
  2.9848
  2.9951
  2.9862
  2.9896
  2.9928
  2.9854
  2.9815
  2.9812
  2.9775
  3.0004
  2.9773
  2.9881
  2.9790
  2.9839
  2.9840
  2.9880
  2.9855
  2.9847
  2.9914
  2.9858
  2.9880
  2.9826
  2.9773
  2.9871
  2.9917
  2.9925
  2.9885
  2.9826
  2.9836
  2.9819
  2.9820
  2.9883
  2.9883
  2.9932
  2.9879
  2.9816
  2.9933
  2.9893
  2.9837
  2.9807
  2.9943
  2.9889
  2.9832
  2.9950
  2.9925
  2.9825
  2.9866
  2.9869
  2.9840
  2.9846
  2.9735
  2.9917
  2.9967
  2.9746
  2.9984
  2.9778
  2.9853
  2.9963
  2.9920
  2.9872
  2.9953
  2.9868
  2.9861
  2.9806
  2.9820
  2.9726
  2.9795
  2.9897
  2.9827
  2.9886
  2.9760
  2.9821
  2.9904
  2.9845
  2.9966
  2.9808
  2.9929
  2.9895
  3.0009
  2.9871
  2.9862
  2.9839
  2.9822
  2.9964
  2.9940
  2.9904
  2.9859
  2.9849
  2.9866
  2.9884
  2.9802
  2.9875
  2.9898
  2.9925
  2.9826
  2.9841
  2.9876
  2.9819
  2.9845
  2.9910
  2.9763
  2.9802
  2.9904
  2.9860
  2.9942
  2.9822
  2.9768
  2.9862
  2.9833
  2.9982
  2.9862
  2.9775
  2.9743
  2.9767
  2.9886
  2.9867
  2.9959
  2.9874
  2.9837
  2.9852
  2.9873
  2.9924
  2.9876
  2.9892
  2.9814
  2.9983
  2.9788
  2.9894
  2.9842
  2.9838
  2.9823
  2.9868
  2.9815
  2.9857
  2.9932
  2.9933
  2.9893
  2.9995
  2.9993
  2.9894
  2.9874
  2.9824
  2.9935
  2.9847
  2.9846
  2.9929
  2.9927
  2.9900
  2.9845
  2.9884
  2.9769
  2.9947
  2.9848
  2.9847
  2.9979
  2.9756
  2.9858
  2.9758
  2.9819
  2.9790
  2.9879
  3.0044
  2.9918
  2.9801
  2.9867
  2.9882
  2.9786
  2.9862
  2.9932
  2.9841
  2.9918
  2.9943
  2.9946
  2.9832
  2.9898
  2.9861
  2.9936
  2.9836
  2.9848
  2.9847
  2.9885
  2.9871
  2.9884
  2.9814
  2.9886
  2.9906
  2.9832
  2.9936
  2.9890
  2.9831
  2.9743
  2.9823
  2.9795
  2.9781
  2.9864
  2.9876
  2.9857
  2.9852
  2.9914
  2.9942
  2.9903
  2.9790
  2.9909
  2.9795
  2.9781
  2.9928
  2.9862
  2.9898
  2.9914
  2.9925
  2.9996
  2.9837
  2.9827
  2.9762
  2.9858
  2.9912
  2.9966
  2.9683
  2.9878
  2.9854
  2.9903
  2.9715
  2.9814
  2.9943
  2.9811
  2.9850
  2.9886
  2.9896
  2.9848
  2.9956
  2.9974
  2.9861
  2.9891
  2.9871
  2.9813
  2.9777
  2.9877
  2.9900
  2.9778
  2.9871
  2.9917
  2.9915
  2.9890
  2.9790
  2.9921
  2.9884
  2.9886
  2.9854
  2.9877
  2.9674
  2.9696
  2.9822
  2.9855
  2.9832
  2.9904
  2.9910
  2.9887
  2.9802
  2.9796
  2.9907
  2.9734
  2.9895
  2.9827
  2.9895
  2.9856
  2.9855
  2.9862
  2.9850
  2.9736
  2.9975
  2.9816
  2.9925
  2.9837
  2.9890
  2.9844
  2.9832
  2.9883
  2.9927
  2.9846
  2.9838
  2.9829
  2.9942
  2.9955
  2.9817
  2.9785
  2.9847
  2.9945
  2.9774
  2.9937
  2.9869
  2.9858
  2.9954
  2.9856
  2.9959
  2.9896
  2.9857
  2.9838
  2.9878
  2.9823
  2.9987
  2.9869
  2.9924
  2.9889
  2.9914
  2.9895
  2.9771
  2.9877
  2.9889
  2.9909
  2.9858
  2.9882
  2.9871
  2.9860
  2.9813
  2.9800
  2.9952
  2.9828
  2.9813
  2.9834
  2.9887
  2.9778
  2.9949
  2.9864
  2.9908
  2.9858
  2.9899
  2.9857
  2.9936
  2.9778
  2.9777
  2.9889
  2.9869
  2.9862
  2.9851
  2.9797
  2.9874
  2.9864
  2.9794
  2.9875
  2.9770
  2.9925
  2.9812
  2.9806
  2.9921
  2.9963
  2.9845
  2.9900
  2.9888
  2.9770
  2.9833
  2.9924
  2.9933
  2.9837
  2.9780
  2.9884
  2.9896
  2.9900
  2.9899
  2.9946
  2.9937
  2.9850
  2.9897
  2.9821
  2.9922
  2.9888
  2.9921
  2.9900
  2.9917
  2.9773
  2.9842
  2.9808
  2.9890
  2.9958
  2.9883
  2.9827
  2.9868
  2.9917
  2.9783
  2.9875
  2.9830
  2.9843
  2.9829
  2.9818
  2.9892
  2.9916
  2.9801
  2.9832
  2.9830
  2.9923
  2.9855
  2.9820
  2.9872
  2.9920
  2.9901
  2.9888
  2.9930
  2.9840
  2.9773
  2.9869
  2.9956
  2.9852
  2.9871
  2.9760
  2.9861
  2.9896
  2.9928
  2.9779
  2.9803
  2.9762
  2.9859
  2.9747
  2.9780
  2.9778
  2.9860
  2.9814
  2.9927
  2.9972
  2.9793
  2.9913
  2.9957
  2.9855
  2.9903
  2.9862
  2.9901
  2.9803
  2.9833
  2.9821
  2.9800
  2.9789
  2.9897
  2.9873
  2.9849
  2.9890
  2.9811
  2.9855
  2.9879
  2.9814
  2.9913
  3.0011
  2.9842
  2.9893
  2.9910
  2.9871
  2.9970
  2.9874
  2.9782
  2.9807
  2.9802
  2.9872
  2.9882
  2.9833
  2.9810
  2.9783
  2.9874
  2.9898
  2.9813
  2.9835
  2.9834
  2.9931
  2.9853
  2.9887
  2.9872
  2.9867
  2.9836
  2.9782
  2.9824
  2.9935
  2.9818
  2.9974
  2.9933
  2.9855
  2.9887
  2.9827
  2.9881
  2.9880
  2.9970
  2.9860
  2.9876
  2.9876
  2.9873
  2.9941
  2.9812
  2.9871
  2.9875
  2.9808
  2.9969
  2.9792
  2.9938
  2.9772
  2.9801
  2.9952
  2.9879
  2.9760
  2.9948
  2.9873
  2.9881
  2.9853
  2.9941
  2.9950
  2.9829
  2.9798
  2.9832
  2.9836
  2.9870
  2.9911
  2.9878
  2.9880
  2.9830
  2.9816
  2.9850
  2.9904
  2.9915
  2.9834
  2.9832
  2.9810
  2.9887
  2.9906
  2.9889
  2.9887
  2.9881
  2.9993
  2.9889
  2.9951
  2.9877
  2.9919
  2.9806
  2.9794
  2.9826
  2.9926
  2.9985
  2.9868
  2.9865
  2.9861
  2.9914
  2.9837
  2.9840
  2.9854
  2.9886
  2.9822
  2.9881
  2.9795
  2.9900
  2.9862
  2.9862
  2.9829
  2.9931
  2.9867
  2.9766
  2.9855
