C1431410.045078
Gadanki 14/03/2014 10:04:20 14/03/2014 10:04:51 0375 0079.2 0013.5 00
0000000 0020 0000600 0020 01
1 0 2 02000 1 0000 0030 00532.o 0 0 00 000 14 000600 0.500 BT0
532.000 .o analog 0 
  2.9527
 21.3386
 18.2509
 10.8234
 12.2150
 13.7364
 17.2302
 27.8120
 38.2292
 41.1916
 39.2745
 35.4613
 31.6218
 28.1179
 25.0157
 22.2984
 20.0620
 18.1512
 16.4213
 15.0524
 13.7766
 12.6357
 11.6661
 10.7773
 10.1028
  9.6253
  9.2978
  8.9919
  8.6637
  8.2579
  7.9284
  7.4744
  7.0862
  6.6088
  6.2192
  5.9429
  5.7132
  5.5723
  5.4412
  5.3578
  5.2275
  5.1130
  4.9949
  4.8752
  4.7182
  4.6431
  4.5456
  4.4159
  4.3208
  4.2633
  4.2393
  4.1250
  4.0772
  4.0474
  4.0535
  4.0334
  3.9908
  3.8810
  3.8578
  3.8929
  3.8535
  3.7830
  3.7004
  3.6817
  3.6604
  3.6136
  3.5614
  3.5669
  3.5597
  3.5118
  3.4802
  3.4691
  3.4379
  3.4086
  3.3930
  3.3802
  3.3670
  3.3524
  3.3502
  3.3354
  3.3580
  3.3700
  3.3556
  3.2801
  3.2553
  3.2411
  3.2398
  3.2470
  3.2141
  3.2035
  3.2033
  3.1929
  3.1770
  3.1799
  3.1859
  3.1783
  3.1693
  3.1571
  3.1523
  3.1597
  3.1406
  3.1456
  3.1403
  3.1400
  3.1293
  3.1277
  3.1240
  3.1090
  3.1165
  3.1116
  3.1156
  3.0976
  3.1009
  3.1029
  3.0963
  3.0708
  3.0931
  3.0828
  3.0694
  3.0857
  3.0893
  3.0843
  3.0764
  3.0705
  3.0638
  3.0827
  3.0528
  3.0564
  3.0715
  3.0563
  3.0568
  3.0669
  3.0598
  3.0466
  3.0430
  3.0476
  3.0553
  3.0486
  3.0471
  3.0523
  3.0343
  3.0399
  3.0299
  3.0411
  3.0247
  3.0376
  3.0323
  3.0388
  3.0238
  3.0316
  3.0413
  3.0257
  3.0272
  3.0179
  3.0273
  3.0265
  3.0234
  3.0205
  3.0316
  3.0308
  3.0228
  3.0249
  3.0190
  3.0191
  3.0196
  3.0144
  3.0249
  3.0175
  3.0099
  3.0134
  3.0177
  3.0010
  3.0107
  3.0039
  3.0240
  3.0112
  3.0109
  3.0083
  2.9981
  2.9993
  3.0069
  3.0114
  3.0161
  3.0058
  2.9919
  3.0001
  3.0054
  2.9978
  3.0033
  2.9903
  3.0001
  3.0052
  3.0045
  2.9989
  2.9961
  2.9983
  2.9979
  2.9892
  2.9986
  2.9999
  2.9942
  2.9993
  2.9910
  3.0049
  2.9962
  2.9871
  2.9934
  2.9938
  2.9907
  2.9912
  2.9904
  2.9933
  2.9877
  2.9955
  2.9888
  2.9899
  2.9906
  2.9962
  2.9870
  2.9818
  2.9900
  2.9881
  2.9841
  2.9834
  2.9877
  2.9736
  2.9875
  2.9887
  2.9755
  2.9807
  2.9881
  2.9811
  2.9829
  2.9842
  2.9870
  3.0013
  2.9884
  2.9697
  2.9807
  2.9922
  2.9881
  2.9908
  2.9901
  2.9762
  2.9927
  2.9893
  2.9772
  2.9796
  2.9856
  2.9781
  2.9768
  2.9800
  2.9817
  2.9788
  2.9820
  2.9759
  2.9778
  2.9831
  2.9648
  2.9902
  2.9797
  2.9880
  2.9774
  2.9646
  2.9732
  2.9724
  2.9811
  2.9827
  2.9808
  2.9760
  2.9678
  2.9873
  2.9816
  2.9731
  2.9859
  2.9829
  2.9774
  2.9713
  2.9762
  2.9646
  2.9751
  2.9755
  2.9772
  2.9800
  2.9736
  2.9698
  2.9775
  2.9759
  2.9699
  2.9713
  2.9726
  2.9761
  2.9623
  2.9808
  2.9747
  2.9657
  2.9670
  2.9604
  2.9747
  2.9701
  2.9769
  2.9758
  2.9692
  2.9763
  2.9703
  2.9775
  2.9784
  2.9691
  2.9752
  2.9807
  2.9614
  2.9757
  2.9668
  2.9684
  2.9697
  2.9731
  2.9654
  2.9706
  2.9791
  2.9702
  2.9778
  2.9686
  2.9760
  2.9716
  2.9753
  2.9711
  2.9839
  2.9625
  2.9651
  2.9702
  2.9670
  2.9915
  2.9730
  2.9754
  2.9718
  2.9650
  2.9806
  2.9751
  2.9707
  2.9716
  2.9734
  2.9718
  2.9762
  2.9683
  2.9571
  2.9631
  2.9713
  2.9699
  2.9714
  2.9697
  2.9756
  2.9698
  2.9744
  2.9721
  2.9672
  2.9834
  2.9633
  2.9642
  2.9723
  2.9677
  2.9701
  2.9690
  2.9648
  2.9650
  2.9633
  2.9715
  2.9739
  2.9564
  2.9758
  2.9675
  2.9684
  2.9627
  2.9623
  2.9614
  2.9857
  2.9750
  2.9595
  2.9734
  2.9771
  2.9671
  2.9749
  2.9772
  2.9791
  2.9686
  2.9641
  2.9544
  2.9763
  2.9692
  2.9668
  2.9690
  2.9636
  2.9729
  2.9818
  2.9761
  2.9769
  2.9682
  2.9642
  2.9810
  2.9773
  2.9764
  2.9691
  2.9741
  2.9743
  2.9598
  2.9708
  2.9617
  2.9732
  2.9651
  2.9611
  2.9673
  2.9712
  2.9770
  2.9687
  2.9657
  2.9595
  2.9567
  2.9654
  2.9696
  2.9604
  2.9630
  2.9735
  2.9770
  2.9641
  2.9572
  2.9762
  2.9557
  2.9707
  2.9621
  2.9660
  2.9556
  2.9667
  2.9676
  2.9723
  2.9733
  2.9661
  2.9699
  2.9619
  2.9661
  2.9657
  2.9733
  2.9702
  2.9766
  2.9766
  2.9631
  2.9597
  2.9722
  2.9671
  2.9706
  2.9759
  2.9655
  2.9706
  2.9712
  2.9635
  2.9666
  2.9626
  2.9648
  2.9705
  2.9698
  2.9644
  2.9759
  2.9577
  2.9634
  2.9719
  2.9623
  2.9733
  2.9654
  2.9655
  2.9741
  2.9696
  2.9651
  2.9686
  2.9666
  2.9669
  2.9586
  2.9611
  2.9673
  2.9582
  2.9668
  2.9627
  2.9744
  2.9696
  2.9618
  2.9730
  2.9797
  2.9638
  2.9560
  2.9677
  2.9608
  2.9630
  2.9644
  2.9642
  2.9724
  2.9629
  2.9572
  2.9642
  2.9694
  2.9721
  2.9752
  2.9595
  2.9661
  2.9681
  2.9582
  2.9624
  2.9666
  2.9605
  2.9705
  2.9686
  2.9683
  2.9724
  2.9581
  2.9644
  2.9667
  2.9631
  2.9616
  2.9711
  2.9689
  2.9697
  2.9770
  2.9587
  2.9755
  2.9641
  2.9573
  2.9677
  2.9649
  2.9647
  2.9623
  2.9669
  2.9573
  2.9677
  2.9730
  2.9688
  2.9709
  2.9609
  2.9757
  2.9649
  2.9634
  2.9611
  2.9608
  2.9681
  2.9617
  2.9734
  2.9613
  2.9661
  2.9640
  2.9747
  2.9641
  2.9557
  2.9664
  2.9589
  2.9647
  2.9571
  2.9571
  2.9613
  2.9573
  2.9580
  2.9694
  2.9625
  2.9515
  2.9648
  2.9587
  2.9620
  2.9758
  2.9671
  2.9825
  2.9711
  2.9687
  2.9618
  2.9563
  2.9682
  2.9577
  2.9597
  2.9620
  2.9611
  2.9657
  2.9626
  2.9600
  2.9684
  2.9691
  2.9739
  2.9637
  2.9722
  2.9649
  2.9594
  2.9684
  2.9543
  2.9666
  2.9633
  2.9569
  2.9592
  2.9644
  2.9554
  2.9652
  2.9694
  2.9633
  2.9682
  2.9660
  2.9675
  2.9664
  2.9522
  2.9670
  2.9636
  2.9604
  2.9685
  2.9690
  2.9651
  2.9727
  2.9660
  2.9644
  2.9684
  2.9538
  2.9642
  2.9709
  2.9586
  2.9747
  2.9635
  2.9610
  2.9670
  2.9598
  2.9588
  2.9703
  2.9561
  2.9660
  2.9556
  2.9601
  2.9726
  2.9627
  2.9623
  2.9542
  2.9725
  2.9722
  2.9598
  2.9699
  2.9644
  2.9539
  2.9582
  2.9600
  2.9716
  2.9603
  2.9599
  2.9652
  2.9653
  2.9608
  2.9710
  2.9629
  2.9693
  2.9601
  2.9687
  2.9656
  2.9690
  2.9672
  2.9640
  2.9584
  2.9620
  2.9662
  2.9730
  2.9637
  2.9754
  2.9653
  2.9586
  2.9720
  2.9747
  2.9626
  2.9638
  2.9625
  2.9676
  2.9625
  2.9722
  2.9653
  2.9612
  2.9620
  2.9669
  2.9673
  2.9670
  2.9665
  2.9656
  2.9687
  2.9641
  2.9597
  2.9584
  2.9676
  2.9704
  2.9611
  2.9569
  2.9686
  2.9642
  2.9606
  2.9690
  2.9598
  2.9625
  2.9585
  2.9620
  2.9667
  2.9630
  2.9672
  2.9661
  2.9642
  2.9606
  2.9613
  2.9781
  2.9681
  2.9626
  2.9651
  2.9704
  2.9630
  2.9663
  2.9778
  2.9720
  2.9684
  2.9653
  2.9722
  2.9591
  2.9629
  2.9622
  2.9631
  2.9579
  2.9698
  2.9612
  2.9764
  2.9570
  2.9609
  2.9686
  2.9635
  2.9523
  2.9627
  2.9693
  2.9625
  2.9689
  2.9623
  2.9662
  2.9580
  2.9601
  2.9653
  2.9602
  2.9797
  2.9666
  2.9554
  2.9613
  2.9636
  2.9712
  2.9733
  2.9677
  2.9573
  2.9643
  2.9736
  2.9706
  2.9710
  2.9568
  2.9532
  2.9687
  2.9675
  2.9651
  2.9732
  2.9673
  2.9602
  2.9624
  2.9595
  2.9650
  2.9672
  2.9620
  2.9633
  2.9685
  2.9661
  2.9500
  2.9618
  2.9683
  2.9654
  2.9708
  2.9665
  2.9641
  2.9636
  2.9644
  2.9708
  2.9657
  2.9766
  2.9589
  2.9732
  2.9697
  2.9652
  2.9685
  2.9682
  2.9727
  2.9577
  2.9722
  2.9615
  2.9625
  2.9753
  2.9590
  2.9811
  2.9673
  2.9611
  2.9721
  2.9635
  2.9652
  2.9601
  2.9533
  2.9451
  2.9700
  2.9596
  2.9652
  2.9604
  2.9620
  2.9589
  2.9595
  2.9647
  2.9675
  2.9586
  2.9627
  2.9707
  2.9587
  2.9598
  2.9720
  2.9675
  2.9584
  2.9559
  2.9596
  2.9715
  2.9614
  2.9623
  2.9656
  2.9531
  2.9631
  2.9699
  2.9742
  2.9612
  2.9644
  2.9687
  2.9711
  2.9712
  2.9574
  2.9722
  2.9617
  2.9584
  2.9675
  2.9639
  2.9670
  2.9685
  2.9713
  2.9531
  2.9715
  2.9598
  2.9643
  2.9696
  2.9608
  2.9618
  2.9613
  2.9712
  2.9770
  2.9553
  2.9630
  2.9674
  2.9680
  2.9529
  2.9737
  2.9731
  2.9664
  2.9604
  2.9530
  2.9649
  2.9653
  2.9552
  2.9554
  2.9638
  2.9726
  2.9587
  2.9701
  2.9670
  2.9725
  2.9640
  2.9607
  2.9731
  2.9615
  2.9617
  2.9651
  2.9645
  2.9677
  2.9586
  2.9677
  2.9623
  2.9735
  2.9633
  2.9721
  2.9590
  2.9581
  2.9607
  2.9634
  2.9594
  2.9749
  2.9677
  2.9552
  2.9748
  2.9736
  2.9656
  2.9639
  2.9501
  2.9670
  2.9672
  2.9634
  2.9629
  2.9607
  2.9748
  2.9665
  2.9604
  2.9553
  2.9706
  2.9621
  2.9542
  2.9693
  2.9673
  2.9622
  2.9591
  2.9633
  2.9609
  2.9649
  2.9694
  2.9593
  2.9626
  2.9697
  2.9658
  2.9603
  2.9641
  2.9725
  2.9550
  2.9754
  2.9645
  2.9654
  2.9629
  2.9541
  2.9636
  2.9601
  2.9583
  2.9665
  2.9626
  2.9606
  2.9694
  2.9563
  2.9671
  2.9752
  2.9552
  2.9652
  2.9681
  2.9660
  2.9683
  2.9668
  2.9682
  2.9622
  2.9628
  2.9619
  2.9619
  2.9741
  2.9657
  2.9627
  2.9684
  2.9677
  2.9573
  2.9740
  2.9509
  2.9696
  2.9630
  2.9615
  2.9609
  2.9616
  2.9791
  2.9698
  2.9586
  2.9674
  2.9712
  2.9724
  2.9642
  2.9613
  2.9664
  2.9550
  2.9649
  2.9600
  2.9691
  2.9673
  2.9643
  2.9652
  2.9666
  2.9586
  2.9552
  2.9498
  2.9669
  2.9526
  2.9610
  2.9615
  2.9715
  2.9639
  2.9605
  2.9650
  2.9546
  2.9562
  2.9636
  2.9617
  2.9750
  2.9627
  2.9714
  2.9655
  2.9548
  2.9550
  2.9639
  2.9677
  2.9565
  2.9651
  2.9615
  2.9575
  2.9617
  2.9682
  2.9542
  2.9636
  2.9637
  2.9730
  2.9811
  2.9722
  2.9636
  2.9678
  2.9704
  2.9596
  2.9585
  2.9644
  2.9642
  2.9631
  2.9592
  2.9652
  2.9700
  2.9680
  2.9649
  2.9617
  2.9584
  2.9564
  2.9675
  2.9712
  2.9550
  2.9625
  2.9515
  2.9625
  2.9615
  2.9683
  2.9679
  2.9658
  2.9634
  2.9621
  2.9655
  2.9632
  2.9635
  2.9595
  2.9640
  2.9639
  2.9640
  2.9526
  2.9558
  2.9628
  2.9663
  2.9670
  2.9625
  2.9644
  2.9638
  2.9615
  2.9599
  2.9585
  2.9666
  2.9750
  2.9734
  2.9614
  2.9716
  2.9667
  2.9584
  2.9656
  2.9560
  2.9636
  2.9529
  2.9715
  2.9592
  2.9518
  2.9640
  2.9650
  2.9577
  2.9600
  2.9762
  2.9666
  2.9681
  2.9702
  2.9663
  2.9674
  2.9556
  2.9690
  2.9692
  2.9689
  2.9672
  2.9774
  2.9639
  2.9543
  2.9532
  2.9625
  2.9561
  2.9529
  2.9583
  2.9650
  2.9662
  2.9686
  2.9729
  2.9660
  2.9562
  2.9675
  2.9703
  2.9624
  2.9642
  2.9716
  2.9682
  2.9670
  2.9723
  2.9802
  2.9645
  2.9595
  2.9571
  2.9734
  2.9757
  2.9624
  2.9672
  2.9622
  2.9664
  2.9662
  2.9485
  2.9581
  2.9600
  2.9684
  2.9714
  2.9777
  2.9638
  2.9630
  2.9655
  2.9487
  2.9706
  2.9593
  2.9619
  2.9547
  2.9636
  2.9663
  2.9720
  2.9646
  2.9643
  2.9635
  2.9637
  2.9666
  2.9593
  2.9581
  2.9675
  2.9573
  2.9602
  2.9584
  2.9639
  2.9659
  2.9745
  2.9704
  2.9582
  2.9611
  2.9572
  2.9645
  2.9532
  2.9693
  2.9671
  2.9630
  2.9663
  2.9603
  2.9701
  2.9637
  2.9632
  2.9688
  2.9597
  2.9698
  2.9557
  2.9676
  2.9637
  2.9706
  2.9598
  2.9673
  2.9744
  2.9671
  2.9667
  2.9694
  2.9626
  2.9694
  2.9602
  2.9624
  2.9677
  2.9624
  2.9549
  2.9585
  2.9661
  2.9637
  2.9681
  2.9612
  2.9696
  2.9682
  2.9697
  2.9673
  2.9550
  2.9595
  2.9651
  2.9675
  2.9682
  2.9689
  2.9731
  2.9700
  2.9633
  2.9589
  2.9763
  2.9637
  2.9680
  2.9711
  2.9487
  2.9587
  2.9622
  2.9720
  2.9761
  2.9685
  2.9637
  2.9647
  2.9707
  2.9627
  2.9630
  2.9538
  2.9640
  2.9709
  2.9675
  2.9739
  2.9633
  2.9676
  2.9665
  2.9541
  2.9548
  2.9560
  2.9656
  2.9645
  2.9690
  2.9584
  2.9750
  2.9700
  2.9627
  2.9715
  2.9635
  2.9591
  2.9661
  2.9647
  2.9521
  2.9806
  2.9553
  2.9610
  2.9677
  2.9714
  2.9554
  2.9583
  2.9600
  2.9711
  2.9678
  2.9647
  2.9719
  2.9668
  2.9720
  2.9632
  2.9652
  2.9679
  2.9573
  2.9602
  2.9702
  2.9514
  2.9534
  2.9627
  2.9730
  2.9602
  2.9698
  2.9548
  2.9655
  2.9628
  2.9536
  2.9589
  2.9575
  2.9699
  2.9654
  2.9643
  2.9686
  2.9705
  2.9680
  2.9691
  2.9679
  2.9690
  2.9622
  2.9619
  2.9635
  2.9707
  2.9688
  2.9652
  2.9670
  2.9630
  2.9623
  2.9735
  2.9683
  2.9634
  2.9614
  2.9745
  2.9610
  2.9598
  2.9589
  2.9678
  2.9719
  2.9571
  2.9607
  2.9574
  2.9742
  2.9527
  2.9602
  2.9670
  2.9614
  2.9676
  2.9630
  2.9627
  2.9683
  2.9590
  2.9671
  2.9680
  2.9596
  2.9619
  2.9565
  2.9721
  2.9626
  2.9512
  2.9466
  2.9526
  2.9652
  2.9653
  2.9661
  2.9496
  2.9729
  2.9720
  2.9647
  2.9609
  2.9530
  2.9581
  2.9586
  2.9533
  2.9603
  2.9670
  2.9578
  2.9557
  2.9624
  2.9598
  2.9618
  2.9705
  2.9682
  2.9575
  2.9604
  2.9601
  2.9565
  2.9507
  2.9614
  2.9626
  2.9632
  2.9616
  2.9552
  2.9619
  2.9641
  2.9706
  2.9591
  2.9660
  2.9619
  2.9692
  2.9638
  2.9750
  2.9638
  2.9684
  2.9553
  2.9590
  2.9680
  2.9555
  2.9646
  2.9590
  2.9705
  2.9691
  2.9704
  2.9740
  2.9708
  2.9650
  2.9610
  2.9686
  2.9691
  2.9617
  2.9661
  2.9663
  2.9732
  2.9594
  2.9683
  2.9635
  2.9653
  2.9653
  2.9568
  2.9677
  2.9701
  2.9623
  2.9719
  2.9621
  2.9561
  2.9616
  2.9618
  2.9650
  2.9652
  2.9653
  2.9583
  2.9669
  2.9668
  2.9656
  2.9538
  2.9702
  2.9672
  2.9749
  2.9687
  2.9619
  2.9546
  2.9606
  2.9603
  2.9745
  2.9615
  2.9720
  2.9548
  2.9552
  2.9579
  2.9570
  2.9674
  2.9673
  2.9630
  2.9726
  2.9683
  2.9660
  2.9571
  2.9713
  2.9698
  2.9610
  2.9626
  2.9682
  2.9614
  2.9536
  2.9661
  2.9693
  2.9692
  2.9715
  2.9614
  2.9642
  2.9628
  2.9626
  2.9708
  2.9597
  2.9695
  2.9659
  2.9602
  2.9641
  2.9632
  2.9703
  2.9624
  2.9741
  2.9809
  2.9594
  2.9679
  2.9596
  2.9611
  2.9666
  2.9603
  2.9739
  2.9630
  2.9637
  2.9673
  2.9658
  2.9628
  2.9640
  2.9603
  2.9595
  2.9645
  2.9694
  2.9651
  2.9701
  2.9702
  2.9635
  2.9617
  2.9727
  2.9608
  2.9667
  2.9604
  2.9768
  2.9573
  2.9696
  2.9646
  2.9599
  2.9706
  2.9652
  2.9581
  2.9641
  2.9602
  2.9637
  2.9542
  2.9609
  2.9651
  2.9701
  2.9561
  2.9623
  2.9651
  2.9655
  2.9637
  2.9647
  2.9614
  2.9638
  2.9711
  2.9561
  2.9701
  2.9662
  2.9616
  2.9654
  2.9544
  2.9669
  2.9573
  2.9636
  2.9647
  2.9731
  2.9687
  2.9650
  2.9624
  2.9648
  2.9611
  2.9652
  2.9679
  2.9641
  2.9643
  2.9605
  2.9773
  2.9584
  2.9506
  2.9714
  2.9716
  2.9693
  2.9709
  2.9756
  2.9665
  2.9727
  2.9617
  2.9674
  2.9651
  2.9601
  2.9673
  2.9582
  2.9687
  2.9588
  2.9618
  2.9585
  2.9647
  2.9615
  2.9667
  2.9605
  2.9630
  2.9583
  2.9628
  2.9622
  2.9628
  2.9695
  2.9639
  2.9762
  2.9645
  2.9679
  2.9722
  2.9579
  2.9785
  2.9571
  2.9612
  2.9674
  2.9646
  2.9626
  2.9644
  2.9613
  2.9582
  2.9715
  2.9649
  2.9648
  2.9646
  2.9651
  2.9610
  2.9522
  2.9627
  2.9647
  2.9664
  2.9708
  2.9686
  2.9700
  2.9600
  2.9668
  2.9686
  2.9634
  2.9765
  2.9625
  2.9652
  2.9518
  2.9624
  2.9699
  2.9672
  2.9705
  2.9598
  2.9611
  2.9525
  2.9685
  2.9651
  2.9595
  2.9665
  2.9652
  2.9673
  2.9605
  2.9682
  2.9639
  2.9526
  2.9550
  2.9699
  2.9667
  2.9641
  2.9689
  2.9641
  2.9728
  2.9630
  2.9725
  2.9560
  2.9692
  2.9518
  2.9603
  2.9560
  2.9667
  2.9571
  2.9577
  2.9643
  2.9682
  2.9638
  2.9541
  2.9837
  2.9592
  2.9641
  2.9501
  2.9708
  2.9689
  2.9683
  2.9641
  2.9641
  2.9546
  2.9698
  2.9717
  2.9740
  2.9708
  2.9722
  2.9748
  2.9603
  2.9599
  2.9649
  2.9590
  2.9607
  2.9600
  2.9623
  2.9538
  2.9633
  2.9602
  2.9648
  2.9666
  2.9690
  2.9653
  2.9647
  2.9597
  2.9547
  2.9600
  2.9673
  2.9616
  2.9686
  2.9670
  2.9569
  2.9640
  2.9587
  2.9667
  2.9594
  2.9646
  2.9645
  2.9639
  2.9680
  2.9526
  2.9780
  2.9678
  2.9617
  2.9715
  2.9703
  2.9671
  2.9655
  2.9691
  2.9689
  2.9620
  2.9623
  2.9591
  2.9596
  2.9679
  2.9678
  2.9690
  2.9729
  2.9624
  2.9606
  2.9677
  2.9595
  2.9638
  2.9560
  2.9647
  2.9684
  2.9641
  2.9741
  2.9589
  2.9592
  2.9698
  2.9546
  2.9702
  2.9617
  2.9584
  2.9572
  2.9626
  2.9697
  2.9644
  2.9694
  2.9620
  2.9704
  2.9656
  2.9639
  2.9547
  2.9663
  2.9658
  2.9627
  2.9492
  2.9600
  2.9582
  2.9634
  2.9648
  2.9606
  2.9579
  2.9620
  2.9646
  2.9585
  2.9757
  2.9619
  2.9647
  2.9613
  2.9601
  2.9639
  2.9588
  2.9608
  2.9653
  2.9614
  2.9693
  2.9430
  2.9666
  2.9578
  2.9652
  2.9654
  2.9576
  2.9559
  2.9588
  2.9624
  2.9657
  2.9610
  2.9678
  2.9656
  2.9563
  2.9569
  2.9611
  2.9641
  2.9691
  2.9636
  2.9665
  2.9673
  2.9680
  2.9652
  2.9659
  2.9556
  2.9696
  2.9684
  2.9704
  2.9622
  2.9607
  2.9522
  2.9584
  2.9630
  2.9665
  2.9556
  2.9612
  2.9509
  2.9701
  2.9686
  2.9628
  2.9508
  2.9629
  2.9709
  2.9635
  2.9550
  2.9592
  2.9591
  2.9702
  2.9603
  2.9637
  2.9609
  2.9680
  2.9655
  2.9584
  2.9618
  2.9634
  2.9690
  2.9581
  2.9565
  2.9700
  2.9688
  2.9625
  2.9647
  2.9625
  2.9585
  2.9611
  2.9634
  2.9632
  2.9577
  2.9626
  2.9574
  2.9655
  2.9597
  2.9596
  2.9729
  2.9530
  2.9478
  2.9569
  2.9675
  2.9560
  2.9619
  2.9632
  2.9645
  2.9644
  2.9557
  2.9693
  2.9581
  2.9646
  2.9577
  2.9649
  2.9731
  2.9645
  2.9550
  2.9578
  2.9538
  2.9569
  2.9688
  2.9594
  2.9733
  2.9609
  2.9609
  2.9709
  2.9624
  2.9625
  2.9628
  2.9682
  2.9638
  2.9608
  2.9665
  2.9709
  2.9594
  2.9702
  2.9771
  2.9545
  2.9652
  2.9639
  2.9724
  2.9671
  2.9638
  2.9733
  2.9642
  2.9730
  2.9674
  2.9573
  2.9662
  2.9672
  2.9588
  2.9699
  2.9740
  2.9523
  2.9664
  2.9725
  2.9681
  2.9595
  2.9750
  2.9664
  2.9804
  2.9605
  2.9752
  2.9561
  2.9509
  2.9479
  2.9647
  2.9669
  2.9696
  2.9661
  2.9655
  2.9685
  2.9555
  2.9589
  2.9686
  2.9638
  2.9663
  2.9639
  2.9698
  2.9683
  2.9633
  2.9624
  2.9739
  2.9697
  2.9478
  2.9617
  2.9682
  2.9642
  2.9665
  2.9613
  2.9613
  2.9602
  2.9761
  2.9580
  2.9602
  2.9732
  2.9725
  2.9532
  2.9634
  2.9585
  2.9659
  2.9684
  2.9649
  2.9591
  2.9716
  2.9635
  2.9647
  2.9621
  2.9813
  2.9706
  2.9670
  2.9613
  2.9554
  2.9591
  2.9652
  2.9587
  2.9692
  2.9646
  2.9575
  2.9596
  2.9587
  2.9743
  2.9622
  2.9638
  2.9492
  2.9656
  2.9616
  2.9612
  2.9671
  2.9780
  2.9613
  2.9640
  2.9666
  2.9634
  2.9483
  2.9649
  2.9506
  2.9622
  2.9606
  2.9598
  2.9773
  2.9743
  2.9595
  2.9578
  2.9671
  2.9648
  2.9676
  2.9769
  2.9548
  2.9697
  2.9684
  2.9623
  2.9643
  2.9721
  2.9625
  2.9616
  2.9752
  2.9704
  2.9610
  2.9623
  2.9619
  2.9644
  2.9739
  2.9650
  2.9623
  2.9654
  2.9551
  2.9569
  2.9533
  2.9633
  2.9679
  2.9546
  2.9645
  2.9594
  2.9584
