C1431409.551118
Gadanki 14/03/2014 09:54:41 14/03/2014 09:55:11 0375 0079.2 0013.5 00
0000000 0020 0000600 0020 01
1 0 2 02000 1 0000 0030 00532.o 0 0 00 000 14 000600 0.500 BT0
532.000 .o analog 0 
  2.8800
 21.3439
 18.7262
 11.1650
 12.9771
 14.8796
 19.7245
 33.1856
 45.7545
 47.6395
 44.5173
 39.5139
 34.5763
 29.9968
 26.4786
 23.5568
 21.0254
 18.8630
 17.1235
 15.7505
 14.4622
 13.3577
 12.3437
 11.3650
 10.6156
  9.9337
  9.2238
  8.3452
  7.7029
  7.0897
  6.7780
  6.5309
  6.3195
  6.1552
  5.9829
  5.8537
  5.7021
  5.5583
  5.3912
  5.2939
  5.2068
  5.1183
  4.9094
  4.7589
  4.6091
  4.5465
  4.4568
  4.3356
  4.2917
  4.2278
  4.1074
  4.0918
  4.0536
  4.0698
  4.0458
  3.9924
  3.9021
  3.8854
  3.8623
  3.8255
  3.7051
  3.6581
  3.6354
  3.6169
  3.5802
  3.5052
  3.4933
  3.5032
  3.4677
  3.4468
  3.4213
  3.3871
  3.3510
  3.3270
  3.3298
  3.3057
  3.2917
  3.2707
  3.2709
  3.2640
  3.2560
  3.2504
  3.2532
  3.2065
  3.1776
  3.1779
  3.1612
  3.1462
  3.1390
  3.1376
  3.1288
  3.1298
  3.1102
  3.1253
  3.1048
  3.0839
  3.0977
  3.0929
  3.0828
  3.0731
  3.0837
  3.0683
  3.0602
  3.0591
  3.0617
  3.0462
  3.0372
  3.0348
  3.0373
  3.0429
  3.0386
  3.0258
  3.0340
  3.0244
  3.0289
  3.0334
  3.0182
  3.0232
  3.0147
  3.0127
  3.0029
  3.0045
  3.0052
  3.0110
  2.9996
  2.9939
  2.9932
  3.0047
  2.9816
  2.9845
  2.9840
  2.9915
  2.9678
  2.9885
  2.9758
  2.9859
  2.9788
  2.9812
  2.9922
  2.9685
  2.9696
  2.9616
  2.9699
  2.9803
  2.9660
  2.9720
  2.9576
  2.9594
  2.9758
  2.9635
  2.9533
  2.9624
  2.9524
  2.9530
  2.9538
  2.9467
  2.9518
  2.9415
  2.9399
  2.9527
  2.9473
  2.9472
  2.9410
  2.9518
  2.9462
  2.9528
  2.9525
  2.9486
  2.9386
  2.9390
  2.9466
  2.9470
  2.9420
  2.9370
  2.9290
  2.9420
  2.9385
  2.9412
  2.9318
  2.9365
  2.9417
  2.9321
  2.9370
  2.9338
  2.9312
  2.9342
  2.9336
  2.9267
  2.9222
  2.9231
  2.9264
  2.9320
  2.9235
  2.9259
  2.9272
  2.9264
  2.9338
  2.9178
  2.9241
  2.9083
  2.9212
  2.9238
  2.9217
  2.9245
  2.9241
  2.9235
  2.9300
  2.9206
  2.9227
  2.9201
  2.9280
  2.9048
  2.9162
  2.9329
  2.9222
  2.9172
  2.9133
  2.9118
  2.9078
  2.9167
  2.9120
  2.9100
  2.9083
  2.9111
  2.9216
  2.9129
  2.9143
  2.9121
  2.9051
  2.9085
  2.9214
  2.9100
  2.9118
  2.9161
  2.9080
  2.9064
  2.9156
  2.9210
  2.9034
  2.9150
  2.9147
  2.9176
  2.9030
  2.9079
  2.9054
  2.9014
  2.9006
  2.9103
  2.9016
  2.9129
  2.8993
  2.9116
  2.9061
  2.9127
  2.9014
  2.9042
  2.9019
  2.9057
  2.9026
  2.9030
  2.9029
  2.9036
  2.9061
  2.9210
  2.8995
  2.9015
  2.9094
  2.9005
  2.9054
  2.9014
  2.8979
  2.9068
  2.9061
  2.8928
  2.9055
  2.9063
  2.8912
  2.9107
  2.9055
  2.9099
  2.9003
  2.9017
  2.8961
  2.9041
  2.9015
  2.9043
  2.9005
  2.9129
  2.8961
  2.9015
  2.8952
  2.9161
  2.8974
  2.8983
  2.8979
  2.9048
  2.9023
  2.9041
  2.9147
  2.9000
  2.9039
  2.8910
  2.9042
  2.8964
  2.9073
  2.9001
  2.8908
  2.9014
  2.8994
  2.9092
  2.9091
  2.8979
  2.9090
  2.9094
  2.9124
  2.9093
  2.8970
  2.8985
  2.9028
  2.8978
  2.9023
  2.9045
  2.9059
  2.9067
  2.9009
  2.8977
  2.8944
  2.8948
  2.8916
  2.9023
  2.9035
  2.8980
  2.8945
  2.8973
  2.9045
  2.8889
  2.8976
  2.9023
  2.8917
  2.8969
  2.8977
  2.8976
  2.8990
  2.9121
  2.9010
  2.8909
  2.8994
  2.8942
  2.9105
  2.8999
  2.8989
  2.8978
  2.8994
  2.8898
  2.9018
  2.9018
  2.8897
  2.9042
  2.8912
  2.8862
  2.8992
  2.9004
  2.9049
  2.9010
  2.9035
  2.8990
  2.8958
  2.8870
  2.9076
  2.8949
  2.8953
  2.8943
  2.8995
  2.9008
  2.9087
  2.8992
  2.8966
  2.9029
  2.8995
  2.8986
  2.9058
  2.9024
  2.9061
  2.8990
  2.8985
  2.9006
  2.9045
  2.8935
  2.9074
  2.8916
  2.8908
  2.8969
  2.8833
  2.9040
  2.8980
  2.8972
  2.8885
  2.8935
  2.8995
  2.8983
  2.9000
  2.8992
  2.9011
  2.9004
  2.8963
  2.8999
  2.8936
  2.8901
  2.8904
  2.8941
  2.9118
  2.8961
  2.8902
  2.8857
  2.8995
  2.9038
  2.9036
  2.8859
  2.8926
  2.8976
  2.8885
  2.8884
  2.8936
  2.9014
  2.9019
  2.8873
  2.9060
  2.8953
  2.9037
  2.8895
  2.8921
  2.8986
  2.9051
  2.9036
  2.9064
  2.8987
  2.8796
  2.8978
  2.8993
  2.8955
  2.8945
  2.8985
  2.8931
  2.8860
  2.9098
  2.8953
  2.8907
  2.8854
  2.8908
  2.8952
  2.9055
  2.8902
  2.8875
  2.8964
  2.8902
  2.8990
  2.8958
  2.8910
  2.8936
  2.9000
  2.8939
  2.9041
  2.9060
  2.8896
  2.8926
  2.8910
  2.8961
  2.9005
  2.8970
  2.8931
  2.8944
  2.8851
  2.8841
  2.9022
  2.8931
  2.9060
  2.8902
  2.8887
  2.8994
  2.8922
  2.8847
  2.8924
  2.8916
  2.9010
  2.8942
  2.8878
  2.8991
  2.8853
  2.8921
  2.8944
  2.8916
  2.8932
  2.8941
  2.8961
  2.8926
  2.9018
  2.8810
  2.8968
  2.8967
  2.9014
  2.8936
  2.9040
  2.9048
  2.9050
  2.8924
  2.9050
  2.8960
  2.8897
  2.8922
  2.9017
  2.8994
  2.9090
  2.8913
  2.9014
  2.8935
  2.8975
  2.8934
  2.8995
  2.8886
  2.8929
  2.8852
  2.9052
  2.8967
  2.8922
  2.8916
  2.8922
  2.8872
  2.8900
  2.8968
  2.9051
  2.8967
  2.9024
  2.8954
  2.8968
  2.8946
  2.8944
  2.9017
  2.8926
  2.8914
  2.8919
  2.8968
  2.9015
  2.8981
  2.9025
  2.8973
  2.8937
  2.8962
  2.8987
  2.8888
  2.8823
  2.8918
  2.9009
  2.8907
  2.8787
  2.9016
  2.8796
  2.8896
  2.9015
  2.9031
  2.8990
  2.8986
  2.8915
  2.8982
  2.8887
  2.8913
  2.8916
  2.9057
  2.8951
  2.8961
  2.8923
  2.8932
  2.9015
  2.9021
  2.8940
  2.8858
  2.8880
  2.8889
  2.8865
  2.9007
  2.9070
  2.8961
  2.8987
  2.9013
  2.9015
  2.8909
  2.8897
  2.8932
  2.8911
  2.9005
  2.8938
  2.8974
  2.9038
  2.8919
  2.8938
  2.8948
  2.8893
  2.9026
  2.8961
  2.8966
  2.8893
  2.8830
  2.8918
  2.8971
  2.8967
  2.9027
  2.8847
  2.8958
  2.8987
  2.8974
  2.8931
  2.8949
  2.9011
  2.8971
  2.9010
  2.8886
  2.8963
  2.8785
  2.8839
  2.8947
  2.8861
  2.8867
  2.8951
  2.8859
  2.8942
  2.8892
  2.8942
  2.8936
  2.8914
  2.8938
  2.8977
  2.8938
  2.8793
  2.8926
  2.9003
  2.8936
  2.8926
  2.8972
  2.8893
  2.8931
  2.8845
  2.8919
  2.8954
  2.9010
  2.8904
  2.8931
  2.9043
  2.9035
  2.8898
  2.8962
  2.9064
  2.8898
  2.8881
  2.8853
  2.8930
  2.8975
  2.8877
  2.8893
  2.8920
  2.8905
  2.8860
  2.8919
  2.8984
  2.8938
  2.8953
  2.8932
  2.8937
  2.8946
  2.8904
  2.8920
  2.8869
  2.8988
  2.8930
  2.8877
  2.8952
  2.8931
  2.8972
  2.8975
  2.8915
  2.9016
  2.8952
  2.8881
  2.8927
  2.9010
  2.8875
  2.9023
  2.9021
  2.8920
  2.8885
  2.8931
  2.8914
  2.8975
  2.8884
  2.9013
  2.8829
  2.8891
  2.8936
  2.8912
  2.8944
  2.8937
  2.8880
  2.8881
  2.8970
  2.8887
  2.8865
  2.8953
  2.8905
  2.8931
  2.8919
  2.8845
  2.8999
  2.8889
  2.8830
  2.8963
  2.8955
  2.8968
  2.8900
  2.8890
  2.8861
  2.8884
  2.8896
  2.8903
  2.8886
  2.8915
  2.8865
  2.8916
  2.8951
  2.8889
  2.8962
  2.8856
  2.8926
  2.8901
  2.8989
  2.8990
  2.8856
  2.8929
  2.8860
  2.8839
  2.8934
  2.9025
  2.8866
  2.8902
  2.8881
  2.8886
  2.8948
  2.8905
  2.8885
  2.8813
  2.8954
  2.8946
  2.8970
  2.9033
  2.8953
  2.9001
  2.8933
  2.8952
  2.8818
  2.8829
  2.8972
  2.8871
  2.8914
  2.8930
  2.8934
  2.8922
  2.8891
  2.8849
  2.8961
  2.8861
  2.8813
  2.8933
  2.8912
  2.8881
  2.8886
  2.8877
  2.8878
  2.8808
  2.9000
  2.8960
  2.8913
  2.8949
  2.8875
  2.8903
  2.8891
  2.9005
  2.8894
  2.8941
  2.8956
  2.8974
  2.8902
  2.8929
  2.8912
  2.8953
  2.8888
  2.9072
  2.8907
  2.8950
  2.9003
  2.8915
  2.8888
  2.8864
  2.8849
  2.8952
  2.8881
  2.8965
  2.8994
  2.8868
  2.8949
  2.8913
  2.8969
  2.8869
  2.8917
  2.8864
  2.8917
  2.8881
  2.8963
  2.8937
  2.9038
  2.8893
  2.8886
  2.8964
  2.9018
  2.8911
  2.8864
  2.8913
  2.8898
  2.8864
  2.8956
  2.8954
  2.9021
  2.8909
  2.8909
  2.8865
  2.8874
  2.8936
  2.8921
  2.8923
  2.8852
  2.8964
  2.8936
  2.8885
  2.8945
  2.8923
  2.8906
  2.8989
  2.8990
  2.8826
  2.8969
  2.8977
  2.8847
  2.8917
  2.8943
  2.8979
  2.8949
  2.8869
  2.8962
  2.8943
  2.8934
  2.8957
  2.8909
  2.8887
  2.8934
  2.8915
  2.8972
  2.8953
  2.8861
  2.9048
  2.8993
  2.8902
  2.8974
  2.8931
  2.8912
  2.8890
  2.8837
  2.8954
  2.8863
  2.9065
  2.9029
  2.8895
  2.8983
  2.8901
  2.9011
  2.8831
  2.8820
  2.8960
  2.8945
  2.9005
  2.8896
  2.8902
  2.8997
  2.8885
  2.8913
  2.8933
  2.8959
  2.9005
  2.8970
  2.8857
  2.8884
  2.8916
  2.8872
  2.8938
  2.9015
  2.8828
  2.8841
  2.8913
  2.8905
  2.8951
  2.8858
  2.8857
  2.8928
  2.8958
  2.8936
  2.8988
  2.8898
  2.8855
  2.8956
  2.8892
  2.8935
  2.9011
  2.8944
  2.9060
  2.8819
  2.8880
  2.8868
  2.8960
  2.8895
  2.8954
  2.8881
  2.8834
  2.8987
  2.8966
  2.8821
  2.8916
  2.8986
  2.8849
  2.8859
  2.8813
  2.8887
  2.8936
  2.8958
  2.8944
  2.8927
  2.9002
  2.8935
  2.8854
  2.8939
  2.9065
  2.9077
  2.8863
  2.8843
  2.9086
  2.8962
  2.9014
  2.8846
  2.8971
  2.8954
  2.8849
  2.8931
  2.8860
  2.8954
  2.8936
  2.8900
  2.8886
  2.8848
  2.9036
  2.8994
  2.9042
  2.8956
  2.8913
  2.8789
  2.8951
  2.8941
  2.8946
  2.8930
  2.8955
  2.8858
  2.9058
  2.8890
  2.9075
  2.8820
  2.9030
  2.8977
  2.8851
  2.9060
  2.8949
  2.8930
  2.8879
  2.8956
  2.8970
  2.8924
  2.8885
  2.8967
  2.8993
  2.8922
  2.8829
  2.8916
  2.9047
  2.8990
  2.8899
  2.8933
  2.8820
  2.8915
  2.8913
  2.8946
  2.8977
  2.8947
  2.8923
  2.8934
  2.8857
  2.8865
  2.8898
  2.8875
  2.8851
  2.8881
  2.8815
  2.8869
  2.8875
  2.8954
  2.9000
  2.8965
  2.8903
  2.8791
  2.8875
  2.8922
  2.8938
  2.8891
  2.9014
  2.8919
  2.8935
  2.8931
  2.8852
  2.8826
  2.8929
  2.8883
  2.8990
  2.8953
  2.9066
  2.8872
  2.8818
  2.8898
  2.8911
  2.8954
  2.8901
  2.8850
  2.8894
  2.8907
  2.9000
  2.8929
  2.8844
  2.8870
  2.8914
  2.8902
  2.8905
  2.8869
  2.9006
  2.8887
  2.8942
  2.8921
  2.8917
  2.8933
  2.8979
  2.8972
  2.8934
  2.8837
  2.8954
  2.9034
  2.9028
  2.8914
  2.8849
  2.8979
  2.8797
  2.8886
  2.8847
  2.9031
  2.9014
  2.8979
  2.8951
  2.8969
  2.8929
  2.8987
  2.8886
  2.8869
  2.8890
  2.8972
  2.9036
  2.8898
  2.8969
  2.8872
  2.8969
  2.8961
  2.8952
  2.8971
  2.8931
  2.8948
  2.8941
  2.8853
  2.8939
  2.8976
  2.8965
  2.8955
  2.9006
  2.8893
  2.8896
  2.8914
  2.8895
  2.8945
  2.8885
  2.8855
  2.8865
  2.8927
  2.8891
  2.9006
  2.9052
  2.8871
  2.8932
  2.8866
  2.8904
  2.8921
  2.8908
  2.8955
  2.8945
  2.8826
  2.8945
  2.8943
  2.8974
  2.9022
  2.8820
  2.8902
  2.8835
  2.8925
  2.8872
  2.8911
  2.8966
  2.8857
  2.8984
  2.8905
  2.8890
  2.8913
  2.9016
  2.8939
  2.8845
  2.8901
  2.8921
  2.8830
  2.8893
  2.8846
  2.8901
  2.8938
  2.8964
  2.8961
  2.9019
  2.8901
  2.9021
  2.8933
  2.8847
  2.8835
  2.8909
  2.8966
  2.8824
  2.8886
  2.8905
  2.8904
  2.8877
  2.8908
  2.8990
  2.8943
  2.8978
  2.8957
  2.8927
  2.8902
  2.8842
  2.9038
  2.8939
  2.8866
  2.8852
  2.8915
  2.8906
  2.8959
  2.9004
  2.8878
  2.9003
  2.8973
  2.8845
  2.8863
  2.8888
  2.9001
  2.8901
  2.8814
  2.8894
  2.8938
  2.8929
  2.9037
  2.8876
  2.9027
  2.8899
  2.8917
  2.8941
  2.8856
  2.8917
  2.8962
  2.8898
  2.8895
  2.8967
  2.8938
  2.8951
  2.8950
  2.8920
  2.8895
  2.8956
  2.8871
  2.8888
  2.8900
  2.8950
  2.8965
  2.8926
  2.8979
  2.8962
  2.8945
  2.9077
  2.9062
  2.8893
  2.8871
  2.8941
  2.8857
  2.8902
  2.8964
  2.8917
  2.8880
  2.8901
  2.8933
  2.8952
  2.8995
  2.8874
  2.8894
  2.8867
  2.8998
  2.8962
  2.8908
  2.8885
  2.8978
  2.8855
  2.8997
  2.9028
  2.8936
  2.8975
  2.9047
  2.8983
  2.8978
  2.8969
  2.8935
  2.8933
  2.8914
  2.8838
  2.8997
  2.8943
  2.8921
  2.8964
  2.8946
  2.9004
  2.8948
  2.8956
  2.8884
  2.8886
  2.9048
  2.8887
  2.8913
  2.8897
  2.8969
  2.8926
  2.8909
  2.8969
  2.8922
  2.8967
  2.8936
  2.8970
  2.8959
  2.8811
  2.8909
  2.8912
  2.8928
  2.8903
  2.8871
  2.8894
  2.8882
  2.8898
  2.8858
  2.8815
  2.8959
  2.8893
  2.8913
  2.9002
  2.8966
  2.8951
  2.8988
  2.8910
  2.8914
  2.8992
  2.8931
  2.8925
  2.8890
  2.8964
  2.8908
  2.8912
  2.8980
  2.8804
  2.8888
  2.8863
  2.8910
  2.8909
  2.8828
  2.8997
  2.8877
  2.8895
  2.8907
  2.8895
  2.8986
  2.8977
  2.8970
  2.8975
  2.8932
  2.8960
  2.8919
  2.8982
  2.9044
  2.8923
  2.8892
  2.8849
  2.8989
  2.8893
  2.8902
  2.8926
  2.8931
  2.8945
  2.8985
  2.9001
  2.8885
  2.8929
  2.9008
  2.8872
  2.8905
  2.8888
  2.8970
  2.8920
  2.8835
  2.8960
  2.8982
  2.8985
  2.8888
  2.8883
  2.8845
  2.8964
  2.8831
  2.8996
  2.8958
  2.9048
  2.8965
  2.8991
  2.8988
  2.8855
  2.8896
  2.8908
  2.8873
  2.8908
  2.8884
  2.8784
  2.8909
  2.8917
  2.8878
  2.9001
  2.8841
  2.8899
  2.8796
  2.8829
  2.8920
  2.8789
  2.8886
  2.8949
  2.8924
  2.8898
  2.8836
  2.8958
  2.8864
  2.8883
  2.9019
  2.8818
  2.8985
  2.8837
  2.8824
  2.9018
  2.8933
  2.9012
  2.8965
  2.9018
  2.8780
  2.8837
  2.9017
  2.8927
  2.8816
  2.8931
  2.8920
  2.8967
  2.9060
  2.9015
  2.8799
  2.8810
  2.8790
  2.8886
  2.8942
  2.8981
  2.8936
  2.8936
  2.8874
  2.8981
  2.8875
  2.8965
  2.8868
  2.8822
  2.8889
  2.8930
  2.8911
  2.8978
  2.8894
  2.9000
  2.8944
  2.8864
  2.8879
  2.8927
  2.8992
  2.8952
  2.8984
  2.8943
  2.8926
  2.8962
  2.8985
  2.8825
  2.8848
  2.8867
  2.8961
  2.8831
  2.8947
  2.8919
  2.8886
  2.8900
  2.8884
  2.8796
  2.8804
  2.8943
  2.8835
  2.8927
  2.8786
  2.8952
  2.8906
  2.8998
  2.8909
  2.8932
  2.8868
  2.8938
  2.8819
  2.8860
  2.8926
  2.8805
  2.8857
  2.8871
  2.8909
  2.8836
  2.9022
  2.8975
  2.8945
  2.8916
  2.8956
  2.8894
  2.8891
  2.8866
  2.8949
  2.8899
  2.8907
  2.8933
  2.8898
  2.8994
  2.8967
  2.8896
  2.8884
  2.8926
  2.8866
  2.9026
  2.8967
  2.8948
  2.8960
  2.8878
  2.8876
  2.8912
  2.8932
  2.8864
  2.8907
  2.8884
  2.8918
  2.8977
  2.8909
  2.8882
  2.8977
  2.8968
  2.8889
  2.8923
  2.8955
  2.8875
  2.8951
  2.8853
  2.8849
  2.8906
  2.8846
  2.8932
  2.8979
  2.8959
  2.8890
  2.9071
  2.9007
  2.8916
  2.8877
  2.8955
  2.8861
  2.8920
  2.8947
  2.8831
  2.9109
  2.8977
  2.8934
  2.8901
  2.8929
  2.8875
  2.8814
  2.8914
  2.8942
  2.8931
  2.8963
  2.8949
  2.8952
  2.8981
  2.8877
  2.8819
  2.8912
  2.8993
  2.8992
  2.8889
  2.8861
  2.8929
  2.8939
  2.8888
  2.8898
  2.8890
  2.8878
  2.8864
  2.8880
  2.8945
  2.8946
  2.9073
  2.8914
  2.8942
  2.8913
  2.8893
  2.8934
  2.8826
  2.8882
  2.8917
  2.9014
  2.8838
  2.9014
  2.8935
  2.8905
  2.8945
  2.8883
  2.8884
  2.8870
  2.9031
  2.8911
  2.8908
  2.8963
  2.9000
  2.8942
  2.8852
  2.8948
  2.8853
  2.8955
  2.8924
  2.8942
  2.8817
  2.8904
  2.8956
  2.8826
  2.8953
  2.8929
  2.8937
  2.8962
  2.8887
  2.8963
  2.8929
  2.8882
  2.8854
  2.8925
  2.8861
  2.8846
  2.8843
  2.9004
  2.8957
  2.8880
  2.8935
  2.8961
  2.8949
  2.8886
  2.8943
  2.8914
  2.8916
  2.8825
  2.9008
  2.8821
  2.8962
  2.9001
  2.8995
  2.8946
  2.8852
  2.9076
  2.8994
  2.8944
  2.8856
  2.8937
  2.9062
  2.9036
  2.8924
  2.8900
  2.8951
  2.8927
  2.8795
  2.8801
  2.8889
  2.8837
  2.8946
  2.8973
  2.8845
  2.8894
  2.8821
  2.8975
  2.8931
  2.8909
  2.8882
  2.8949
  2.8925
  2.8980
  2.8852
  2.8979
  2.8876
  2.8854
  2.8912
  2.8882
  2.8816
  2.8954
  2.8752
  2.8929
  2.8872
  2.8973
  2.8849
  2.8956
  2.9006
  2.8958
  2.8928
  2.8846
  2.8919
  2.8847
  2.8978
  2.8936
  2.8876
  2.8979
  2.9018
  2.8985
  2.8977
  2.9089
  2.8897
  2.8975
  2.8889
  2.8887
  2.8917
  2.8846
  2.8990
  2.8922
  2.8982
  2.8945
  2.8908
  2.8935
  2.8933
  2.8942
  2.8864
  2.8812
  2.8858
  2.8861
  2.8995
  2.8926
  2.8820
  2.8859
  2.8991
  2.8971
  2.8884
  2.8978
  2.8879
  2.8763
  2.8923
  2.8934
  2.8904
  2.8902
  2.8881
  2.8914
  2.8929
  2.8925
  2.8917
  2.8979
  2.8908
  2.8788
  2.8843
  2.8910
  2.8971
  2.8944
  2.9018
  2.8914
  2.8917
  2.8904
  2.8854
  2.8986
  2.8895
  2.8964
  2.8899
  2.8978
  2.8968
  2.9015
  2.8836
  2.8997
  2.8841
  2.8964
  2.8947
  2.9056
  2.8891
  2.8952
  2.8904
  2.8808
  2.8879
  2.8846
  2.8828
  2.8826
  2.8898
  2.8938
  2.8992
  2.8880
  2.8984
  2.8930
  2.9005
  2.8902
  2.8947
  2.8956
  2.8914
  2.8893
  2.8868
  2.9062
  2.9068
  2.8861
  2.8940
  2.8918
  2.8870
  2.8937
  2.8997
  2.8966
  2.8953
  2.8932
  2.8961
  2.8883
  2.8879
  2.8856
  2.8851
  2.8873
  2.8935
  2.8999
  2.8989
  2.8981
  2.8908
  2.8939
  2.8949
  2.8890
  2.8915
  2.9019
  2.8797
  2.8881
  2.8860
  2.8845
  2.8994
  2.8909
  2.8838
  2.8920
  2.8911
  2.9022
  2.8849
  2.8903
  2.8839
  2.9022
  2.8879
  2.8878
  2.8949
  2.8893
  2.8931
  2.8896
  2.8950
  2.8870
  2.8985
  2.8937
  2.8907
  2.8945
  2.8930
  2.8954
  2.8889
  2.8891
  2.8942
  2.8901
  2.8839
  2.8886
  2.8891
  2.8897
  2.8873
  2.8871
  2.8913
  2.8987
  2.8844
  2.8869
  2.8940
  2.8880
  2.8915
  2.8877
  2.8882
  2.8914
  2.8873
  2.8925
  2.8932
  2.8958
  2.8971
  2.8901
  2.8967
  2.8942
  2.8841
  2.8852
  2.9017
  2.8948
  2.8914
  2.8873
  2.8932
  2.8916
  2.8930
  2.8868
  2.8921
  2.8793
  2.8930
  2.8812
  2.8905
  2.8860
  2.8880
  2.8975
  2.8924
  2.8844
  2.8930
  2.8901
  2.9014
  2.8887
  2.8885
  2.8735
  2.8889
  2.8893
  2.8910
  2.8962
  2.8859
  2.8983
  2.8840
  2.8925
  2.8994
  2.8914
  2.8829
  2.8839
  2.8824
  2.8893
  2.8931
  2.8894
  2.8870
  2.8885
  2.8976
  2.8989
  2.8942
  2.8953
  2.8908
  2.8920
  2.8856
  2.8941
  2.8959
  2.8939
  2.8835
  2.8914
  2.8901
  2.8831
  2.8869
  2.9005
  2.8891
  2.8941
  2.8993
  2.8888
  2.8853
  2.8904
  2.8993
  2.9104
  2.8918
  2.9004
  2.8958
  2.8966
  2.9045
  2.8879
  2.8953
  2.8827
  2.8923
  2.8875
  2.8996
  2.8886
  2.8968
  2.8927
  2.8972
  2.8943
  2.8965
  2.8954
  2.8883
  2.8920
  2.8927
  2.8912
  2.8874
  2.8974
  2.8967
  2.8910
  2.8970
  2.8905
  2.8780
  2.8852
  2.8887
  2.8888
  2.8887
  2.8933
  2.9010
  2.8911
  2.8897
  2.9016
  2.8875
  2.8852
  2.8916
  2.9030
  2.8951
  2.8866
  2.8993
  2.8963
  2.8900
  2.8962
  2.8910
  2.9014
  2.8913
  2.8918
  2.8872
  2.8888
  2.8909
  2.8934
  2.9026
  2.8880
  2.8922
  2.8867
  2.8939
  2.8845
  2.8914
  2.8940
  2.8868
  2.8923
  2.8904
  2.8937
  2.8983
  2.8914
  2.8931
  2.8909
  2.8980
  2.8958
  2.8908
  2.8935
  2.8879
  2.9030
  2.8905
  2.8884
  2.8864
  2.8960
  2.8857
  2.8859
  2.8975
  2.8924
  2.8932
  2.8886
  2.8901
  2.8963
  2.8891
  2.8910
  2.8950
  2.8909
