C1431410.085483
Gadanki 14/03/2014 10:08:24 14/03/2014 10:08:55 0375 0079.2 0013.5 00
0000000 0020 0000600 0020 01
1 0 2 02000 1 0000 0030 00532.o 0 0 00 000 14 000600 0.500 BT0
532.000 .o analog 0 
  3.0040
 21.2987
 18.3101
 10.9058
 12.2027
 13.6341
 17.0611
 27.5838
 38.0890
 41.1775
 39.3218
 35.8203
 31.7848
 28.1440
 25.0942
 22.5178
 20.3160
 18.2792
 16.6728
 15.4513
 14.2177
 13.0929
 12.0854
 11.2094
 10.5066
  9.9307
  9.5997
  9.2045
  8.7280
  8.2820
  7.8913
  7.5180
  7.1051
  6.6609
  6.2582
  5.9981
  5.8369
  5.7028
  5.5380
  5.3552
  5.2052
  5.0930
  4.9834
  4.8537
  4.7700
  4.6818
  4.6095
  4.5006
  4.3737
  4.2884
  4.2874
  4.2086
  4.1144
  4.0662
  4.0564
  4.0697
  4.0329
  3.9391
  3.8889
  3.9073
  3.9125
  3.8382
  3.7515
  3.7068
  3.7082
  3.6724
  3.6068
  3.5839
  3.5765
  3.5857
  3.5328
  3.5229
  3.4835
  3.4587
  3.4368
  3.4196
  3.4183
  3.3968
  3.3845
  3.3750
  3.3851
  3.4057
  3.4060
  3.3514
  3.2999
  3.2771
  3.2682
  3.2798
  3.2791
  3.2628
  3.2441
  3.2433
  3.2275
  3.2448
  3.2250
  3.2095
  3.2112
  3.1916
  3.2025
  3.2007
  3.1906
  3.1953
  3.1843
  3.1768
  3.1698
  3.1704
  3.1678
  3.1647
  3.1637
  3.1511
  3.1469
  3.1425
  3.1493
  3.1371
  3.1483
  3.1360
  3.1255
  3.1369
  3.1286
  3.1211
  3.1265
  3.1064
  3.1164
  3.1165
  3.1139
  3.1109
  3.1112
  3.1069
  3.1157
  3.0994
  3.1018
  3.1023
  3.0929
  3.1071
  3.0915
  3.0961
  3.0947
  3.0956
  3.0922
  3.0941
  3.0882
  3.0937
  3.0934
  3.0818
  3.0811
  3.0833
  3.0756
  3.0747
  3.0914
  3.0756
  3.0583
  3.0739
  3.0649
  3.0750
  3.0704
  3.0639
  3.0790
  3.0692
  3.0551
  3.0654
  3.0685
  3.0565
  3.0533
  3.0689
  3.0600
  3.0511
  3.0701
  3.0643
  3.0574
  3.0508
  3.0519
  3.0545
  3.0485
  3.0504
  3.0431
  3.0372
  3.0509
  3.0485
  3.0409
  3.0391
  3.0502
  3.0409
  3.0460
  3.0412
  3.0547
  3.0462
  3.0446
  3.0378
  3.0442
  3.0468
  3.0409
  3.0492
  3.0432
  3.0417
  3.0498
  3.0314
  3.0399
  3.0338
  3.0425
  3.0390
  3.0405
  3.0320
  3.0359
  3.0331
  3.0370
  3.0444
  3.0327
  3.0276
  3.0377
  3.0553
  3.0370
  3.0215
  3.0375
  3.0357
  3.0376
  3.0214
  3.0301
  3.0227
  3.0267
  3.0285
  3.0476
  3.0185
  3.0303
  3.0249
  3.0257
  3.0317
  3.0228
  3.0303
  3.0317
  3.0278
  3.0151
  3.0198
  3.0251
  3.0250
  3.0284
  3.0275
  3.0256
  3.0269
  3.0139
  3.0195
  3.0408
  3.0283
  3.0317
  3.0323
  3.0275
  3.0329
  3.0290
  3.0233
  3.0219
  3.0158
  3.0239
  3.0160
  3.0388
  3.0225
  3.0258
  3.0198
  3.0170
  3.0223
  3.0206
  3.0256
  3.0144
  3.0215
  3.0189
  3.0177
  3.0221
  3.0129
  3.0231
  3.0251
  3.0190
  3.0164
  3.0114
  3.0229
  3.0156
  3.0224
  3.0203
  3.0106
  3.0145
  3.0169
  3.0331
  3.0249
  3.0077
  3.0197
  3.0265
  3.0242
  3.0246
  3.0263
  3.0227
  3.0241
  3.0118
  3.0195
  3.0257
  3.0149
  3.0209
  3.0093
  3.0152
  3.0205
  3.0125
  3.0239
  3.0253
  3.0151
  3.0113
  3.0158
  3.0176
  3.0181
  3.0162
  3.0183
  3.0084
  3.0128
  3.0134
  3.0129
  3.0127
  3.0291
  3.0260
  3.0229
  3.0078
  3.0080
  3.0116
  3.0146
  3.0036
  3.0155
  3.0190
  3.0102
  3.0199
  3.0154
  3.0039
  3.0066
  3.0151
  3.0288
  3.0096
  3.0110
  3.0127
  3.0128
  3.0181
  3.0165
  3.0145
  3.0120
  3.0068
  3.0199
  3.0172
  3.0163
  3.0207
  3.0145
  3.0101
  3.0079
  3.0042
  3.0212
  3.0032
  3.0057
  3.0096
  3.0138
  3.0102
  3.0201
  3.0126
  3.0164
  3.0136
  3.0170
  3.0126
  3.0003
  3.0112
  3.0298
  3.0079
  3.0179
  3.0144
  3.0296
  3.0201
  3.0094
  3.0123
  3.0243
  3.0064
  3.0009
  3.0060
  3.0190
  3.0081
  3.0154
  3.0081
  3.0016
  3.0111
  3.0134
  2.9992
  3.0060
  3.0008
  3.0079
  3.0146
  3.0042
  3.0184
  3.0058
  3.0123
  3.0085
  3.0062
  3.0227
  3.0172
  3.0061
  3.0088
  3.0138
  3.0141
  3.0032
  3.0216
  3.0107
  3.0194
  3.0194
  3.0013
  3.0164
  3.0091
  2.9943
  3.0062
  2.9986
  3.0081
  3.0139
  3.0266
  3.0052
  3.0036
  3.0123
  3.0111
  3.0058
  3.0143
  3.0072
  3.0152
  3.0049
  3.0199
  3.0084
  3.0168
  3.0058
  3.0126
  3.0157
  3.0215
  3.0131
  3.0124
  3.0017
  3.0057
  3.0033
  3.0101
  3.0221
  3.0047
  3.0173
  3.0110
  3.0115
  3.0249
  3.0127
  3.0057
  3.0163
  2.9903
  3.0101
  3.0119
  3.0115
  3.0132
  3.0139
  3.0085
  3.0154
  3.0066
  3.0123
  3.0013
  3.0106
  3.0158
  3.0069
  3.0133
  3.0167
  3.0067
  3.0101
  3.0103
  3.0190
  2.9984
  3.0106
  3.0097
  3.0047
  3.0073
  3.0061
  3.0099
  3.0103
  3.0056
  3.0200
  3.0178
  3.0063
  3.0121
  3.0187
  3.0183
  3.0111
  3.0099
  3.0047
  3.0102
  3.0046
  2.9996
  3.0044
  3.0059
  2.9995
  3.0000
  3.0035
  2.9957
  3.0075
  3.0139
  3.0005
  3.0031
  3.0073
  3.0168
  3.0147
  3.0136
  3.0176
  3.0097
  3.0167
  3.0135
  3.0074
  3.0120
  3.0119
  3.0111
  3.0116
  3.0047
  3.0075
  3.0150
  3.0061
  3.0070
  3.0006
  3.0084
  3.0111
  3.0031
  3.0020
  3.0119
  3.0068
  3.0053
  2.9975
  3.0050
  3.0103
  3.0055
  3.0066
  3.0094
  3.0038
  3.0079
  2.9969
  3.0093
  3.0113
  2.9986
  3.0075
  3.0002
  3.0060
  3.0089
  3.0096
  3.0118
  3.0042
  2.9970
  3.0034
  2.9991
  3.0065
  3.0006
  3.0087
  3.0103
  3.0117
  2.9988
  3.0117
  3.0089
  3.0033
  3.0013
  3.0038
  3.0117
  3.0128
  3.0082
  3.0122
  3.0060
  3.0084
  3.0102
  3.0047
  3.0090
  3.0113
  3.0041
  2.9974
  3.0073
  3.0056
  3.0044
  3.0092
  3.0009
  2.9976
  3.0049
  3.0073
  3.0098
  3.0030
  3.0185
  3.0105
  3.0131
  3.0009
  3.0050
  3.0067
  3.0141
  2.9994
  2.9959
  3.0108
  3.0069
  3.0082
  3.0078
  3.0164
  3.0107
  3.0124
  3.0051
  3.0051
  3.0056
  3.0046
  3.0103
  3.0096
  3.0058
  3.0058
  3.0032
  3.0097
  3.0082
  3.0215
  3.0122
  3.0122
  3.0150
  3.0036
  2.9972
  3.0090
  3.0150
  3.0074
  3.0153
  3.0066
  3.0172
  3.0093
  3.0047
  3.0025
  3.0087
  3.0017
  3.0020
  3.0124
  2.9964
  3.0109
  3.0129
  3.0037
  3.0148
  3.0134
  3.0185
  3.0129
  3.0158
  3.0095
  3.0145
  3.0182
  3.0009
  3.0118
  3.0129
  3.0157
  3.0045
  3.0044
  3.0098
  3.0106
  3.0139
  3.0091
  3.0087
  3.0052
  2.9951
  3.0052
  3.0133
  3.0053
  3.0106
  3.0048
  2.9979
  2.9996
  3.0048
  3.0060
  3.0080
  3.0108
  3.0031
  3.0042
  3.0141
  3.0012
  3.0046
  3.0098
  3.0090
  3.0169
  3.0054
  3.0126
  3.0079
  3.0150
  3.0209
  3.0049
  3.0116
  2.9997
  3.0167
  3.0068
  3.0141
  3.0175
  3.0042
  3.0096
  3.0083
  3.0171
  3.0074
  3.0056
  3.0178
  3.0025
  3.0014
  2.9986
  3.0000
  3.0026
  3.0091
  3.0159
  3.0063
  3.0010
  3.0064
  3.0073
  3.0092
  3.0032
  3.0134
  3.0102
  3.0126
  3.0063
  3.0080
  3.0065
  2.9995
  3.0094
  3.0059
  3.0057
  3.0143
  3.0157
  3.0090
  3.0210
  3.0090
  3.0022
  3.0088
  3.0094
  3.0125
  3.0153
  3.0120
  3.0152
  3.0004
  3.0181
  3.0096
  2.9972
  3.0106
  3.0112
  3.0011
  3.0057
  3.0100
  3.0091
  3.0072
  3.0180
  3.0138
  3.0010
  3.0088
  3.0161
  3.0006
  3.0068
  3.0071
  3.0122
  3.0133
  3.0098
  3.0006
  3.0112
  3.0068
  3.0095
  3.0063
  3.0091
  3.0092
  3.0148
  3.0106
  2.9929
  2.9985
  3.0087
  3.0008
  2.9980
  2.9957
  2.9974
  3.0003
  3.0099
  3.0081
  3.0029
  2.9987
  3.0088
  3.0257
  2.9975
  3.0015
  3.0092
  2.9984
  3.0205
  3.0105
  2.9900
  3.0090
  3.0088
  3.0071
  3.0014
  3.0037
  3.0002
  3.0037
  3.0015
  3.0009
  3.0101
  3.0009
  3.0088
  2.9996
  3.0098
  3.0094
  3.0078
  3.0079
  3.0118
  3.0012
  2.9994
  2.9919
  3.0004
  3.0040
  3.0079
  3.0170
  3.0054
  3.0036
  2.9965
  2.9969
  2.9991
  3.0008
  2.9984
  3.0082
  3.0111
  2.9980
  3.0069
  3.0059
  3.0137
  3.0061
  3.0056
  3.0016
  3.0176
  3.0040
  3.0119
  3.0179
  3.0159
  3.0162
  3.0095
  3.0087
  3.0080
  3.0074
  3.0136
  3.0106
  3.0154
  3.0033
  2.9952
  3.0145
  3.0089
  3.0076
  3.0042
  3.0029
  3.0143
  3.0001
  3.0024
  3.0061
  3.0077
  3.0034
  3.0008
  3.0076
  3.0045
  2.9981
  3.0087
  3.0132
  3.0052
  3.0156
  3.0091
  3.0045
  3.0108
  3.0106
  3.0081
  3.0208
  2.9988
  3.0057
  3.0087
  3.0012
  3.0071
  3.0065
  3.0037
  3.0132
  3.0020
  3.0015
  3.0011
  3.0104
  3.0111
  2.9997
  3.0020
  2.9999
  3.0025
  2.9984
  3.0028
  3.0037
  3.0034
  3.0112
  3.0101
  3.0158
  3.0132
  3.0036
  3.0003
  3.0020
  3.0117
  3.0089
  3.0087
  3.0098
  3.0088
  3.0031
  3.0085
  3.0031
  3.0117
  3.0014
  3.0018
  3.0053
  3.0132
  3.0052
  3.0002
  3.0131
  3.0010
  3.0055
  3.0148
  2.9997
  3.0152
  3.0046
  3.0100
  3.0120
  3.0103
  3.0036
  3.0031
  3.0087
  3.0015
  3.0032
  3.0184
  3.0100
  3.0048
  3.0086
  3.0003
  3.0083
  3.0033
  3.0072
  3.0128
  3.0023
  3.0081
  3.0047
  3.0099
  3.0059
  3.0077
  2.9991
  3.0005
  3.0050
  3.0146
  3.0116
  3.0119
  3.0178
  3.0119
  2.9970
  3.0072
  3.0110
  3.0223
  3.0078
  2.9969
  2.9990
  3.0147
  3.0052
  3.0148
  3.0036
  3.0133
  3.0062
  3.0025
  3.0012
  3.0068
  2.9969
  3.0033
  3.0047
  3.0136
  3.0121
  3.0076
  3.0216
  3.0144
  3.0045
  3.0064
  2.9980
  3.0077
  3.0097
  3.0050
  3.0069
  3.0043
  3.0031
  3.0023
  2.9954
  3.0063
  3.0102
  3.0001
  2.9998
  3.0013
  3.0154
  3.0136
  3.0026
  3.0065
  3.0052
  3.0047
  3.0023
  3.0106
  3.0136
  3.0119
  3.0078
  3.0117
  2.9980
  2.9944
  3.0089
  3.0098
  3.0157
  3.0036
  3.0051
  3.0122
  3.0098
  3.0126
  3.0094
  3.0098
  3.0102
  3.0088
  3.0037
  3.0039
  3.0052
  2.9974
  3.0150
  2.9996
  3.0250
  3.0083
  3.0045
  3.0078
  3.0049
  3.0057
  3.0045
  3.0105
  3.0112
  2.9981
  3.0141
  3.0244
  3.0004
  3.0052
  3.0140
  3.0030
  2.9992
  3.0036
  3.0005
  2.9989
  3.0211
  3.0057
  3.0002
  3.0010
  3.0014
  3.0019
  3.0018
  3.0100
  3.0112
  3.0135
  2.9991
  3.0094
  2.9948
  3.0132
  3.0061
  3.0064
  3.0201
  3.0128
  3.0208
  3.0088
  3.0108
  3.0053
  3.0026
  2.9912
  3.0104
  3.0020
  3.0077
  3.0145
  3.0104
  3.0081
  3.0088
  3.0032
  3.0104
  3.0045
  3.0064
  3.0074
  3.0104
  3.0107
  3.0160
  3.0056
  3.0135
  3.0027
  3.0059
  2.9995
  3.0129
  3.0013
  3.0127
  2.9996
  3.0055
  3.0174
  2.9968
  3.0046
  3.0145
  3.0062
  3.0021
  2.9981
  3.0060
  3.0087
  3.0051
  3.0084
  3.0045
  3.0032
  3.0057
  3.0144
  3.0093
  3.0137
  3.0110
  3.0049
  3.0083
  3.0051
  2.9983
  3.0132
  3.0124
  3.0150
  2.9970
  3.0140
  3.0036
  3.0032
  3.0018
  3.0037
  2.9949
  3.0067
  2.9977
  2.9932
  3.0101
  2.9972
  3.0029
  3.0061
  3.0061
  2.9999
  3.0089
  2.9973
  3.0043
  3.0001
  3.0083
  3.0001
  3.0073
  3.0075
  3.0123
  3.0028
  3.0001
  3.0029
  3.0095
  3.0058
  3.0066
  3.0068
  3.0103
  2.9976
  3.0067
  2.9935
  2.9931
  3.0166
  3.0048
  3.0075
  3.0042
  3.0054
  3.0079
  2.9960
  3.0054
  3.0178
  3.0097
  3.0128
  2.9987
  3.0090
  3.0014
  3.0129
  3.0013
  3.0113
  3.0060
  3.0125
  2.9989
  3.0089
  3.0081
  3.0106
  3.0129
  2.9935
  3.0078
  3.0096
  3.0131
  2.9947
  3.0101
  3.0037
  3.0039
  3.0064
  3.0010
  3.0096
  3.0128
  3.0003
  2.9999
  3.0147
  2.9989
  3.0122
  3.0029
  3.0048
  3.0006
  3.0108
  3.0077
  2.9966
  3.0026
  3.0016
  2.9963
  3.0038
  2.9951
  3.0176
  2.9957
  3.0070
  2.9927
  3.0077
  3.0045
  3.0019
  3.0100
  3.0126
  3.0085
  2.9969
  3.0029
  3.0146
  3.0188
  3.0076
  3.0058
  3.0092
  2.9997
  3.0120
  2.9980
  3.0071
  2.9967
  3.0122
  2.9954
  3.0113
  3.0073
  3.0084
  3.0143
  3.0157
  2.9977
  3.0072
  2.9982
  2.9965
  3.0155
  3.0034
  3.0166
  2.9996
  3.0024
  3.0107
  3.0080
  2.9947
  3.0057
  3.0090
  3.0085
  3.0045
  2.9921
  3.0150
  3.0107
  3.0069
  3.0111
  3.0153
  3.0055
  3.0089
  3.0076
  3.0140
  2.9950
  3.0164
  3.0205
  3.0088
  3.0011
  3.0116
  2.9994
  2.9974
  3.0070
  3.0085
  3.0030
  3.0143
  3.0105
  2.9956
  3.0110
  3.0101
  3.0122
  3.0067
  3.0061
  3.0026
  2.9947
  3.0143
  3.0037
  2.9988
  3.0259
  3.0078
  2.9977
  3.0168
  3.0070
  3.0097
  3.0041
  3.0018
  3.0114
  3.0135
  3.0094
  2.9919
  3.0041
  3.0074
  3.0035
  3.0051
  3.0037
  3.0037
  3.0098
  3.0062
  3.0160
  3.0123
  3.0081
  3.0150
  3.0017
  3.0026
  3.0001
  3.0036
  3.0025
  3.0114
  3.0082
  3.0031
  3.0095
  3.0117
  3.0002
  2.9926
  3.0125
  3.0075
  3.0030
  3.0002
  3.0070
  3.0065
  3.0112
  3.0004
  3.0037
  3.0017
  3.0073
  3.0075
  3.0101
  3.0056
  3.0080
  3.0129
  3.0051
  3.0088
  3.0091
  3.0079
  3.0116
  3.0034
  3.0047
  3.0088
  3.0118
  3.0200
  3.0060
  3.0085
  3.0000
  3.0174
  3.0019
  3.0066
  3.0110
  2.9980
  3.0095
  3.0066
  3.0000
  3.0052
  2.9887
  2.9976
  3.0093
  3.0025
  3.0018
  3.0041
  3.0094
  3.0201
  3.0109
  3.0061
  2.9916
  2.9940
  3.0185
  3.0094
  3.0035
  3.0068
  3.0037
  3.0104
  3.0036
  3.0039
  3.0140
  3.0133
  3.0083
  3.0070
  3.0004
  3.0039
  3.0128
  3.0077
  2.9977
  3.0106
  2.9973
  3.0000
  3.0095
  3.0084
  3.0059
  3.0167
  3.0110
  3.0067
  2.9973
  3.0101
  3.0066
  3.0069
  3.0048
  3.0031
  2.9944
  3.0109
  2.9978
  3.0197
  3.0114
  2.9976
  3.0079
  2.9996
  3.0042
  2.9914
  2.9995
  3.0116
  3.0208
  3.0089
  3.0005
  3.0115
  2.9921
  3.0036
  3.0070
  3.0073
  3.0134
  3.0038
  2.9981
  3.0157
  3.0077
  2.9924
  3.0123
  3.0023
  3.0121
  2.9965
  2.9945
  3.0065
  3.0022
  3.0005
  2.9814
  3.0029
  3.0000
  3.0088
  2.9990
  2.9998
  3.0067
  2.9971
  3.0048
  3.0043
  2.9995
  3.0073
  3.0045
  3.0040
  3.0032
  3.0040
  3.0096
  2.9918
  3.0100
  3.0129
  3.0056
  3.0066
  3.0119
  3.0073
  2.9995
  3.0070
  3.0058
  2.9993
  3.0096
  3.0115
  3.0169
  3.0067
  3.0011
  3.0026
  3.0023
  3.0005
  3.0028
  2.9986
  3.0174
  3.0173
  3.0051
  3.0091
  3.0079
  3.0010
  3.0072
  3.0099
  3.0063
  3.0072
  2.9995
  3.0018
  2.9994
  3.0050
  2.9939
  3.0010
  2.9995
  3.0108
  3.0121
  3.0106
  3.0067
  3.0025
  3.0053
  3.0028
  3.0170
  3.0043
  3.0121
  3.0003
  2.9989
  3.0118
  3.0077
  3.0108
  3.0049
  3.0047
  3.0002
  3.0033
  3.0092
  2.9952
  3.0100
  3.0121
  3.0017
  2.9992
  3.0115
  3.0145
  2.9969
  3.0068
  2.9974
  3.0046
  3.0015
  3.0076
  3.0018
  2.9964
  3.0081
  3.0101
  3.0079
  3.0003
  3.0156
  3.0170
  3.0024
  3.0093
  3.0002
  3.0098
  3.0003
  3.0079
  2.9994
  3.0163
  3.0064
  2.9986
  3.0106
  2.9986
  2.9963
  2.9925
  3.0113
  3.0080
  3.0072
  3.0056
  3.0084
  3.0132
  3.0136
  2.9991
  3.0123
  2.9918
  3.0045
  3.0049
  3.0071
  2.9959
  2.9974
  3.0114
  3.0072
  3.0112
  2.9907
  2.9918
  3.0136
  3.0134
  3.0101
  3.0030
  3.0007
  3.0062
  3.0081
  3.0119
  3.0035
  3.0081
  3.0115
  3.0197
  3.0131
  3.0066
  3.0075
  2.9974
  3.0138
  2.9962
  3.0031
  3.0063
  3.0097
  3.0033
  2.9927
  3.0044
  3.0137
  3.0068
  3.0044
  3.0076
  2.9987
  2.9998
  3.0022
  2.9976
  3.0094
  3.0069
  2.9976
  3.0108
  3.0077
  2.9933
  2.9995
  3.0046
  3.0116
  3.0077
  2.9982
  3.0123
  2.9899
  3.0193
  3.0079
  3.0028
  3.0061
  3.0027
  3.0005
  2.9992
  2.9937
  3.0017
  2.9978
  3.0149
  2.9983
  2.9998
  3.0036
  3.0181
  3.0023
  3.0085
  3.0101
  3.0006
  2.9994
  3.0022
  3.0065
  3.0073
  3.0106
  2.9993
  3.0006
  3.0000
  3.0119
  2.9989
  3.0120
  3.0075
  3.0080
  3.0088
  3.0066
  3.0043
  3.0077
  2.9938
  3.0094
  3.0134
  2.9972
  2.9970
  3.0038
  3.0092
  3.0106
  3.0098
  3.0074
  3.0172
  3.0059
  3.0145
  2.9971
  3.0095
  3.0071
  3.0060
  2.9981
  3.0086
  3.0025
  3.0118
  3.0019
  3.0056
  3.0077
  3.0005
  2.9989
  3.0084
  3.0141
  3.0116
  3.0044
  3.0014
  3.0080
  3.0059
  3.0016
  2.9949
  3.0134
  2.9983
  3.0048
  3.0101
  3.0040
  3.0071
  3.0120
  3.0067
  2.9977
  2.9929
  3.0097
  3.0077
  3.0030
  3.0072
  3.0075
  3.0084
  3.0130
  3.0054
  3.0111
  3.0030
  3.0115
  3.0116
  3.0078
  3.0134
  3.0108
  2.9979
  3.0162
  3.0072
  3.0068
  3.0033
  3.0065
  3.0085
  3.0049
  3.0161
  3.0067
  3.0108
  3.0162
  3.0091
  3.0163
  3.0047
  3.0018
  2.9970
  3.0073
  3.0068
  3.0078
  3.0036
  3.0019
  3.0141
  3.0049
  2.9987
  2.9966
  3.0027
  3.0076
  3.0136
  3.0054
  2.9955
  3.0051
  3.0034
  3.0001
  3.0067
  3.0050
  3.0101
  3.0116
  2.9934
  3.0057
  2.9981
  3.0046
  3.0116
  2.9974
  2.9975
  3.0020
  3.0054
  3.0110
  3.0043
  3.0119
  3.0056
  3.0072
  3.0039
  3.0058
  3.0164
  3.0086
  2.9980
  2.9991
  3.0121
  3.0151
  3.0079
  3.0027
  3.0064
  2.9987
  3.0059
  3.0008
  3.0090
  3.0094
  3.0064
  3.0195
  3.0111
  3.0057
  2.9967
  3.0050
  3.0048
  2.9975
  3.0083
  3.0121
  3.0007
  2.9996
  3.0094
  3.0096
  2.9944
  3.0121
  3.0081
  3.0128
  3.0084
  3.0119
  3.0179
  3.0024
  3.0058
  3.0114
  3.0001
  3.0091
  3.0052
  3.0228
  2.9976
  3.0062
  3.0037
  3.0105
  3.0005
  3.0112
  3.0176
  3.0066
  3.0064
  3.0154
  3.0017
  2.9957
  3.0074
  3.0164
  2.9939
  3.0068
  3.0037
  3.0033
  3.0040
  2.9987
  2.9985
  3.0074
  3.0066
  3.0024
  3.0175
  3.0086
  3.0043
  3.0172
  3.0136
  3.0130
  2.9990
  3.0061
  3.0155
  2.9972
  3.0089
  3.0161
  3.0108
  3.0088
  3.0115
  2.9904
  3.0017
  3.0066
  2.9906
  3.0163
  3.0144
  3.0000
  3.0030
  3.0021
  3.0113
  3.0060
  3.0067
  3.0037
  3.0130
  3.0155
  3.0054
  3.0030
  3.0004
  3.0049
  3.0030
  3.0153
  2.9948
  3.0092
  3.0113
  2.9968
  3.0006
  3.0025
  3.0007
  2.9999
  3.0148
  3.0127
  2.9995
  3.0117
  2.9937
  3.0057
  3.0068
  3.0070
  3.0022
  3.0142
  3.0108
  3.0114
  2.9973
  3.0173
  3.0099
  3.0083
  3.0067
  3.0134
  3.0090
  3.0044
  3.0015
  3.0069
  3.0062
  3.0076
  3.0062
  3.0043
  3.0060
  3.0080
  3.0095
  3.0066
  3.0109
  2.9995
  3.0036
  3.0063
  3.0045
  3.0066
  3.0024
  3.0049
  3.0119
  2.9985
  2.9975
  3.0079
  2.9931
  3.0023
  3.0135
  2.9984
  2.9989
  2.9921
  3.0092
  2.9999
  3.0081
  3.0090
  3.0066
  3.0104
  3.0255
  3.0074
  2.9999
  3.0117
  2.9965
  2.9995
  3.0040
  3.0099
  3.0134
  3.0022
  3.0014
  3.0022
  3.0070
  2.9954
  3.0037
  3.0034
  3.0125
  2.9998
  3.0011
  2.9969
  3.0066
  3.0127
  3.0109
  3.0143
  3.0030
  3.0093
  3.0054
  3.0083
  2.9997
  3.0058
  3.0105
  2.9991
  3.0056
  3.0099
  3.0058
  3.0065
  2.9991
  3.0045
  3.0070
  3.0022
  3.0181
  3.0088
  3.0035
  2.9959
  2.9969
  3.0102
  3.0005
  3.0125
  3.0164
  3.0039
  3.0025
  3.0047
  2.9998
  3.0066
  3.0110
  3.0148
  3.0181
  3.0146
  3.0160
  3.0036
  3.0072
  3.0144
  3.0009
  2.9990
  3.0024
  3.0033
  2.9991
  3.0087
  3.0176
  3.0083
  3.0225
  3.0040
  2.9979
  3.0136
  3.0045
  3.0026
  3.0114
  3.0046
  3.0058
  3.0112
  3.0093
  3.0006
  3.0065
  2.9968
  3.0046
  3.0096
  3.0017
  3.0008
  3.0207
  3.0108
  3.0088
  3.0024
  3.0100
  3.0044
  3.0049
